56,G#4,0,447,70
57,A4,500,447,78
61,C#5,1000,447,85
66,F#5,1500,2802,90
59,B4,4500,447,66
61,C#5,5000,447,78
68,G#5,5500,3447,93
68,G#5,9000,447,75
69,A5,9500,895,80
68,G#5,10500,447,75
66,F#5,11000,447,70
64,E5,11500,1447,69
66,F#5,13000,447,79
61,C#5,13500,2802,69
57,A4,16500,218,68
59,B4,16750,218,79
61,C#5,17000,218,80
64,E5,17250,218,83
62,D5,17500,1447,77
62,D5,19000,218,77
61,C#5,19250,218,71
59,B4,19500,1447,70
57,A4,21000,218,72
59,B4,21250,218,80
61,C#5,21500,447,85
62,D5,22000,895,82
61,C#5,23000,218,78
59,B4,23250,218,72
57,A4,23500,1447,70
54,F#4,24999,219,70
56,G#4,25250,218,77
57,A4,25500,447,83
59,B4,26000,895,81
56,G#4,27000,218,73
54,F#4,27250,218,71
56,G#4,27500,1447,82
54,F#4,28999,219,70
52,E4,29250,218,71
54,F#4,29500,3802,82
61,C#5,34500,447,69
61,C#5,35000,218,75
61,C#5,35250,697,78
59,B4,36000,447,71
59,B4,36500,447,75
57,A4,37000,447,71
56,G#4,37500,666,75
64,E5,38250,697,91
54,F#4,39000,333,78
56,G#4,39375,1458,61
64,E5,41000,447,88
64,E5,41500,666,81
62,D5,42250,218,70
62,D5,42500,447,77
61,C#5,43000,447,72
59,B4,43500,666,73
57,A4,44250,697,71
59,B4,45000,447,78
61,C#5,45500,3802,83
61,C#5,50500,447,69
61,C#5,51000,218,75
61,C#5,51250,697,74
59,B4,52000,447,72
59,B4,52500,447,76
57,A4,53000,447,70
56,G#4,53500,666,73
64,E5,54250,697,89
64,E5,55000,1802,77
64,E5,57000,447,77
66,F#5,57500,666,82
62,D5,58250,697,68
61,C#5,59000,447,74
59,B4,59499,667,73
57,A4,60250,697,69
56,G#4,61000,447,70
54,F#4,61500,3802,74
66,F#5,66500,447,69
64,E5,67000,447,70
66,F#5,67500,666,83
64,E5,68250,1145,69
59,B4,69500,666,67
59,B4,70250,697,74
61,C#5,71000,718,79
64,E5,71750,895,81
66,F#5,72750,218,80
64,E5,73000,447,72
64,E5,74500,447,70
61,C#5,75000,447,68
64,E5,75500,666,86
61,C#5,76250,697,69
59,B4,77000,447,70
59,B4,77500,666,77
61,C#5,78250,1145,79
66,F#5,79500,1802,85
66,F#5,82500,895,69
66,F#5,83500,447,73
66,F#5,84000,1447,76
68,G#5,85500,895,84
66,F#5,86500,447,72
64,E5,87000,1802,69
68,G#5,89000,218,87
68,G#5,89250,218,76
69,A5,89500,447,80
68,G#5,90000,447,72
68,G#5,90500,447,75
66,F#5,91000,447,70
64,E5,91500,895,70
66,F#5,92500,447,83
64,E5,93000,947,73
61,C#5,94000,1802,70
56,G#4,96000,447,69
57,A4,96500,447,77
61,C#5,97000,447,85
66,F#5,97500,895,91
61,C#5,98500,895,68
59,B4,99500,447,70
61,C#5,99999,896,81
64,E5,101000,1395,84
61,C#5,102500,895,71
59,B4,103500,447,72
61,C#5,104000,895,79
64,E5,105000,447,82
64,E5,105500,447,82
62,D5,106000,218,70
62,D5,106250,697,77
61,C#5,107000,447,73
59,B4,107500,666,72
57,A4,108250,697,71
59,B4,109000,447,80
61,C#5,109499,1803,85
69,A5,111500,62,70
64,E5,111562,63,77
61,C#5,111625,62,77
57,A4,111687,62,73
69,A5,111749,63,72
64,E5,111812,63,71
61,C#5,111875,93,71
57,A4,112000,31,50
52,E4,112062,63,50
49,C#4,112125,62,50
45,A3,112187,63,50
56,G#4,112250,218,65
57,A4,112500,447,79
61,C#5,113000,447,85
66,F#5,113500,895,91
61,C#5,114500,895,65
59,B4,115500,447,70
61,C#5,115999,896,82
64,E5,117000,1395,82
61,C#5,118500,895,68
59,B4,119500,447,72
61,C#5,120000,895,78
64,E5,121000,447,82
66,F#5,121500,666,84
66,F#5,122250,697,76
66,F#5,123000,447,75
68,G#5,123500,447,79
66,F#5,124000,895,72
64,E5,125000,447,70
66,F#5,125499,2500,83
54,F#4,127999,2500,83
57,A4,127999,2500,83
61,C#5,127999,2501,83
56,G#4,127999,447,58
57,A4,128499,447,76
61,C#5,128999,447,85
66,F#5,129499,895,90
61,C#5,130499,895,69
59,B4,131499,447,70
61,C#5,131999,895,80
64,E5,132999,1395,82
61,C#5,134499,895,70
59,B4,135499,447,72
61,C#5,135999,895,79
64,E5,136999,447,82
64,E5,137499,447,80
62,D5,137999,218,71
62,D5,138249,697,77
61,C#5,138999,447,70
59,B4,139499,666,74
57,A4,140249,697,68
59,B4,140999,447,82
61,C#5,141499,1802,85
69,A5,143499,62,71
64,E5,143561,63,77
61,C#5,143624,62,77
57,A4,143686,63,70
69,A5,143749,62,74
64,E5,143811,63,68
61,C#5,143874,93,68
57,A4,143999,31,50
52,E4,144061,63,50
49,C#4,144124,62,50
45,A3,144186,63,50
56,G#4,144249,218,67
57,A4,144499,447,79
61,C#5,144999,447,85
66,F#5,145499,895,89
61,C#5,146499,895,68
59,B4,147499,447,68
61,C#5,147999,895,82
64,E5,148999,1395,83
61,C#5,150499,895,68
59,B4,151499,447,72
61,C#5,151999,895,80
64,E5,152999,447,84
66,F#5,153499,666,86
66,F#5,154249,697,74
66,F#5,154999,447,76
68,G#5,155499,447,79
66,F#5,155999,895,72
64,E5,156999,447,71
54,F#4,157499,2500,83
57,A4,159999,2500,83
61,C#5,159999,2500,83
66,F#5,159999,2500,83
56,G#4,159999,447,59
57,A4,160499,447,78
61,C#5,160999,447,84
61,C#5,161499,1802,78
57,A4,163301,1802,71
--end--
30,F#2,1500,447,73
37,C#3,2000,447,86
42,F#3,2500,447,85
44,G#3,3000,447,81
45,A3,3500,1802,79
37,C#3,5500,447,64
44,G#3,6000,447,87
49,C#4,6500,447,88
51,D#4,7000,447,81
52,E4,7500,1802,81
38,D3,9500,447,59
45,A3,10000,447,85
50,D4,10500,895,88
40,E3,11500,447,60
47,B3,12000,447,87
52,E4,12499,896,86
33,A2,13500,447,60
40,E3,14000,447,87
45,A3,14499,448,87
47,B3,15000,447,83
49,C#4,15500,1802,80
38,D3,17500,447,61
45,A3,18000,447,88
50,D4,18500,895,89
40,E3,19500,447,60
47,B3,20000,447,86
52,E4,20500,895,89
37,C#3,21500,447,59
44,G#3,22000,447,85
49,C#4,22500,895,85
42,F#3,23500,447,69
49,C#4,24000,447,85
54,F#4,24500,895,88
38,D3,25500,447,59
45,A3,26000,447,87
50,D4,26500,895,87
40,E3,27500,447,61
47,B3,28000,447,87
52,E4,28500,895,88
30,F#2,29500,447,60
37,C#3,30000,447,84
42,F#3,30500,447,86
44,G#3,31000,447,83
45,A3,31500,1802,79
42,F#3,33500,4000,87
49,C#4,37500,4000,87
44,G#3,37500,4000,71
37,C#3,41500,4000,71
45,A3,41500,2000,81
38,D3,43500,2000,81
47,B3,43500,2000,81
40,E3,45500,2000,81
33,A2,45500,500,79
40,E3,46000,447,68
45,A3,46500,447,88
47,B3,47000,500,81
49,C#4,47500,1979,79
49,C#4,49500,4000,77
42,F#3,53500,4000,77
44,G#3,53500,4000,69
37,C#3,57500,4000,69
45,A3,57500,2000,80
38,D3,59500,1999,80
40,E3,59500,2000,81
47,B3,61500,2001,81
30,F#2,61500,500,80
37,C#3,62000,447,66
42,F#3,62500,447,86
44,G#3,63000,447,82
45,A3,63499,1803,82
38,D3,65500,1000,67
26,D2,66500,1000,67
45,A3,66500,1500,93
50,D4,68000,1500,93
42,F#3,68000,1500,93
42,F#3,68000,1000,77
45,A3,69000,1000,77
50,D4,69000,1000,77
38,D3,69000,447,56
37,C#3,69500,1000,69
25,C#2,70500,1000,69
44,G#3,70500,1500,94
47,B3,72000,1500,94
52,E4,72000,1500,94
37,C#3,72000,447,56
40,E3,72500,500,91
44,G#3,73000,500,91
49,C#4,73000,500,91
37,C#3,73000,447,58
40,E3,73500,1000,81
28,E2,74500,1000,81
50,D4,74500,1500,96
52,E4,76000,1500,96
44,G#3,76000,1500,96
47,B3,76000,1500,96
40,E3,76000,447,56
52,E4,76500,500,91
44,G#3,77000,500,91
47,B3,77000,500,91
50,D4,77000,500,91
40,E3,77000,447,57
42,F#3,77500,1000,78
30,F#2,78500,1000,78
52,E4,78500,1500,96
54,F#4,80000,1500,96
45,A3,80000,1500,96
49,C#4,80000,1500,96
42,F#3,80000,447,55
54,F#4,80500,500,92
45,A3,81000,500,92
49,C#4,81000,500,92
52,E4,81000,500,92
42,F#3,81000,447,59
26,D2,81500,1000,66
38,D3,82500,1000,66
50,D4,82500,1500,93
42,F#3,84000,1500,93
45,A3,84000,1500,93
50,D4,84000,1000,76
42,F#3,85000,1000,76
45,A3,85000,1000,76
38,D3,85000,447,56
37,C#3,85500,1000,70
25,C#2,86500,1000,70
47,B3,86500,1500,95
52,E4,88000,1500,95
44,G#3,88000,1500,95
37,C#3,88000,447,57
40,E3,88500,500,93
44,G#3,89000,500,93
49,C#4,89000,500,93
37,C#3,89000,447,60
40,E3,89500,1000,81
28,E2,90500,1000,81
52,E4,90500,1500,98
44,G#3,92000,1500,98
47,B3,92000,1500,98
50,D4,92000,1500,98
40,E3,92000,447,54
52,E4,92500,500,94
44,G#3,93000,500,94
47,B3,93000,500,94
50,D4,93000,500,94
40,E3,93000,447,57
42,F#3,93500,1000,80
30,F#2,94500,1000,80
45,A3,94500,2500,95
49,C#4,97000,2500,95
52,E4,97000,2500,95
54,F#4,97000,2500,95
42,F#3,97000,447,56
42,F#3,97500,1000,74
30,F#2,98500,1000,74
54,F#4,98500,1500,94
45,A3,100000,1500,94
49,C#4,100000,1500,94
52,E4,100000,1499,94
42,F#3,100000,448,57
45,A3,100501,500,94
49,C#4,101001,500,94
52,E4,101001,500,94
54,F#4,101001,500,94
42,F#3,101001,447,57
25,C#2,101500,1000,66
37,C#3,102500,1001,66
52,E4,102500,1500,94
44,G#3,104000,1500,94
47,B3,104000,1500,94
37,C#3,104000,447,54
40,E3,104500,500,95
44,G#3,105000,500,95
49,C#4,105000,500,95
37,C#3,105000,447,57
26,D2,105500,1000,79
38,D3,106500,1000,79
42,F#3,106500,1000,95
45,A3,107500,1000,95
50,D4,107500,1000,95
40,E3,107500,1000,62
28,E2,108500,1000,62
44,G#3,108500,1000,92
47,B3,109500,1000,92
50,D4,109500,1000,92
52,E4,109500,999,92
33,A2,109500,1000,66
45,A3,110500,1001,66
44,G#3,110500,3000,85
45,A3,113500,3000,85
49,C#4,113500,3000,85
52,E4,113500,3000,85
42,F#3,113500,1000,61
30,F#2,114500,1000,61
45,A3,114500,1500,92
49,C#4,116000,1500,92
52,E4,116000,1500,92
54,F#4,116000,1499,92
42,F#3,116000,448,54
45,A3,116501,500,94
49,C#4,117001,500,94
52,E4,117001,500,94
54,F#4,117001,500,94
42,F#3,117001,447,59
37,C#3,117500,1000,66
25,C#2,118500,1001,66
47,B3,118500,1500,93
52,E4,120000,1500,93
44,G#3,120000,1500,93
37,C#3,120000,447,55
40,E3,120500,500,94
44,G#3,121000,500,94
49,C#4,121000,500,94
37,C#3,121000,447,57
38,D3,121500,1000,78
26,D2,122500,1000,78
42,F#3,122500,1000,98
45,A3,123500,1000,98
50,D4,123500,1000,98
40,E3,123500,1000,60
28,E2,124500,1000,60
44,G#3,124500,1000,95
47,B3,125500,1000,95
50,D4,125500,1000,95
52,E4,125500,999,95
30,F#2,125500,448,60
37,C#3,126001,447,86
42,F#3,126501,447,87
44,G#3,127000,448,82
45,A3,127501,1802,82
42,F#3,129501,1000,74
30,F#2,130501,1000,74
54,F#4,130501,1500,94
45,A3,132001,1500,94
49,C#4,132001,1500,94
52,E4,132001,1500,94
42,F#3,132001,447,56
45,A3,132501,500,92
49,C#4,133001,500,92
52,E4,133001,500,92
54,F#4,133001,500,92
42,F#3,133001,447,57
37,C#3,133501,1000,64
25,C#2,134501,1000,64
47,B3,134501,1500,93
52,E4,136001,1500,93
44,G#3,136001,1500,93
37,C#3,136001,447,56
40,E3,136501,500,91
44,G#3,137001,500,91
49,C#4,137001,500,91
37,C#3,137001,447,57
38,D3,137501,1000,79
26,D2,138501,1000,79
50,D4,138501,1000,95
42,F#3,139501,1000,95
45,A3,139501,1000,95
40,E3,139501,1000,62
28,E2,140501,1000,62
44,G#3,140501,1000,96
47,B3,141501,1000,96
50,D4,141501,1000,96
52,E4,141501,1000,96
45,A3,141501,1000,67
33,A2,142501,1000,67
49,C#4,142501,3000,86
52,E4,145501,3000,86
44,G#3,145501,3000,86
45,A3,145501,3000,86
42,F#3,145501,1000,63
30,F#2,146501,1000,63
54,F#4,146501,1500,94
45,A3,148001,1500,94
49,C#4,148001,1500,94
52,E4,148001,1500,94
42,F#3,148001,447,53
45,A3,148501,500,94
49,C#4,149001,500,94
52,E4,149001,500,94
54,F#4,149001,500,94
42,F#3,149001,447,57
37,C#3,149501,1000,65
25,C#2,150501,1000,65
52,E4,150501,1500,96
44,G#3,152001,1500,96
47,B3,152001,1500,96
37,C#3,152001,447,56
40,E3,152501,500,95
44,G#3,153001,500,95
49,C#4,153001,500,95
37,C#3,153001,447,57
38,D3,153501,1000,80
26,D2,154501,1000,80
42,F#3,154501,1000,95
45,A3,155501,1000,95
50,D4,155501,1000,95
40,E3,155501,1000,62
28,E2,156501,1000,62
44,G#3,156501,1000,95
47,B3,157501,1000,95
50,D4,157501,1000,95
52,E4,157501,1000,95
30,F#2,157501,447,61
37,C#3,158001,447,86
42,F#3,158501,447,85
44,G#3,159001,447,81
45,A3,159501,1802,81
42,F#3,161501,3802,71
30,F#2,165303,3802,71
37,C#3,165303,3802,71