70,A#5,4200,281,80
68,G#5,4500,568,80
70,A#5,5100,1418,80
68,G#5,6600,281,80
66,F#5,6900,137,80
65,F5,7050,137,80
63,D#5,7200,1706,80
51,D#4,9300,137,80
51,D#4,9450,137,80
63,D#5,9600,137,80
63,D#5,9750,137,80
63,D#5,9900,281,80
61,C#5,10200,137,80
61,C#5,10350,137,80
61,C#5,10500,281,80
58,A#4,10800,137,80
58,A#4,10950,137,80
58,A#4,11100,281,80
56,G#4,11400,137,80
56,G#4,11550,137,80
56,G#4,11700,281,80
56,G#4,12000,425,80
54,F#4,12450,137,80
56,G#4,12600,281,80
58,A#4,12900,281,80
51,D#4,13200,568,80
51,D#4,14100,137,80
51,D#4,14250,137,80
63,D#5,14400,137,80
63,D#5,14550,137,80
63,D#5,14700,281,80
61,C#5,14999,138,80
61,C#5,15150,137,80
61,C#5,15300,281,80
58,A#4,15600,137,80
58,A#4,15750,137,80
58,A#4,15900,281,80
56,G#4,16200,281,80
58,A#4,16500,281,80
58,A#4,16800,281,80
56,G#4,17100,1418,80
51,D#4,18900,137,80
51,D#4,19050,137,80
63,D#5,19200,137,80
63,D#5,19350,137,80
63,D#5,19500,281,80
61,C#5,19800,137,80
61,C#5,19950,137,80
61,C#5,20100,281,80
58,A#4,20400,137,80
58,A#4,20550,137,80
58,A#4,20700,281,80
56,G#4,21000,137,80
56,G#4,21150,137,80
56,G#4,21300,281,80
56,G#4,21600,425,80
54,F#4,22050,137,80
56,G#4,22200,281,80
58,A#4,22500,281,80
51,D#4,22800,568,80
51,D#4,23700,137,80
51,D#4,23850,137,80
63,D#5,24000,137,80
63,D#5,24150,137,80
63,D#5,24300,281,80
61,C#5,24600,137,80
61,C#5,24750,137,80
61,C#5,24900,281,80
58,A#4,25200,137,80
58,A#4,25350,137,80
58,A#4,25500,281,80
56,G#4,25800,281,80
58,A#4,26100,281,80
58,A#4,26400,281,80
56,G#4,26700,1137,80
58,A#4,27900,568,80
56,G#4,28500,281,80
51,D#4,28800,300,80
54,F#4,29100,300,80
58,A#4,29100,281,80
63,D#5,29400,281,80
65,F5,29700,281,80
66,F#5,29999,282,80
65,F5,30300,281,80
58,A#4,30600,281,80
58,A#4,30899,282,80
53,F4,31200,300,80
49,C#4,31500,300,80
56,G#4,31500,281,80
61,C#5,31800,281,80
63,D#5,32100,281,80
65,F5,32400,281,80
63,D#5,32700,706,80
56,G#4,33450,137,80
58,A#4,33600,150,80
61,C#5,33750,150,80
66,F#5,33750,150,80
68,G#5,33750,281,80
68,G#5,34050,281,80
68,G#5,34350,281,80
58,A#4,34650,300,80
68,G#5,34950,300,80
66,F#5,34950,281,80
68,G#5,35250,300,80
58,A#4,35550,300,80
58,A#4,35550,300,80
70,A#5,35850,300,80
59,B4,35850,450,80
63,D#5,36300,450,80
70,A#5,36300,450,80
59,B4,36300,1200,80
68,G#5,37500,1200,80
66,F#5,37500,450,80
59,B4,37950,450,80
68,G#5,37950,137,80
70,A#5,38100,281,80
54,F#4,38400,300,80
51,D#4,38700,300,80
58,A#4,38700,281,80
63,D#5,39000,281,80
65,F5,39300,281,80
66,F#5,39600,281,80
65,F5,39900,281,80
63,D#5,40200,281,80
58,A#4,40500,281,80
53,F4,40800,300,80
49,C#4,41100,300,80
56,G#4,41100,281,80
61,C#5,41400,281,80
63,D#5,41700,281,80
65,F5,42000,281,80
63,D#5,42300,706,80
56,G#4,43050,137,80
66,F#5,43200,150,80
58,A#4,43350,150,80
61,C#5,43350,150,80
68,G#5,43350,281,80
68,G#5,43650,281,80
68,G#5,43950,281,80
68,G#5,44250,300,80
58,A#4,44550,300,80
66,F#5,44550,281,80
58,A#4,44850,300,80
68,G#5,45150,300,80
58,A#4,45150,300,80
70,A#5,45450,300,80
59,B4,45450,450,80
63,D#5,45900,450,80
70,A#5,45900,450,80
59,B4,45900,900,80
68,G#5,46800,900,80
70,A#5,46800,300,80
58,A#4,47100,300,80
68,G#5,47100,300,80
56,G#4,47400,300,80
66,F#5,47400,300,80
54,F#4,47700,300,80
65,F5,47700,300,80
53,F4,48000,300,80
65,F5,48000,450,80
54,F#4,48450,450,80
54,F#4,48450,750,80
63,D#5,49200,750,80
70,A#5,49200,300,80
58,A#4,49500,300,80
68,G#5,49500,300,80
56,G#4,49800,300,80
66,F#5,49800,300,80
54,F#4,50100,300,80
56,G#4,50100,300,80
68,G#5,50400,300,80
68,G#5,50400,450,80
61,C#5,50850,450,80
61,C#5,50850,750,80
70,A#5,51600,750,80
68,G#5,51600,300,80
56,G#4,51900,300,80
66,F#5,51900,300,80
54,F#4,52200,300,80
65,F5,52200,300,80
53,F4,52500,300,80
66,F#5,52500,300,80
54,F#4,52800,300,80
68,G#5,52800,150,80
61,C#5,52950,150,80
68,G#5,52950,450,80
61,C#5,53400,450,80
56,G#4,53400,150,80
65,F5,53550,150,80
56,G#4,53550,450,80
65,F5,54000,450,80
61,C#5,54000,150,80
53,F4,54150,150,80
61,C#5,54150,450,80
53,F4,54600,450,80
58,A#4,54600,281,80
68,G#5,54900,300,80
61,C#5,55200,300,80
59,B4,55200,900,80
66,F#5,56100,900,80
66,F#5,56100,300,80
54,F#4,56400,300,80
58,A#4,56400,300,80
70,A#5,56700,300,80
68,G#5,56700,300,80
56,G#4,57000,300,80
66,F#5,57000,300,80
54,F#4,57300,300,80
65,F5,57300,300,80
53,F4,57600,300,80
65,F5,57600,450,80
54,F#4,58050,450,80
54,F#4,58050,750,80
63,D#5,58800,750,80
70,A#5,58800,300,80
58,A#4,59100,300,80
68,G#5,59100,300,80
56,G#4,59400,300,80
54,F#4,59400,300,80
66,F#5,59700,300,80
68,G#5,59700,300,80
56,G#4,60000,299,80
68,G#5,60000,450,80
61,C#5,60450,450,80
61,C#5,60450,750,80
70,A#5,61200,751,80
56,G#4,61200,300,80
68,G#5,61500,300,80
66,F#5,61500,300,80
54,F#4,61800,299,80
65,F5,61800,300,80
53,F4,62100,301,80
66,F#5,62100,300,80
54,F#4,62400,300,80
68,G#5,62400,150,80
61,C#5,62550,150,80
61,C#5,62550,450,80
68,G#5,63000,450,80
65,F5,63000,150,80
56,G#4,63150,150,80
56,G#4,63150,450,80
65,F5,63600,450,80
61,C#5,63600,150,80
53,F4,63750,150,80
53,F4,63750,450,80
61,C#5,64200,450,80
58,A#4,64200,281,80
61,C#5,64500,300,80
68,G#5,64800,300,80
66,F#5,64800,1200,80
59,B4,66000,1200,80
58,A#4,66000,450,80
70,A#5,66450,450,80
56,G#4,66450,150,80
68,G#5,66600,150,80
66,F#5,66600,300,80
54,F#4,66900,300,80
51,D#4,66900,137,80
51,D#4,67050,137,80
63,D#5,67200,150,80
54,F#4,67350,150,80
63,D#5,67350,137,80
63,D#5,67500,281,80
61,C#5,67800,150,80
54,F#4,67950,150,80
61,C#5,67950,137,80
61,C#5,68100,281,80
58,A#4,68400,150,80
51,D#4,68550,150,80
58,A#4,68550,137,80
58,A#4,68700,281,80
56,G#4,69000,150,80
51,D#4,69150,150,80
56,G#4,69150,137,80
56,G#4,69300,281,80
56,G#4,69600,450,80
53,F4,70050,450,80
54,F#4,70050,137,80
53,F4,70200,300,80
56,G#4,70500,300,80
58,A#4,70500,281,80
51,D#4,70800,568,80
51,D#4,71700,137,80
51,D#4,71850,137,80
63,D#5,72000,150,80
56,G#4,72150,150,80
63,D#5,72150,137,80
63,D#5,72300,281,80
61,C#5,72600,150,80
56,G#4,72750,150,80
61,C#5,72750,137,80
61,C#5,72900,281,80
49,C#4,73200,150,80
58,A#4,73350,150,80
58,A#4,73350,137,80
58,A#4,73500,281,80
56,G#4,73800,300,80
49,C#4,74100,300,80
58,A#4,74100,281,80
58,A#4,74400,300,80
51,D#4,74700,300,80
56,G#4,74700,1418,80
51,D#4,76500,137,80
51,D#4,76650,137,80
63,D#5,76800,150,80
58,A#4,76950,150,80
63,D#5,76950,137,80
63,D#5,77100,137,80
63,D#5,77250,137,80
65,F5,77400,150,80
58,A#4,77550,150,80
65,F5,77550,137,80
65,F5,77700,137,80
65,F5,77850,137,80
66,F#5,78000,150,80
58,A#4,78150,150,80
66,F#5,78150,137,80
66,F#5,78300,137,80
66,F#5,78450,137,80
63,D#5,78600,300,80
70,A#5,78900,300,80
70,A#5,78900,300,80
63,D#5,79200,300,80
61,C#5,79200,450,80
70,A#5,79650,450,80
68,G#5,79650,137,80
61,C#5,79800,300,80
66,F#5,80100,300,80
61,C#5,80100,300,80
68,G#5,80400,300,80
63,D#5,80400,300,80
56,G#4,80700,300,80
61,C#5,80700,600,80
56,G#4,81300,600,80
51,D#4,81300,137,80
51,D#4,81450,137,80
63,D#5,81600,150,80
56,G#4,81750,150,80
63,D#5,81750,137,80
63,D#5,81900,281,80
61,C#5,82200,150,80
56,G#4,82350,150,80
61,C#5,82350,137,80
61,C#5,82500,281,80
58,A#4,82800,150,80
49,C#4,82950,150,80
58,A#4,82950,137,80
58,A#4,83100,281,80
56,G#4,83400,300,80
49,C#4,83700,300,80
58,A#4,83700,281,80
58,A#4,84000,300,80
51,D#4,84300,300,80
56,G#4,84300,850,80
66,F#5,85200,300,80
54,F#4,85500,300,80
68,G#5,85500,150,80
56,G#4,85650,150,80
58,A#4,85650,300,80
70,A#5,85950,300,80
59,B4,85950,150,80
71,B5,86100,150,80
70,A#5,86100,300,80
58,A#4,86400,300,80
51,D#4,86400,300,80
54,F#4,86700,300,80
58,A#4,86700,281,80
63,D#5,87000,300,80
58,A#4,87300,300,80
65,F5,87300,281,80
66,F#5,87600,300,80
58,A#4,87900,300,80
65,F5,87900,281,80
58,A#4,88200,281,80
58,A#4,88500,281,80
53,F4,88800,300,80
49,C#4,89100,300,80
56,G#4,89100,281,80
61,C#5,89400,300,80
56,G#4,89700,300,80
63,D#5,89700,281,80
65,F5,90000,1050,80
56,G#4,91050,1050,80
56,G#4,91050,137,80
66,F#5,91200,150,80
58,A#4,91350,150,80
61,C#5,91350,150,80
58,A#4,91350,300,80
68,G#5,91650,300,80
58,A#4,91650,300,80
68,G#5,91950,300,80
68,G#5,91950,300,80
58,A#4,92250,300,80
58,A#4,92250,300,80
61,C#5,92550,300,80
68,G#5,92550,300,80
58,A#4,92550,300,80
66,F#5,92850,300,80
58,A#4,92850,300,80
68,G#5,93150,300,80
70,A#5,93150,300,80
58,A#4,93450,300,80
59,B4,93450,450,80
63,D#5,93900,450,80
70,A#5,93900,450,80
68,G#5,93900,150,80
59,B4,94050,150,80
63,D#5,94050,150,80
56,G#4,94050,300,80
68,G#5,94350,300,80
58,A#4,94350,300,80
70,A#5,94650,300,80
54,F#4,94650,300,80
66,F#5,94950,300,80
68,G#5,94950,300,80
56,G#4,95250,300,80
53,F4,95250,300,80
65,F5,95550,300,80
66,F#5,95550,300,80
54,F#4,95850,300,80
53,F4,95850,137,80
54,F#4,96000,300,80
51,D#4,96300,300,80
58,A#4,96300,281,80
63,D#5,96600,281,80
65,F5,96900,281,80
66,F#5,97200,281,80
65,F5,97500,281,80
63,D#5,97800,281,80
58,A#4,98100,281,80
53,F4,98400,300,80
49,C#4,98700,300,80
56,G#4,98700,281,80
61,C#5,99000,281,80
63,D#5,99300,281,80
65,F5,99600,281,80
63,D#5,99900,706,80
54,F#4,100650,137,80
66,F#5,100800,150,80
58,A#4,100950,150,80
61,C#5,100950,150,80
58,A#4,100950,300,80
68,G#5,101250,300,80
58,A#4,101250,300,80
68,G#5,101550,300,80
68,G#5,101550,300,80
58,A#4,101850,300,80
58,A#4,101850,300,80
61,C#5,102150,300,80
68,G#5,102150,300,80
58,A#4,102150,300,80
66,F#5,102450,300,80
58,A#4,102450,300,80
68,G#5,102750,300,80
70,A#5,102750,300,80
58,A#4,103050,300,80
59,B4,103050,450,80
63,D#5,103500,450,80
70,A#5,103500,450,80
59,B4,103500,900,80
68,G#5,104400,900,80
70,A#5,104400,300,80
58,A#4,104700,300,80
56,G#4,104700,300,80
68,G#5,105000,300,80
66,F#5,105000,300,80
54,F#4,105300,300,80
53,F4,105300,300,80
65,F5,105600,300,80
65,F5,105600,450,80
54,F#4,106050,450,80
58,A#4,106050,450,80
58,A#4,106050,750,80
63,D#5,106800,750,80
54,F#4,106800,750,80
70,A#5,106800,300,80
58,A#4,107100,300,80
68,G#5,107100,300,80
56,G#4,107400,300,80
54,F#4,107400,300,80
66,F#5,107700,300,80
68,G#5,107700,300,80
56,G#4,108000,300,80
68,G#5,108000,450,80
61,C#5,108450,450,80
65,F5,108450,450,80
61,C#5,108450,750,80
65,F5,109200,750,80
70,A#5,109200,750,80
56,G#4,109200,300,80
68,G#5,109500,300,80
54,F#4,109500,300,80
66,F#5,109800,300,80
65,F5,109800,300,80
53,F4,110100,300,80
66,F#5,110100,300,80
54,F#4,110400,300,80
68,G#5,110400,150,80
58,A#4,110550,150,80
61,C#5,110550,150,80
61,C#5,110550,450,80
68,G#5,111000,450,80
56,G#4,111000,150,80
65,F5,111150,150,80
56,G#4,111150,450,80
65,F5,111600,450,80
61,C#5,111600,150,80
53,F4,111750,150,80
61,C#5,111750,450,80
53,F4,112200,450,80
58,A#4,112200,281,80
68,G#5,112500,300,80
61,C#5,112800,300,80
54,F#4,112800,900,80
59,B4,113700,900,80
66,F#5,113700,900,80
66,F#5,113700,300,80
54,F#4,114000,300,80
70,A#5,114000,300,80
58,A#4,114300,300,80
68,G#5,114300,300,80
56,G#4,114600,300,80
66,F#5,114600,300,80
54,F#4,114900,299,80
65,F5,114900,300,80
53,F4,115200,301,80
54,F#4,115200,450,80
58,A#4,115650,450,80
65,F5,115650,450,80
54,F#4,115650,750,80
58,A#4,116400,750,80
63,D#5,116400,750,80
70,A#5,116400,300,80
58,A#4,116700,300,80
68,G#5,116700,300,80
56,G#4,117000,300,80
54,F#4,117000,300,80
66,F#5,117300,300,80
56,G#4,117300,300,80
68,G#5,117600,300,80
68,G#5,117600,450,80
61,C#5,118050,450,80
65,F5,118050,450,80
70,A#5,118050,750,80
61,C#5,118800,750,80
65,F5,118800,750,80
56,G#4,118800,300,80
68,G#5,119100,300,80
66,F#5,119100,300,80
54,F#4,119400,300,80
65,F5,119400,300,80
53,F4,119700,300,80
66,F#5,119700,300,80
54,F#4,120000,299,80
68,G#5,120000,150,80
58,A#4,120150,150,80
61,C#5,120150,151,80
61,C#5,120150,450,80
68,G#5,120600,450,80
56,G#4,120600,150,80
65,F5,120750,150,80
56,G#4,120750,450,80
65,F5,121200,450,80
53,F4,121200,150,80
61,C#5,121350,149,80
53,F4,121350,450,80
61,C#5,121800,450,80
58,A#4,121800,282,80
68,G#5,122101,300,80
61,C#5,122401,300,80
63,D#5,122401,300,80
66,F#5,122701,300,80
59,B4,122701,299,80
56,G#4,122701,300,80
59,B4,123001,300,80
68,G#5,123001,301,80
54,F#4,123001,600,80
66,F#5,123601,599,80
58,A#4,123601,450,80
70,A#5,124051,450,80
68,G#5,124051,150,80
56,G#4,124201,151,80
66,F#5,124201,300,80
54,F#4,124501,299,80
65,F5,124501,300,80
53,F4,124801,301,80
63,D#5,124801,450,80
54,F#4,125251,450,80
58,A#4,125251,450,80
70,A#5,125251,300,80
58,A#4,125551,300,80
63,D#5,125551,300,80
68,G#5,125551,137,80
70,A#5,125701,300,80
58,A#4,126001,300,80
63,D#5,126001,300,80
70,A#5,126001,300,80
58,A#4,126301,300,80
63,D#5,126301,300,80
58,A#4,126301,300,80
70,A#5,126601,300,80
51,D#4,126601,300,80
58,A#4,126901,300,80
58,A#4,126901,137,80
58,A#4,127051,300,80
65,F5,127351,300,80
70,A#5,127351,300,80
68,G#5,127351,137,80
58,A#4,127501,300,80
65,F5,127801,300,80
70,A#5,127801,300,80
58,A#4,127801,300,80
65,F5,128101,300,80
70,A#5,128101,300,80
70,A#5,128101,150,80
58,A#4,128251,150,80
65,F5,128251,150,80
68,G#5,128251,137,80
58,A#4,128401,300,80
65,F5,128701,300,80
70,A#5,128701,300,80
68,G#5,128701,300,80
56,G#4,129001,300,80
65,F5,129001,300,80
70,A#5,129001,150,80
58,A#4,129151,150,80
56,G#4,129151,150,80
68,G#5,129301,150,80
66,F#5,129301,150,80
54,F#4,129451,150,80
56,G#4,129451,450,80
68,G#5,129901,450,80
58,A#4,129901,137,80
61,C#5,130050,300,80
65,F5,130350,300,80
56,G#4,130350,301,80
63,D#5,130350,137,80
65,F5,130499,300,80
56,G#4,130799,301,80
65,F5,130799,300,80
56,G#4,131099,300,80
61,C#5,131099,300,80
65,F5,131099,300,80
56,G#4,131399,300,80
53,F4,131399,281,80
53,F4,131699,137,80
54,F#4,131849,300,80
59,B4,132149,300,80
65,F5,132149,300,80
63,D#5,132149,137,80
54,F#4,132299,300,80
59,B4,132599,300,80
65,F5,132599,300,80
65,F5,132599,300,80
54,F#4,132899,300,80
59,B4,132899,300,80
66,F#5,132899,300,80
54,F#4,133199,300,80
54,F#4,133199,600,80
59,B4,133799,600,80
63,D#5,133799,600,80
58,A#4,133799,150,80
70,A#5,133949,150,80
56,G#4,133949,150,80
68,G#5,134099,150,80
66,F#5,134099,150,80
54,F#4,134249,150,80
65,F5,134249,150,80
53,F4,134399,150,80
54,F#4,134399,300,80
58,A#4,134699,300,80
63,D#5,134699,137,80
70,A#5,134849,300,80
58,A#4,135149,300,80
63,D#5,135149,300,80
68,G#5,135149,150,80
56,G#4,135299,150,80
70,A#5,135299,300,80
58,A#4,135599,300,80
63,D#5,135599,300,80
70,A#5,135599,300,80
58,A#4,135899,300,80
63,D#5,135899,300,80
70,A#5,135899,300,80
58,A#4,136199,300,80
58,A#4,136199,281,80
58,A#4,136499,137,80
70,A#5,136649,300,80
58,A#4,136949,300,80
65,F5,136949,300,80
68,G#5,136949,137,80
58,A#4,137099,300,80
65,F5,137399,300,80
70,A#5,137399,300,80
58,A#4,137399,300,80
65,F5,137699,300,80
70,A#5,137699,300,80
70,A#5,137699,150,80
58,A#4,137849,150,80
65,F5,137849,150,80
68,G#5,137849,137,80
68,G#5,137999,150,80
56,G#4,138149,150,80
70,A#5,138149,150,80
58,A#4,138299,150,80
68,G#5,138299,150,80
56,G#4,138449,150,80
68,G#5,138449,300,80
56,G#4,138749,300,80
54,F#4,138749,150,80
66,F#5,138899,150,80
68,G#5,138899,150,80
56,G#4,139049,150,80
58,A#4,139049,450,80
70,A#5,139499,450,80
68,G#5,139499,137,80
65,F5,139649,300,80
61,C#5,139949,300,80
56,G#4,139949,300,80
63,D#5,139949,137,80
65,F5,140099,300,80
56,G#4,140399,300,80
65,F5,140399,300,80
56,G#4,140699,300,80
61,C#5,140699,300,80
56,G#4,140699,300,80
65,F5,140999,300,80
53,F4,140999,281,80
53,F4,141299,137,80
54,F#4,141449,300,80
59,B4,141749,300,80
65,F5,141749,300,80
63,D#5,141749,137,80
54,F#4,141899,300,80
59,B4,142199,300,80
66,F#5,142199,300,80
54,F#4,142199,300,80
59,B4,142499,300,80
66,F#5,142499,300,80
66,F#5,142499,300,80
54,F#4,142799,300,80
63,D#5,142799,1500,80
54,F#4,144299,1500,80
59,B4,144299,1500,80
58,A#4,144299,281,80
63,D#5,144599,281,80
65,F5,144899,281,80
66,F#5,145199,281,80
65,F5,145499,281,80
58,A#4,145799,281,80
58,A#4,146099,281,80
56,G#4,146699,281,80
61,C#5,146999,281,80
63,D#5,147299,281,80
65,F5,147599,281,80
63,D#5,147899,706,80
56,G#4,148649,137,80
66,F#5,148799,137,80
68,G#5,148949,281,80
68,G#5,149249,281,80
68,G#5,149549,281,80
68,G#5,149849,281,80
66,F#5,150149,281,80
68,G#5,150449,281,80
70,A#5,150749,281,80
70,A#5,151049,425,80
68,G#5,151499,1993,80
58,A#4,153899,281,80
63,D#5,154199,281,80
65,F5,154499,281,80
66,F#5,154799,281,80
65,F5,155099,281,80
63,D#5,155399,281,80
58,A#4,155699,281,80
56,G#4,156299,281,80
61,C#5,156599,281,80
63,D#5,156899,281,80
65,F5,157199,281,80
63,D#5,157499,706,80
56,G#4,158249,137,80
66,F#5,158399,137,80
68,G#5,158549,281,80
68,G#5,158849,281,80
68,G#5,159149,281,80
68,G#5,159449,281,80
66,F#5,159749,281,80
68,G#5,160049,281,80
70,A#5,160349,281,80
70,A#5,160649,425,80
68,G#5,161099,3131,80
58,A#4,164399,300,80
70,A#5,164699,300,80
68,G#5,164699,300,80
56,G#4,164999,300,80
66,F#5,164999,300,80
54,F#4,165299,300,80
65,F5,165299,300,80
53,F4,165599,300,80
54,F#4,165599,450,80
58,A#4,166049,450,80
65,F5,166049,450,80
54,F#4,166049,750,80
58,A#4,166799,750,80
63,D#5,166799,750,80
70,A#5,166799,300,80
58,A#4,167099,300,80
63,D#5,167099,300,80
56,G#4,167099,300,80
63,D#5,167399,300,80
68,G#5,167399,300,80
54,F#4,167399,300,80
63,D#5,167699,300,80
66,F#5,167699,300,80
56,G#4,167699,300,80
63,D#5,167999,300,80
68,G#5,167999,300,80
61,C#5,167999,450,80
65,F5,168449,450,80
68,G#5,168449,450,80
61,C#5,168449,750,80
65,F5,169199,750,80
68,G#5,169199,750,80
56,G#4,169199,300,80
61,C#5,169499,300,80
68,G#5,169499,300,80
54,F#4,169499,300,80
61,C#5,169799,300,80
66,F#5,169799,300,80
65,F5,169799,300,80
53,F4,170099,300,80
61,C#5,170099,300,80
66,F#5,170099,300,80
54,F#4,170399,300,80
61,C#5,170399,300,80
68,G#5,170399,150,80
58,A#4,170549,150,80
61,C#5,170549,150,80
58,A#4,170549,450,80
61,C#5,170999,450,80
68,G#5,170999,450,80
56,G#4,170999,150,80
61,C#5,171149,150,80
65,F5,171149,150,80
61,C#5,171149,450,80
65,F5,171599,450,80
56,G#4,171599,450,80
61,C#5,171599,150,80
53,F4,171749,150,80
56,G#4,171749,150,80
53,F4,171749,450,80
56,G#4,172199,450,80
61,C#5,172199,450,80
58,A#4,172199,281,80
68,G#5,172499,300,80
58,A#4,172799,300,80
61,C#5,172799,300,80
54,F#4,172799,900,80
59,B4,173699,900,80
66,F#5,173699,900,80
66,F#5,173699,300,80
54,F#4,173999,300,80
58,A#4,173999,300,80
63,D#5,173999,300,80
70,A#5,174299,300,80
58,A#4,174299,300,80
68,G#5,174299,300,80
56,G#4,174599,300,80
63,D#5,174599,300,80
66,F#5,174599,300,80
54,F#4,174899,300,80
59,B4,174899,300,80
65,F5,174899,300,80
53,F4,175199,300,80
59,B4,175199,300,80
54,F#4,175199,450,80
58,A#4,175649,450,80
65,F5,175649,450,80
63,D#5,175649,300,80
54,F#4,175949,300,80
58,A#4,175949,300,80
61,C#5,175949,137,80
58,A#4,176099,300,80
54,F#4,176399,300,80
70,A#5,176399,300,80
58,A#4,176699,300,80
63,D#5,176699,300,80
68,G#5,176699,300,80
56,G#4,176999,300,80
63,D#5,176999,300,80
54,F#4,176999,300,80
63,D#5,177299,300,80
66,F#5,177299,300,80
56,G#4,177299,300,80
63,D#5,177599,300,80
68,G#5,177599,300,80
61,C#5,177599,450,80
65,F5,178049,450,80
68,G#5,178049,450,80
68,G#5,178049,750,80
61,C#5,178799,750,80
65,F5,178799,750,80
56,G#4,178799,300,80
61,C#5,179099,300,80
68,G#5,179099,300,80
66,F#5,179099,300,80
54,F#4,179399,300,80
61,C#5,179399,300,80
65,F5,179399,300,80
53,F4,179699,300,80
61,C#5,179699,300,80
66,F#5,179699,300,80
54,F#4,179999,300,80
61,C#5,179999,300,80
68,G#5,179999,150,80
58,A#4,180149,150,80
61,C#5,180149,150,80
68,G#5,180149,450,80
58,A#4,180599,450,80
61,C#5,180599,450,80
56,G#4,180599,150,80
61,C#5,180749,150,80
65,F5,180749,150,80
56,G#4,180749,450,80
61,C#5,181199,450,80
65,F5,181199,450,80
61,C#5,181199,150,80
53,F4,181349,150,80
56,G#4,181349,150,80
53,F4,181349,450,80
56,G#4,181799,450,80
61,C#5,181799,450,80
58,A#4,181799,281,80
61,C#5,182099,300,80
68,G#5,182399,300,80
58,A#4,182399,300,80
66,F#5,182399,300,80
54,F#4,182699,300,80
59,B4,182699,300,80
51,D#4,182699,300,80
59,B4,182999,300,80
63,D#5,182999,300,80
63,D#5,182999,300,80
51,D#4,183299,300,80
59,B4,183299,300,80
66,F#5,183299,300,80
54,F#4,183599,300,80
59,B4,183599,300,80
56,G#4,183599,450,80
59,B4,184049,450,80
68,G#5,184049,450,80
66,F#5,184049,300,80
54,F#4,184349,300,80
59,B4,184349,300,80
56,G#4,184349,150,80
68,G#5,184499,150,80
70,A#5,184499,300,80
58,A#4,184799,300,80
63,D#5,184799,300,80
63,D#5,184799,450,80
54,F#4,185249,450,80
58,A#4,185249,450,80
70,A#5,185249,300,80
58,A#4,185549,300,80
63,D#5,185549,300,80
68,G#5,185549,137,80
70,A#5,185699,300,80
58,A#4,185999,300,80
63,D#5,185999,300,80
63,D#5,185999,300,80
70,A#5,186299,300,80
58,A#4,186299,300,80
70,A#5,186299,300,80
58,A#4,186599,300,80
63,D#5,186599,300,80
51,D#4,186599,300,80
58,A#4,186899,300,80
58,A#4,186899,137,80
70,A#5,187049,300,80
58,A#4,187349,300,80
65,F5,187349,300,80
68,G#5,187349,137,80
58,A#4,187499,300,80
65,F5,187799,300,80
70,A#5,187799,300,80
58,A#4,187799,300,80
65,F5,188099,300,80
70,A#5,188099,300,80
58,A#4,188099,150,80
70,A#5,188249,150,80
56,G#4,188249,300,80
61,C#5,188549,300,80
66,F#5,188549,300,80
68,G#5,188549,150,80
56,G#4,188699,150,80
58,A#4,188699,600,80
70,A#5,189299,600,80
58,A#4,189299,150,80
70,A#5,189449,150,80
54,F#4,189449,150,80
66,F#5,189599,150,80
63,D#5,189599,300,80
51,D#4,189899,300,80
56,G#4,189899,300,80
49,C#4,189899,300,80
61,C#5,190199,300,80
61,C#5,190199,150,80
65,F5,190349,150,80
56,G#4,190349,150,80
63,D#5,190349,137,80
65,F5,190499,300,80
56,G#4,190799,300,80
65,F5,190799,300,80
56,G#4,191099,300,80
61,C#5,191099,300,80
56,G#4,191099,300,80
65,F5,191399,300,80
53,F4,191399,281,80
53,F4,191699,137,80
54,F#4,191849,300,80
59,B4,192149,300,80
65,F5,192149,300,80
63,D#5,192149,137,80
65,F5,192299,300,80
54,F#4,192599,300,80
59,B4,192599,300,80
54,F#4,192599,300,80
59,B4,192899,300,80
65,F5,192899,300,80
66,F#5,192899,300,80
54,F#4,193199,300,80
59,B4,193199,300,80
63,D#5,193199,300,80
70,A#5,193499,300,80
58,A#4,193499,300,80
68,G#5,193499,300,80
56,G#4,193799,300,80
63,D#5,193799,300,80
66,F#5,193799,300,80
54,F#4,194099,300,80
59,B4,194099,300,80
59,B4,194099,300,80
65,F5,194399,300,80
53,F4,194399,300,80
66,F#5,194399,450,80
54,F#4,194849,450,80
58,A#4,194849,450,80
54,F#4,194849,750,80
58,A#4,195599,750,80
63,D#5,195599,750,80
63,D#5,195599,300,80
70,A#5,195899,300,80
58,A#4,195899,300,80
68,G#5,195899,300,80
56,G#4,196199,300,80
63,D#5,196199,300,80
54,F#4,196199,300,80
63,D#5,196499,300,80
66,F#5,196499,300,80
68,G#5,196499,300,80
56,G#4,196799,300,80
63,D#5,196799,300,80
68,G#5,196799,450,80
61,C#5,197249,450,80
65,F5,197249,450,80
61,C#5,197249,750,80
65,F5,197999,750,80
70,A#5,197999,750,80
68,G#5,197999,300,80
56,G#4,198299,300,80
61,C#5,198299,300,80
66,F#5,198299,300,80
54,F#4,198599,300,80
61,C#5,198599,300,80
65,F5,198599,300,80
53,F4,198899,300,80
61,C#5,198899,300,80
61,C#5,198899,300,80
66,F#5,199199,300,80
54,F#4,199199,300,80
68,G#5,199199,150,80
58,A#4,199349,150,80
61,C#5,199349,150,80
58,A#4,199349,450,80
61,C#5,199799,450,80
68,G#5,199799,450,80
65,F5,199799,150,80
56,G#4,199949,150,80
61,C#5,199949,150,80
56,G#4,199949,450,80
61,C#5,200399,450,80
65,F5,200399,450,80
61,C#5,200399,150,80
53,F4,200549,150,80
56,G#4,200549,150,80
61,C#5,200549,450,80
53,F4,200999,450,80
56,G#4,200999,450,80
58,A#4,200999,281,80
68,G#5,201299,300,80
58,A#4,201599,300,80
61,C#5,201599,300,80
66,F#5,201599,300,80
54,F#4,201899,300,80
59,B4,201899,300,80
51,D#4,201899,300,80
59,B4,202199,300,80
63,D#5,202199,300,80
56,G#4,202199,300,80
63,D#5,202499,300,80
68,G#5,202499,300,80
70,A#5,202499,300,80
58,A#4,202799,300,80
63,D#5,202799,300,80
63,D#5,202799,450,80
70,A#5,203249,450,80
58,A#4,203249,450,80
56,G#4,203249,150,80
59,B4,203399,150,80
68,G#5,203399,150,80
66,F#5,203399,300,80
54,F#4,203699,300,80
59,B4,203699,300,80
65,F5,203699,300,80
53,F4,203999,300,80
59,B4,203999,300,80
63,D#5,203999,1137,80
51,D#4,205136,1137,80
54,F#4,205136,1137,80
--end--
39,D#3,0,281,80
46,A#3,300,281,80
51,D#4,600,281,80
46,A#3,900,281,80
54,F#4,1200,281,80
53,F4,1500,281,80
51,D#4,1800,281,80
46,A#3,2100,281,80
37,C#3,2400,281,80
44,G#3,2700,281,80
49,C#4,3000,281,80
51,D#4,3300,281,80
53,F4,3600,1137,80
34,A#2,4800,281,80
44,G#3,5100,281,80
49,C#4,5400,281,80
44,G#3,5700,281,80
53,F4,6000,281,80
51,D#4,6300,281,80
49,C#4,6600,281,80
44,G#3,6900,281,80
35,B2,7200,281,80
42,F#3,7499,282,80
47,B3,7800,281,80
49,C#4,8100,281,80
51,D#4,8400,1137,80
39,D#3,9600,281,80
46,A#3,9900,281,80
51,D#4,10200,281,80
46,A#3,10500,281,80
54,F#4,10800,281,80
53,F4,11100,281,80
51,D#4,11400,281,80
46,A#3,11700,281,80
37,C#3,12000,281,80
44,G#3,12300,281,80
49,C#4,12600,281,80
51,D#4,12900,281,80
44,G#3,13200,1137,80
34,A#2,14400,281,80
44,G#3,14700,281,80
49,C#4,14999,282,80
44,G#3,15300,281,80
53,F4,15600,281,80
51,D#4,15900,281,80
49,C#4,16200,281,80
44,G#3,16500,281,80
35,B2,16800,281,80
42,F#3,17100,281,80
47,B3,17400,281,80
49,C#4,17700,281,80
51,D#4,18000,1137,80
39,D#3,19200,281,80
46,A#3,19500,281,80
51,D#4,19800,281,80
46,A#3,20100,281,80
54,F#4,20400,281,80
53,F4,20700,281,80
51,D#4,21000,281,80
46,A#3,21300,281,80
37,C#3,21600,281,80
44,G#3,21900,281,80
49,C#4,22200,281,80
51,D#4,22500,281,80
44,G#3,22800,1137,80
34,A#2,24000,281,80
44,G#3,24300,281,80
49,C#4,24600,281,80
44,G#3,24900,281,80
53,F4,25200,281,80
51,D#4,25500,281,80
49,C#4,25800,281,80
44,G#3,26100,281,80
35,B2,26400,281,80
42,F#3,26700,281,80
47,B3,27000,281,80
49,C#4,27300,281,80
51,D#4,27600,1137,80
27,D#2,28800,281,80
46,A#3,29100,281,80
51,D#4,29400,281,80
46,A#3,29700,281,80
54,F#4,29999,282,80
53,F4,30300,281,80
51,D#4,30600,281,80
46,A#3,30899,282,80
25,C#2,31200,281,80
44,G#3,31500,281,80
49,C#4,31800,281,80
51,D#4,32100,281,80
53,F4,32400,1137,80
22,A#1,33600,281,80
44,G#3,33900,281,80
49,C#4,34200,281,80
44,G#3,34500,281,80
53,F4,34800,281,80
51,D#4,35100,281,80
49,C#4,35400,281,80
44,G#3,35700,281,80
23,B1,36000,281,80
42,F#3,36300,281,80
47,B3,36600,281,80
49,C#4,36900,281,80
51,D#4,37200,568,80
51,D#4,37800,281,80
49,C#4,38100,281,80
27,D#2,38400,281,80
46,A#3,38700,281,80
51,D#4,39000,281,80
46,A#3,39300,281,80
54,F#4,39600,281,80
53,F4,39900,281,80
51,D#4,40200,281,80
46,A#3,40500,281,80
25,C#2,40800,281,80
44,G#3,41100,281,80
49,C#4,41400,281,80
51,D#4,41700,281,80
53,F4,42000,1137,80
22,A#1,43200,281,80
44,G#3,43500,281,80
49,C#4,43800,281,80
44,G#3,44100,281,80
53,F4,44400,281,80
51,D#4,44700,281,80
49,C#4,45000,281,80
44,G#3,45300,281,80
23,B1,45600,281,80
42,F#3,45900,281,80
47,B3,46200,281,80
49,C#4,46500,281,80
51,D#4,46800,1137,80
27,D#2,48000,450,80
39,D#3,48450,450,80
46,A#3,48450,300,80
39,D#3,48750,300,80
37,C#3,48750,137,80
39,D#3,48900,300,80
46,A#3,49200,300,80
27,D#2,49200,281,80
27,D#2,49500,281,80
37,C#3,49800,137,80
39,D#3,49950,425,80
37,C#3,50400,450,80
25,C#2,50850,450,80
44,G#3,50850,300,80
37,C#3,51150,300,80
35,B2,51150,137,80
37,C#3,51300,300,80
44,G#3,51600,300,80
25,C#2,51600,137,80
35,B2,51750,137,80
37,C#3,51900,281,80
37,C#3,52200,281,80
35,B2,52500,281,80
34,A#2,52800,450,80
22,A#1,53250,450,80
41,F3,53250,300,80
34,A#2,53550,300,80
32,G#2,53550,137,80
34,A#2,53700,300,80
41,F3,54000,300,80
22,A#1,54000,281,80
34,A#2,54300,281,80
17,F1,54600,281,80
30,F#2,54900,281,80
35,B2,55200,450,80
23,B1,55650,450,80
42,F#3,55650,300,80
35,B2,55950,300,80
34,A#2,55950,137,80
42,F#3,56100,300,80
35,B2,56400,300,80
23,B1,56400,281,80
35,B2,56700,281,80
25,C#2,57000,281,80
37,C#3,57300,281,80
39,D#3,57600,450,80
27,D#2,58050,450,80
46,A#3,58050,300,80
39,D#3,58350,300,80
37,C#3,58350,137,80
46,A#3,58500,300,80
39,D#3,58800,300,80
27,D#2,58800,281,80
27,D#2,59100,281,80
37,C#3,59400,137,80
39,D#3,59550,424,80
37,C#3,59999,450,80
25,C#2,60449,450,80
44,G#3,60449,300,80
37,C#3,60749,301,80
35,B2,60749,137,80
37,C#3,60898,300,80
44,G#3,61198,301,80
25,C#2,61198,137,80
35,B2,61347,138,80
37,C#3,61498,281,80
37,C#3,61797,282,80
35,B2,62098,281,80
34,A#2,62398,450,80
22,A#1,62848,450,80
34,A#2,62848,300,80
41,F3,63148,300,80
32,G#2,63148,137,80
34,A#2,63298,300,80
41,F3,63598,300,80
22,A#1,63598,281,80
34,A#2,63898,281,80
17,F1,64198,281,80
30,F#2,64498,281,80
35,B2,64798,450,80
23,B1,65248,449,80
42,F#3,65248,300,80
35,B2,65548,301,80
34,A#2,65548,137,80
42,F#3,65698,300,80
35,B2,65998,300,80
23,B1,65998,281,80
35,B2,66298,281,80
25,C#2,66598,281,80
37,C#3,66898,281,80
27,D#2,67198,281,80
34,A#2,67498,281,80
39,D#3,67798,137,80
41,F3,67948,137,80
42,F#3,68098,281,80
46,A#3,68398,281,80
42,F#3,68698,281,80
46,A#3,68998,281,80
39,D#3,69298,281,80
25,C#2,69598,281,80
32,G#2,69898,281,80
37,C#3,70198,137,80
39,D#3,70348,137,80
41,F3,70498,281,80
44,G#3,70798,281,80
41,F3,71098,281,80
44,G#3,71398,281,80
37,C#3,71698,281,80
22,A#1,71998,281,80
29,F2,72298,281,80
34,A#2,72598,137,80
37,C#3,72748,137,80
41,F3,72898,281,80
41,F3,73198,281,80
37,C#3,73498,281,80
41,F3,73798,281,80
34,A#2,74098,281,80
23,B1,74398,281,80
30,F#2,74698,281,80
35,B2,74998,137,80
37,C#3,75148,137,80
39,D#3,75298,281,80
42,F#3,75598,281,80
39,D#3,75898,281,80
42,F#3,76198,281,80
35,B2,76498,281,80
27,D#2,76798,281,80
34,A#2,77098,281,80
39,D#3,77398,137,80
41,F3,77548,137,80
42,F#3,77698,281,80
46,A#3,77998,281,80
42,F#3,78298,281,80
46,A#3,78598,281,80
39,D#3,78898,281,80
25,C#2,79198,281,80
32,G#2,79498,281,80
37,C#3,79798,137,80
39,D#3,79948,137,80
41,F3,80098,281,80
44,G#3,80398,281,80
41,F3,80698,281,80
44,G#3,80998,281,80
37,C#3,81298,281,80
23,B1,81598,281,80
29,F2,81898,281,80
34,A#2,82198,137,80
37,C#3,82348,137,80
41,F3,82498,281,80
41,F3,82798,281,80
37,C#3,83098,281,80
41,F3,83398,281,80
34,A#2,83698,281,80
23,B1,83998,281,80
30,F#2,84298,281,80
35,B2,84598,137,80
37,C#3,84748,137,80
39,D#3,84898,281,80
42,F#3,85198,281,80
39,D#3,85498,281,80
42,F#3,85798,281,80
35,B2,86098,281,80
27,D#2,86398,281,80
46,A#3,86698,281,80
51,D#4,86998,281,80
46,A#3,87298,281,80
54,F#4,87598,281,80
53,F4,87898,281,80
51,D#4,88198,281,80
46,A#3,88498,281,80
25,C#2,88798,281,80
44,G#3,89098,281,80
49,C#4,89398,281,80
51,D#4,89698,281,80
53,F4,89998,1137,80
22,A#1,91198,281,80
44,G#3,91498,281,80
49,C#4,91798,281,80
44,G#3,92098,281,80
53,F4,92398,281,80
51,D#4,92698,281,80
49,C#4,92998,281,80
44,G#3,93298,281,80
23,B1,93598,281,80
42,F#3,93898,281,80
47,B3,94198,281,80
49,C#4,94498,281,80
42,F#3,94798,568,80
42,F#3,95398,281,80
37,C#3,95698,281,80
27,D#2,95998,281,80
46,A#3,96298,281,80
51,D#4,96598,281,80
46,A#3,96898,281,80
54,F#4,97198,281,80
53,F4,97498,281,80
51,D#4,97798,281,80
46,A#3,98098,281,80
25,C#2,98398,281,80
44,G#3,98698,281,80
49,C#4,98998,281,80
51,D#4,99298,281,80
53,F4,99598,1137,80
22,A#1,100798,281,80
44,G#3,101098,281,80
49,C#4,101398,281,80
44,G#3,101698,281,80
53,F4,101998,281,80
51,D#4,102298,281,80
49,C#4,102598,281,80
44,G#3,102898,281,80
23,B1,103198,281,80
42,F#3,103498,281,80
47,B3,103798,281,80
49,C#4,104098,281,80
51,D#4,104398,1137,80
27,D#2,105598,450,80
39,D#3,106048,450,80
46,A#3,106048,300,80
39,D#3,106348,300,80
37,C#3,106348,137,80
39,D#3,106498,300,80
46,A#3,106798,300,80
27,D#2,106798,281,80
27,D#2,107098,281,80
37,C#3,107398,137,80
39,D#3,107548,425,80
37,C#3,107998,450,80
25,C#2,108448,450,80
44,G#3,108448,300,80
37,C#3,108748,300,80
35,B2,108748,137,80
37,C#3,108898,300,80
44,G#3,109198,300,80
25,C#2,109198,137,80
35,B2,109348,137,80
37,C#3,109498,281,80
37,C#3,109798,281,80
35,B2,110098,281,80
34,A#2,110398,450,80
22,A#1,110848,450,80
41,F3,110848,300,80
34,A#2,111148,300,80
32,G#2,111148,137,80
34,A#2,111298,300,80
41,F3,111598,300,80
22,A#1,111598,281,80
34,A#2,111898,281,80
17,F1,112198,281,80
29,F2,112498,281,80
35,B2,112798,450,80
23,B1,113248,450,80
42,F#3,113248,300,80
35,B2,113548,300,80
34,A#2,113548,137,80
42,F#3,113698,300,80
35,B2,113998,300,80
23,B1,113998,281,80
35,B2,114298,281,80
25,C#2,114598,281,80
37,C#3,114897,282,80
39,D#3,115198,450,80
27,D#2,115648,450,80
46,A#3,115648,300,80
39,D#3,115948,300,80
37,C#3,115948,137,80
46,A#3,116098,300,80
39,D#3,116398,300,80
27,D#2,116398,281,80
27,D#2,116698,281,80
37,C#3,116998,137,80
39,D#3,117148,425,80
37,C#3,117598,450,80
25,C#2,118048,450,80
44,G#3,118048,300,80
37,C#3,118348,300,80
35,B2,118348,137,80
37,C#3,118498,300,80
44,G#3,118798,300,80
25,C#2,118798,137,80
35,B2,118948,137,80
37,C#3,119098,281,80
37,C#3,119398,281,80
35,B2,119698,281,80
34,A#2,119997,450,80
22,A#1,120447,450,80
34,A#2,120447,300,80
41,F3,120747,301,80
32,G#2,120747,137,80
34,A#2,120896,300,80
41,F3,121196,301,80
22,A#1,121196,281,80
34,A#2,121496,281,80
17,F1,121795,282,80
29,F2,122096,281,80
35,B2,122396,450,80
23,B1,122846,450,80
35,B2,122846,300,80
42,F#3,123146,299,80
34,A#2,123146,138,80
35,B2,123297,300,80
42,F#3,123597,299,80
23,B1,123597,282,80
35,B2,123898,281,80
37,C#3,124198,281,80
49,C#4,124497,282,80
39,D#3,124798,450,80
27,D#2,125248,450,80
46,A#3,125248,300,80
39,D#3,125548,300,80
37,C#3,125548,137,80
46,A#3,125698,300,80
39,D#3,125998,300,80
27,D#2,125998,281,80
27,D#2,126298,281,80
37,C#3,126598,137,80
39,D#3,126748,425,80
25,C#2,127198,450,80
37,C#3,127648,450,80
37,C#3,127648,300,80
44,G#3,127948,300,80
35,B2,127948,137,80
44,G#3,128098,300,80
37,C#3,128398,300,80
25,C#2,128398,137,80
35,B2,128548,137,80
37,C#3,128698,281,80
37,C#3,128998,281,80
35,B2,129298,281,80
22,A#1,129598,450,80
34,A#2,130048,449,80
41,F3,130048,300,80
34,A#2,130348,301,80
32,G#2,130348,137,80
41,F3,130497,300,80
34,A#2,130797,301,80
22,A#1,130797,281,80
34,A#2,131097,281,80
17,F1,131397,281,80
29,F2,131697,281,80
35,B2,131997,450,80
23,B1,132447,450,80
35,B2,132447,300,80
42,F#3,132747,300,80
34,A#2,132747,137,80
42,F#3,132897,300,80
35,B2,133197,300,80
23,B1,133197,281,80
35,B2,133497,281,80
25,C#2,133797,281,80
37,C#3,134097,281,80
27,D#2,134397,450,80
39,D#3,134847,450,80
46,A#3,134847,300,80
39,D#3,135147,300,80
37,C#3,135147,137,80
46,A#3,135297,300,80
39,D#3,135597,300,80
27,D#2,135597,281,80
27,D#2,135897,281,80
37,C#3,136197,137,80
39,D#3,136347,425,80
25,C#2,136797,450,80
37,C#3,137247,450,80
37,C#3,137247,300,80
44,G#3,137547,300,80
35,B2,137547,137,80
44,G#3,137697,300,80
37,C#3,137997,300,80
25,C#2,137997,137,80
35,B2,138147,137,80
37,C#3,138297,281,80
37,C#3,138597,281,80
35,B2,138897,281,80
22,A#1,139197,450,80
34,A#2,139647,450,80
42,F#3,139647,300,80
34,A#2,139947,300,80
32,G#2,139947,137,80
42,F#3,140097,300,80
34,A#2,140397,300,80
22,A#1,140397,281,80
34,A#2,140697,281,80
17,F1,140997,281,80
29,F2,141297,281,80
23,B1,141597,450,80
35,B2,142047,450,80
35,B2,142047,300,80
42,F#3,142347,300,80
34,A#2,142347,137,80
35,B2,142497,300,80
42,F#3,142797,300,80
23,B1,142797,281,80
35,B2,143097,281,80
25,C#2,143397,281,80
37,C#3,143697,281,80
39,D#3,143997,2400,80
27,D#2,146397,2400,80
34,A#2,146397,2400,80
37,C#3,146397,2400,80
25,C#2,148797,2400,80
32,G#2,148797,2400,80
34,A#2,148797,2400,80
41,F3,151197,2400,80
46,A#3,151197,2400,80
35,B2,151197,2400,80
42,F#3,153597,2400,80
47,B3,153597,2400,80
39,D#3,153597,600,80
27,D#2,154197,600,80
34,A#2,154197,600,80
39,D#3,154197,568,80
39,D#3,154797,568,80
39,D#3,155397,568,80
32,G#2,155997,600,80
37,C#3,156597,600,80
25,C#2,156597,600,80
37,C#3,156597,568,80
37,C#3,157197,568,80
37,C#3,157797,568,80
46,A#3,158397,600,80
34,A#2,158997,600,80
41,F3,158997,600,80
46,A#3,158997,568,80
46,A#3,159597,568,80
46,A#3,160197,568,80
35,B2,160797,600,80
42,F#3,161397,600,80
47,B3,161397,600,80
47,B3,161397,568,80
47,B3,161997,568,80
47,B3,162597,568,80
47,B3,163197,568,80
23,B1,163797,600,80
35,B2,164397,600,80
35,B2,164397,300,80
23,B1,164697,300,80
35,B2,164697,300,80
23,B1,164997,300,80
35,B2,164997,300,80
23,B1,165297,300,80
23,B1,165297,300,80
35,B2,165597,300,80
39,D#3,165597,300,80
27,D#2,165897,300,80
39,D#3,165897,137,80
46,A#3,166047,300,80
39,D#3,166347,300,80
37,C#3,166347,137,80
39,D#3,166497,300,80
46,A#3,166797,300,80
27,D#2,166797,281,80
27,D#2,167097,281,80
37,C#3,167397,137,80
39,D#3,167547,137,80
42,F#3,167697,137,80
37,C#3,167847,137,80
37,C#3,167997,300,80
25,C#2,168297,300,80
37,C#3,168297,137,80
44,G#3,168447,300,80
37,C#3,168747,300,80
35,B2,168747,137,80
37,C#3,168897,300,80
44,G#3,169197,300,80
25,C#2,169197,137,80
35,B2,169347,137,80
37,C#3,169497,281,80
37,C#3,169797,281,80
35,B2,170097,281,80
34,A#2,170397,300,80
22,A#1,170697,300,80
34,A#2,170697,137,80
34,A#2,170847,300,80
41,F3,171147,300,80
32,G#2,171147,137,80
34,A#2,171297,300,80
41,F3,171597,300,80
22,A#1,171597,281,80
34,A#2,171897,281,80
17,F1,172197,281,80
29,F2,172497,281,80
35,B2,172797,300,80
23,B1,173097,300,80
35,B2,173097,137,80
42,F#3,173247,300,80
35,B2,173547,300,80
34,A#2,173547,137,80
42,F#3,173697,300,80
35,B2,173997,300,80
23,B1,173997,281,80
35,B2,174297,281,80
25,C#2,174597,281,80
37,C#3,174897,281,80
39,D#3,175197,300,80
27,D#2,175497,300,80
37,C#3,175497,137,80
46,A#3,175647,300,80
39,D#3,175947,300,80
37,C#3,175947,137,80
46,A#3,176097,300,80
39,D#3,176397,300,80
27,D#2,176397,281,80
27,D#2,176697,281,80
37,C#3,176997,137,80
39,D#3,177147,137,80
42,F#3,177297,137,80
39,D#3,177447,137,80
37,C#3,177597,300,80
25,C#2,177897,300,80
37,C#3,177897,137,80
44,G#3,178047,300,80
37,C#3,178347,300,80
35,B2,178347,137,80
37,C#3,178497,300,80
44,G#3,178797,300,80
25,C#2,178797,137,80
35,B2,178947,137,80
37,C#3,179097,281,80
37,C#3,179397,281,80
35,B2,179697,281,80
34,A#2,179997,300,80
22,A#1,180297,300,80
34,A#2,180297,137,80
34,A#2,180447,300,80
41,F3,180747,300,80
32,G#2,180747,137,80
34,A#2,180897,300,80
41,F3,181197,300,80
22,A#1,181197,281,80
34,A#2,181497,281,80
17,F1,181797,281,80
29,F2,182097,281,80
35,B2,182397,300,80
23,B1,182697,300,80
35,B2,182697,137,80
35,B2,182847,300,80
42,F#3,183147,300,80
34,A#2,183147,137,80
42,F#3,183297,300,80
35,B2,183597,300,80
23,B1,183597,281,80
35,B2,183897,281,80
25,C#2,184197,281,80
37,C#3,184497,281,80
39,D#3,184797,450,80
27,D#2,185247,450,80
46,A#3,185247,300,80
39,D#3,185547,300,80
37,C#3,185547,137,80
46,A#3,185697,300,80
39,D#3,185997,300,80
27,D#2,185997,281,80
27,D#2,186297,281,80
37,C#3,186597,137,80
39,D#3,186747,425,80
25,C#2,187197,450,80
37,C#3,187647,450,80
37,C#3,187647,300,80
44,G#3,187947,300,80
35,B2,187947,137,80
44,G#3,188097,300,80
37,C#3,188397,300,80
25,C#2,188397,137,80
35,B2,188547,137,80
37,C#3,188697,281,80
37,C#3,188997,281,80
35,B2,189297,281,80
34,A#2,189597,450,80
22,A#1,190047,450,80
34,A#2,190047,300,80
41,F3,190347,300,80
32,G#2,190347,137,80
41,F3,190497,300,80
34,A#2,190797,300,80
22,A#1,190797,281,80
34,A#2,191097,281,80
17,F1,191397,281,80
29,F2,191697,281,80
23,B1,191997,450,80
35,B2,192447,450,80
35,B2,192447,300,80
42,F#3,192747,300,80
34,A#2,192747,137,80
42,F#3,192897,300,80
35,B2,193197,300,80
23,B1,193197,281,80
35,B2,193497,281,80
25,C#2,193797,281,80
37,C#3,194097,281,80
27,D#2,194397,450,80
39,D#3,194847,450,80
46,A#3,194847,300,80
39,D#3,195147,300,80
37,C#3,195147,137,80
39,D#3,195297,300,80
46,A#3,195597,300,80
27,D#2,195597,281,80
27,D#2,195897,281,80
37,C#3,196197,137,80
39,D#3,196347,425,80
37,C#3,196797,450,80
25,C#2,197247,450,80
44,G#3,197247,300,80
37,C#3,197547,300,80
35,B2,197547,137,80
37,C#3,197697,300,80
44,G#3,197997,300,80
25,C#2,197997,137,80
35,B2,198147,137,80
37,C#3,198297,281,80
37,C#3,198597,281,80
35,B2,198897,281,80
34,A#2,199197,450,80
22,A#1,199647,450,80
41,F3,199647,300,80
34,A#2,199947,300,80
32,G#2,199947,137,80
34,A#2,200097,300,80
41,F3,200397,300,80
22,A#1,200397,281,80
34,A#2,200697,281,80
17,F1,200997,281,80
29,F2,201297,281,80
35,B2,201597,450,80
23,B1,202047,450,80
35,B2,202047,300,80
42,F#3,202347,300,80
34,A#2,202347,137,80
42,F#3,202497,300,80
35,B2,202797,300,80
23,B1,202797,281,80
35,B2,203097,281,80
25,C#2,203397,281,80
37,C#3,203697,281,80
39,D#3,203997,1137,80
27,D#2,205134,1137,80