52,E4,1764,352,126
52,E4,2116,352,126
54,F#4,2468,352,126
56,G#4,2820,635,126
59,B4,3525,635,126
59,B4,4230,352,126
56,G#4,4582,352,126
59,B4,4934,352,126
56,G#4,5286,352,126
61,C#5,5638,352,126
59,B4,5990,635,126
56,G#4,6695,988,126
56,G#4,7753,352,126
59,B4,8105,352,126
61,C#5,8457,635,126
63,D#5,9162,635,126
56,G#4,9867,352,126
59,B4,10219,635,126
61,C#5,10924,1623,126
56,G#4,13394,352,126
59,B4,13746,352,126
61,C#5,14098,635,126
68,G#5,14803,635,126
66,F#5,15508,352,126
64,E5,15860,617,126
61,C#5,16477,88,126
63,D#5,16565,1305,126
59,B4,17975,352,126
56,G#4,18327,352,126
59,B4,18679,635,126
56,G#4,19384,352,126
54,F#4,19736,1270,126
57,A4,21500,352,126
59,B4,21852,352,126
61,C#5,22204,352,126
54,F#4,22556,705,126
64,E5,23261,705,126
57,A4,23261,705,126
61,C#5,23261,352,126
59,B4,23613,705,126
54,F#4,24318,705,126
52,E4,24318,352,126
52,E4,24670,352,126
54,F#4,25022,352,126
56,G#4,25374,352,126
52,E4,25726,352,126
56,G#4,25726,352,126
59,B4,26078,352,126
59,B4,26430,705,126
56,G#4,27135,352,126
59,B4,27487,352,126
56,G#4,27839,352,126
56,G#4,28191,352,126
61,C#5,28543,352,126
59,B4,28543,635,126
56,G#4,29248,988,126
56,G#4,30306,352,126
59,B4,30658,352,126
56,G#4,31010,705,126
61,C#5,31715,705,126
63,D#5,31715,635,126
56,G#4,32420,352,126
52,E4,32772,352,126
59,B4,32772,635,126
61,C#5,33477,1764,126
56,G#4,35241,1764,126
52,E4,35241,1764,126
63,D#5,35241,705,126
57,A4,35946,705,126
49,C#4,35946,705,126
56,G#4,35946,705,126
66,F#5,36651,705,126
60,C5,36651,705,126
61,C#5,36651,352,126
56,G#4,37003,352,126
64,E5,37003,352,126
63,D#5,37003,352,126
61,C#5,37355,352,126
52,E4,37707,705,126
61,C#5,38412,705,126
63,D#5,38412,352,126
64,E5,38764,352,126
63,D#5,39116,352,126
61,C#5,39468,352,126
56,G#4,39820,352,126
64,E5,39820,352,126
63,D#5,39820,635,126
52,E4,40525,1058,126
61,C#5,41583,1058,126
61,C#5,41583,352,126
63,D#5,41935,352,126
61,C#5,42287,705,126
56,G#4,42992,705,126
64,E5,42992,705,126
64,E5,42992,635,126
61,C#5,43697,352,126
57,A4,44049,352,126
52,E4,44049,352,126
64,E5,44049,635,126
61,C#5,44754,1764,126
57,A4,46518,1764,126
66,F#5,46518,1764,126
59,B4,46518,705,126
54,F#4,47223,705,126
64,E5,47223,705,126
63,D#5,47223,705,126
59,B4,47928,705,126
66,F#5,47928,705,126
64,E5,47928,352,126
59,B4,48280,352,126
68,G#5,48280,352,126
64,E5,48280,352,126
68,G#5,48632,352,126
64,E5,48632,352,126
68,G#5,48984,352,126
64,E5,48984,1058,126
68,G#5,50042,1058,126
66,F#5,50042,352,126
64,E5,50394,352,126
59,B4,50746,352,126
54,F#4,51098,352,126
63,D#5,51098,352,126
61,C#5,51098,352,126
64,E5,51450,352,126
56,G#4,51450,352,126
63,D#5,51802,352,126
52,E4,51802,1058,126
61,C#5,52860,1058,126
56,G#4,52860,352,126
59,B4,53212,1305,126
59,B4,54622,705,126
54,F#4,55327,705,126
56,G#4,55327,352,126
68,G#5,55679,352,126
64,E5,56031,352,126
59,B4,56383,352,126
54,F#4,56735,352,126
63,D#5,56735,352,126
61,C#5,56735,352,126
64,E5,57087,352,126
56,G#4,57087,352,126
63,D#5,57439,352,126
52,E4,57439,1058,126
61,C#5,58497,1058,126
64,E5,58497,352,126
66,F#5,58849,352,126
64,E5,59201,352,126
59,B4,59553,352,126
68,G#5,59553,352,126
64,E5,59553,352,126
68,G#5,59905,352,126
64,E5,59905,352,126
68,G#5,60257,352,126
64,E5,60257,352,126
68,G#5,60609,352,126
64,E5,60609,705,126
68,G#5,61314,705,126
66,F#5,61314,352,126
64,E5,61666,352,126
59,B4,62018,352,126
54,F#4,62370,352,126
63,D#5,62370,352,126
61,C#5,62370,352,126
64,E5,62722,352,126
56,G#4,62722,352,126
63,D#5,63074,352,126
52,E4,63074,1058,126
61,C#5,64132,1058,126
56,G#4,64132,352,126
59,B4,64484,352,126
52,E4,64836,1270,126
54,F#4,66247,352,126
49,C#4,66599,352,126
45,A3,66599,352,126
56,G#4,66599,352,126
47,B3,66951,352,126
57,A4,66951,352,126
52,E4,67303,352,126
49,C#4,67303,352,126
52,E4,67303,705,126
59,B4,68008,705,126
54,F#4,68008,705,126
59,B4,68008,352,126
64,E5,68360,352,126
59,B4,68712,352,126
71,B5,68712,352,126
66,F#5,68712,352,126
61,C#5,69064,705,126
57,A4,69769,705,126
64,E5,69769,705,126
57,A4,69769,352,126
61,C#5,70121,352,126
59,B4,70121,352,126
63,D#5,70473,352,126
61,C#5,70473,352,126
56,G#4,70825,352,126
64,E5,70825,352,126
63,D#5,70825,352,126
64,E5,71177,352,126
61,C#5,71529,1058,126
56,G#4,72587,1058,126
66,F#5,72587,1058,126
64,E5,72587,352,126
63,D#5,72939,352,126
60,C5,73291,352,126
56,G#4,73643,352,126
64,E5,73643,352,126
63,D#5,73643,352,126
64,E5,73995,352,126
60,C5,74347,1058,126
56,G#4,75405,1058,126
66,F#5,75405,1058,126
64,E5,75405,352,126
66,F#5,75757,352,126
59,B4,76109,705,126
68,G#5,76814,705,126
64,E5,76814,705,126
64,E5,76814,705,126
68,G#5,77519,705,126
66,F#5,77519,352,126
64,E5,77871,635,126
61,C#5,78576,1058,126
56,G#4,79634,1058,126
52,E4,79634,1058,126
56,G#4,79634,352,126
56,G#4,79986,705,126
61,C#5,80691,352,126
56,G#4,81043,352,126
59,B4,81395,988,126
68,G#5,82453,352,126
64,E5,82805,352,126
64,E5,83157,352,126
59,B4,83509,352,126
56,G#4,83861,352,126
52,E4,84213,352,126
52,E4,84565,1058,126
49,C#4,85623,1058,126
45,A3,85623,1058,126
56,G#4,85623,352,126
56,G#4,85975,352,126
54,F#4,86327,176,126
52,E4,86503,476,126
54,F#4,87031,352,126
56,G#4,87383,705,126
47,B3,88088,705,126
59,B4,88088,352,126
63,D#5,88440,352,126
59,B4,88440,352,126
63,D#5,88792,352,126
59,B4,88792,352,126
63,D#5,89144,352,126
64,E5,89144,705,126
61,C#5,89849,705,126
61,C#5,89849,705,126
57,A4,90554,705,126
52,E4,90554,705,126
47,B3,90554,352,126
52,E4,90906,352,126
57,A4,91258,705,126
45,A3,91963,352,126
52,E4,92315,352,126
54,F#4,92667,352,126
56,G#4,93019,705,126
47,B3,93724,705,126
59,B4,93724,352,126
63,D#5,94076,352,126
59,B4,94076,352,126
63,D#5,94428,352,126
59,B4,94428,352,126
63,D#5,94780,352,126
61,C#5,94780,735,126
64,E5,95515,735,126
52,E4,95515,58,126
57,A4,95573,58,126
61,C#5,95573,1623,126
52,E4,97248,352,126
57,A4,97600,352,126
59,B4,97952,635,126
54,F#4,98686,58,126
56,G#4,98744,58,126
59,B4,98744,2541,126
64,E5,101285,2541,126
--end--
40,E3,2823,352,126
47,B3,3175,352,126
52,E4,3527,352,126
54,F#4,3879,705,126
52,E4,4584,352,126
47,B3,4936,635,126
39,D#3,5641,352,126
47,B3,5993,352,126
51,D#4,6345,635,126
44,G#3,7050,352,126
47,B3,7402,352,126
51,D#4,7754,635,126
37,C#3,8459,352,126
44,G#3,8811,352,126
56,G#4,9163,352,126
52,E4,9515,705,126
49,C#4,10220,352,126
44,G#3,10572,635,126
35,B2,11277,352,126
44,G#3,11629,352,126
47,B3,11981,352,126
52,E4,12333,352,126
56,G#4,12685,352,126
52,E4,13037,635,126
44,G#3,13742,352,126
33,A2,14094,352,126
40,E3,14446,352,126
49,C#4,14798,352,126
52,E4,15150,705,126
45,A3,15855,352,126
40,E3,16207,635,126
32,G#2,16912,352,126
39,D#3,17264,352,126
47,B3,17616,352,126
44,G#3,17968,352,126
37,C#3,18320,352,126
29,F2,18672,352,126
44,G#3,18672,352,126
47,B3,19024,352,126
41,F3,19376,352,126
30,F#2,19728,352,126
37,C#3,20080,352,126
45,A3,20432,352,126
49,C#4,20784,1058,126
52,E4,21842,1058,126
40,E3,21842,705,126
45,A3,22547,705,126
35,B2,22547,352,126
42,F#3,22899,352,126
45,A3,23251,352,126
52,E4,23251,352,126
45,A3,23603,1058,126
35,B2,24661,1058,126
51,D#4,24661,1058,126
42,F#3,24661,705,126
47,B3,25366,705,126
40,E3,25366,352,126
47,B3,25718,352,126
54,F#4,26070,352,126
52,E4,26422,352,126
47,B3,26774,352,126
44,G#3,27126,352,126
52,E4,27478,635,126
39,D#3,28183,352,126
47,B3,28535,352,126
51,D#4,28887,635,126
44,G#3,29592,352,126
47,B3,29944,352,126
51,D#4,30296,352,126
44,G#3,30648,352,126
37,C#3,31000,352,126
44,G#3,31352,352,126
49,C#4,31704,352,126
44,G#3,32056,352,126
35,B2,32408,352,126
44,G#3,32760,352,126
47,B3,33112,352,126
52,E4,33464,352,126
33,A2,33816,352,126
40,E3,34168,352,126
49,C#4,34520,352,126
45,A3,34872,352,126
27,D#2,35224,705,126
42,F#3,35929,705,126
39,D#3,35929,705,126
32,G#2,36634,705,126
25,C#2,36634,352,126
37,C#3,36986,352,126
40,E3,36986,352,126
49,C#4,37338,352,126
37,C#3,37690,1058,126
44,G#3,38748,1058,126
40,E3,38748,352,126
44,G#3,39100,352,126
23,B1,39452,352,126
35,B2,39804,352,126
40,E3,40156,352,126
44,G#3,40508,705,126
35,B2,41213,705,126
40,E3,41213,352,126
47,B3,41565,635,126
33,A2,42270,352,126
40,E3,42622,352,126
45,A3,42974,352,126
32,G#2,43326,352,126
30,F#2,43678,352,126
37,C#3,44030,352,126
45,A3,44382,352,126
40,E3,44734,352,126
23,B1,45086,352,126
35,B2,45438,352,126
42,F#3,45438,352,126
45,A3,45790,352,126
45,A3,45790,352,126
49,C#4,46142,352,126
49,C#4,46142,352,126
52,E4,46494,352,126
42,F#3,46494,705,126
35,B2,47199,705,126
47,B3,47199,705,126
45,A3,47199,705,126
35,B2,47904,705,126
51,D#4,47904,705,126
28,E2,47904,352,126
40,E3,48256,352,126
35,B2,48256,352,126
44,G#3,48608,352,126
47,B3,48960,352,126
40,E3,49312,352,126
47,B3,49664,635,126
44,G#3,50369,352,126
25,C#2,50721,352,126
37,C#3,51073,352,126
40,E3,51425,352,126
44,G#3,51777,705,126
37,C#3,52482,705,126
40,E3,52482,635,126
44,G#3,53187,352,126
28,E2,53539,352,126
35,B2,53891,352,126
42,F#3,54243,352,126
44,G#3,54595,705,126
40,E3,55300,705,126
47,B3,55300,352,126
40,E3,55652,635,126
25,C#2,56357,352,126
37,C#3,56709,352,126
40,E3,57061,352,126
44,G#3,57413,705,126
37,C#3,58118,705,126
40,E3,58118,635,126
44,G#3,58823,352,126
28,E2,59175,352,126
35,B2,59527,352,126
44,G#3,59879,352,126
47,B3,60231,352,126
40,E3,60583,352,126
47,B3,60935,635,126
44,G#3,61640,352,126
25,C#2,61992,352,126
37,C#3,62344,352,126
40,E3,62344,352,126
44,G#3,62696,352,126
49,C#4,63048,705,126
40,E3,63753,705,126
44,G#3,63753,635,126
40,E3,64458,352,126
30,F#2,64810,352,126
45,A3,65162,352,126
40,E3,65162,352,126
49,C#4,65514,352,126
45,A3,65866,352,126
30,F#2,66218,352,126
32,G#2,66570,352,126
33,A2,66922,352,126
35,B2,67274,705,126
45,A3,67979,352,126
47,B3,68331,352,126
42,F#3,68683,352,126
35,B2,69035,352,126
42,F#3,69387,352,126
49,C#4,69739,352,126
47,B3,70091,352,126
37,C#3,70443,352,126
40,E3,70795,352,126
44,G#3,71147,352,126
40,E3,71499,705,126
49,C#4,72204,705,126
44,G#3,72204,352,126
52,E4,72556,352,126
49,C#4,72908,352,126
36,C3,73260,352,126
40,E3,73612,352,126
44,G#3,73964,352,126
40,E3,74316,705,126
48,C4,75021,705,126
44,G#3,75021,352,126
48,C4,75373,705,126
52,E4,76078,705,126
35,B2,76078,352,126
40,E3,76430,352,126
42,F#3,76782,352,126
47,B3,77134,705,126
52,E4,77839,352,126
44,G#3,78191,661,126
34,A#2,78852,52,126
40,E3,78904,52,126
46,A#3,78904,52,126
49,C#4,78956,52,126
52,E4,78956,1270,126
35,B2,81717,352,126
44,G#3,82069,352,126
47,B3,82421,352,126
52,E4,82773,705,126
44,G#3,83478,352,126
47,B3,83830,352,126
40,E3,84182,352,126
35,B2,84534,952,126
42,F#3,85591,352,126
45,A3,85943,635,126
35,B2,86648,705,126
45,A3,87353,705,126
28,E2,87353,352,126
40,E3,87705,352,126
35,B2,87705,352,126
40,E3,88057,352,126
42,F#3,88409,705,126
47,B3,89114,352,126
40,E3,89466,352,126
35,B2,89818,1058,126
45,A3,90876,1058,126
42,F#3,90876,352,126
35,B2,91228,705,126
42,F#3,91933,352,126
45,A3,92285,352,126
47,B3,92637,352,126
28,E2,92989,352,126
40,E3,93341,352,126
35,B2,93341,352,126
40,E3,93693,352,126
42,F#3,94045,705,126
47,B3,94750,352,126
40,E3,95102,308,126
35,B2,95410,749,126
45,A3,96159,749,126
42,F#3,96159,352,126
45,A3,96511,352,126
47,B3,96863,317,126
28,E2,98568,2541,126
40,E3,101109,2541,126