52,E4,2479,123,126
64,E5,2725,123,126
62,D5,2971,108,126
61,C#5,3218,108,126
59,B4,3465,103,126
61,C#5,3712,206,126
52,E4,3959,242,126
74,D6,4949,118,126
73,C#6,5196,118,126
71,B5,5443,92,126
69,A5,5689,247,126
52,E4,6431,170,126
64,E5,6678,123,126
62,D5,6924,123,126
61,C#5,7170,92,126
59,B4,7416,82,126
57,A4,7663,170,126
56,G#4,7910,330,126
68,G#5,8653,92,126
69,A5,8899,98,126
71,B5,9146,67,126
73,C#6,9393,154,126
74,D6,9639,160,126
57,A4,10382,123,126
69,A5,10628,123,126
68,G#5,10874,108,126
66,F#5,11121,118,126
64,E5,11368,108,126
66,F#5,11615,144,126
61,C#5,11862,340,126
69,A5,12604,113,126
68,G#5,12851,103,126
66,F#5,13098,108,126
64,E5,13345,123,126
68,G#5,13591,247,126
62,D5,13838,991,126
66,F#5,14829,991,126
64,E5,14829,991,126
68,G#5,15820,991,126
59,B4,15820,991,126
61,C#5,15820,991,126
69,A5,16811,991,126
66,F#5,16811,495,126
71,B5,17306,495,126
74,D6,17306,495,126
68,G#5,17801,495,126
64,E5,17801,779,126
64,E5,18791,1983,126
62,D5,20774,154,126
61,C#5,21020,206,126
59,B4,21515,123,126
57,A4,21638,123,126
59,B4,21761,733,126
64,E5,22752,123,126
61,C#5,22875,123,126
64,E5,22998,2727,126
61,C#5,25725,371,126
59,B4,26096,123,126
57,A4,26219,123,126
59,B4,26342,123,126
61,C#5,26465,1482,126
62,D5,28200,247,126
54,F#4,28447,247,126
62,D5,28447,247,126
54,F#4,28694,247,126
62,D5,28694,495,126
54,F#4,29189,495,126
64,E5,29189,247,126
57,A4,29436,247,126
57,A4,29436,2231,126
66,F#5,31667,2231,126
59,B4,31667,991,126
56,G#4,32658,991,126
64,E5,32658,495,126
68,G#5,33153,495,126
64,E5,33153,247,126
69,A5,33400,247,126
71,B5,33400,196,126
61,C#5,33647,743,126
69,A5,34390,743,126
64,E5,34390,196,126
64,E5,34637,1983,126
66,F#5,36620,743,126
61,C#5,37363,743,126
69,A5,37363,196,126
59,B4,37610,743,126
67,G5,38353,743,126
62,D5,38353,196,126
62,D5,38600,1983,126
64,E5,40583,495,126
67,G5,41078,495,126
62,D5,41573,991,126
65,F5,42564,991,126
57,A4,42564,991,126
64,E5,42564,495,126
57,A4,43059,495,126
57,A4,43059,247,126
62,D5,43306,247,126
64,E5,43306,1239,126
57,A4,44545,247,126
62,D5,44792,247,126
61,C#5,44792,180,126
62,D5,45039,103,126
64,E5,45286,743,126
52,E4,46029,247,126
57,A4,46276,108,126
56,G#4,46523,180,126
57,A4,46770,392,126
59,B4,47265,247,126
52,E4,47512,273,126
62,D5,48750,247,126
61,C#5,48997,247,126
59,B4,49244,247,126
64,E5,49491,779,126
64,E5,50481,1983,126
62,D5,52464,154,126
61,C#5,52710,206,126
59,B4,53205,123,126
57,A4,53328,123,126
59,B4,53451,991,126
64,E5,54442,123,126
61,C#5,54565,123,126
64,E5,54688,2727,126
61,C#5,57415,371,126
59,B4,57786,123,126
57,A4,57909,123,126
59,B4,58032,123,126
61,C#5,58155,1482,126
62,D5,59890,247,126
54,F#4,60137,247,126
62,D5,60137,247,126
54,F#4,60384,247,126
62,D5,60384,495,126
54,F#4,60879,495,126
64,E5,60879,247,126
57,A4,61126,247,126
57,A4,61126,2231,126
66,F#5,63357,2231,126
59,B4,63357,991,126
56,G#4,64348,991,126
64,E5,64348,495,126
68,G#5,64843,495,126
64,E5,64843,247,126
69,A5,65090,247,126
71,B5,65090,196,126
61,C#5,65337,743,126
69,A5,66080,743,126
64,E5,66080,196,126
64,E5,66327,1983,126
66,F#5,68310,743,126
61,C#5,69053,743,126
69,A5,69053,196,126
59,B4,69300,743,126
67,G5,70043,743,126
62,D5,70043,196,126
62,D5,70290,1983,126
64,E5,72273,495,126
67,G5,72768,495,126
62,D5,73263,991,126
65,F5,74254,991,126
57,A4,74254,991,126
64,E5,74254,495,126
57,A4,74749,495,126
57,A4,74749,247,126
62,D5,74996,247,126
64,E5,74996,1239,126
57,A4,76235,247,126
62,D5,76482,247,126
61,C#5,76482,180,126
62,D5,76729,103,126
64,E5,76976,743,126
52,E4,77719,247,126
57,A4,77966,108,126
56,G#4,78213,180,126
57,A4,78460,392,126
59,B4,78955,247,126
52,E4,79202,991,126
64,E5,80193,991,126
69,A5,80193,247,126
61,C#5,80440,247,126
57,A4,80440,247,126
59,B4,80440,743,126
71,B5,81183,743,126
64,E5,81183,991,126
61,C#5,82174,991,126
73,C#6,82174,991,126
59,B4,82174,495,126
64,E5,82669,495,126
71,B5,82669,495,126
64,E5,82669,247,126
57,A4,82916,247,126
69,A5,82916,247,126
71,B5,82916,495,126
64,E5,83411,495,126
66,F#5,83411,247,126
64,E5,83658,1435,126
69,A5,85144,154,126
69,A5,85390,454,126
69,A5,86133,423,126
68,G#5,86628,108,126
68,G#5,86875,1239,126
66,F#5,88114,413,126
64,E5,88609,144,126
66,F#5,88856,743,126
74,D6,89599,247,126
66,F#5,89846,247,126
66,F#5,89846,495,126
73,C#6,90341,495,126
64,E5,90341,495,126
71,B5,90836,495,126
64,E5,90836,1239,126
69,A5,92075,1239,126
68,G#5,92075,743,126
59,B4,92818,743,126
69,A5,92818,160,126
69,A5,93065,2231,126
61,C#5,95296,2231,126
73,C#6,95296,123,126
74,D6,95419,123,126
71,B5,95542,123,126
73,C#6,95665,123,126
69,A5,95788,123,126
71,B5,95911,123,126
68,G#5,96034,123,126
69,A5,96157,123,126
66,F#5,96280,123,126
68,G#5,96403,123,126
64,E5,96526,123,126
66,F#5,96649,123,126
61,C#5,96772,123,126
59,B4,96895,123,126
64,E5,97018,991,126
61,C#5,98009,991,126
73,C#6,98009,991,126
59,B4,98009,495,126
64,E5,98504,495,126
71,B5,98504,495,126
69,A5,98504,247,126
57,A4,98751,247,126
71,B5,98751,495,126
64,E5,99246,495,126
66,F#5,99246,247,126
64,E5,99493,1435,126
69,A5,100979,154,126
69,A5,101225,454,126
69,A5,101968,423,126
68,G#5,102463,108,126
68,G#5,102710,1239,126
66,F#5,103949,413,126
64,E5,104444,144,126
66,F#5,104691,743,126
74,D6,105434,247,126
66,F#5,105681,247,126
66,F#5,105681,495,126
73,C#6,106176,495,126
64,E5,106176,495,126
71,B5,106671,495,126
64,E5,106671,1239,126
69,A5,107910,1239,126
68,G#5,107910,743,126
59,B4,108653,743,126
69,A5,108653,160,126
69,A5,108900,2231,126
61,C#5,111131,2231,126
73,C#6,111131,123,126
74,D6,111254,123,126
71,B5,111377,123,126
73,C#6,111500,123,126
69,A5,111623,123,126
71,B5,111746,123,126
68,G#5,111869,123,126
69,A5,111992,123,126
66,F#5,112115,123,126
68,G#5,112238,123,126
64,E5,112361,123,126
66,F#5,112484,123,126
61,C#5,112607,123,126
59,B4,112730,123,126
64,E5,112853,779,126
64,E5,113843,1983,126
62,D5,115826,154,126
61,C#5,116072,206,126
59,B4,116567,123,126
57,A4,116690,123,126
59,B4,116813,991,126
64,E5,117804,123,126
61,C#5,117927,123,126
64,E5,118050,2727,126
61,C#5,120777,371,126
59,B4,121148,123,126
57,A4,121271,123,126
59,B4,121394,123,126
61,C#5,121517,1482,126
62,D5,123252,247,126
54,F#4,123499,247,126
62,D5,123499,247,126
54,F#4,123746,247,126
54,F#4,123746,495,126
62,D5,124241,495,126
64,E5,124241,247,126
57,A4,124488,247,126
57,A4,124488,2231,126
66,F#5,126719,2231,126
59,B4,126719,991,126
56,G#4,127710,991,126
64,E5,127710,495,126
68,G#5,128205,495,126
64,E5,128205,247,126
69,A5,128452,247,126
71,B5,128452,196,126
61,C#5,128699,743,126
69,A5,129442,743,126
64,E5,129442,196,126
64,E5,129689,1983,126
66,F#5,131672,743,126
61,C#5,132415,743,126
69,A5,132415,196,126
59,B4,132662,743,126
67,G5,133405,743,126
62,D5,133405,196,126
62,D5,133652,1983,126
64,E5,135635,495,126
67,G5,136130,495,126
62,D5,136625,991,126
65,F5,137616,991,126
57,A4,137616,991,126
57,A4,137616,495,126
64,E5,138111,495,126
57,A4,138111,247,126
62,D5,138358,247,126
64,E5,138358,1239,126
57,A4,139597,247,126
62,D5,139844,247,126
61,C#5,139844,180,126
62,D5,140091,103,126
64,E5,140338,743,126
52,E4,141081,247,126
57,A4,141328,108,126
56,G#4,141575,180,126
57,A4,141822,392,126
59,B4,142317,247,126
52,E4,142564,991,126
64,E5,143555,991,126
69,A5,143555,247,126
61,C#5,143802,247,126
57,A4,143802,247,126
59,B4,143802,743,126
71,B5,144545,743,126
64,E5,144545,991,126
61,C#5,145536,991,126
73,C#6,145536,991,126
59,B4,145536,495,126
64,E5,146031,495,126
71,B5,146031,495,126
57,A4,146031,247,126
69,A5,146278,247,126
64,E5,146278,247,126
71,B5,146278,495,126
64,E5,146773,495,126
66,F#5,146773,247,126
64,E5,147020,1435,126
69,A5,148506,154,126
69,A5,148752,454,126
69,A5,149495,423,126
68,G#5,149990,108,126
68,G#5,150237,1239,126
66,F#5,151476,413,126
64,E5,151971,144,126
66,F#5,152218,743,126
74,D6,152961,247,126
66,F#5,153208,247,126
66,F#5,153208,495,126
73,C#6,153703,495,126
64,E5,153703,495,126
71,B5,154198,495,126
64,E5,154198,1239,126
69,A5,155437,1239,126
68,G#5,155437,743,126
59,B4,156180,743,126
69,A5,156180,160,126
69,A5,156427,2231,126
61,C#5,158658,2231,126
73,C#6,158658,123,126
74,D6,158781,123,126
71,B5,158904,123,126
73,C#6,159027,123,126
69,A5,159150,123,126
71,B5,159273,123,126
68,G#5,159396,123,126
69,A5,159519,123,126
66,F#5,159642,123,126
68,G#5,159765,123,126
64,E5,159888,123,126
66,F#5,160011,123,126
61,C#5,160134,123,126
59,B4,160257,123,126
64,E5,160380,991,126
61,C#5,161371,991,126
73,C#6,161371,991,126
59,B4,161371,495,126
64,E5,161866,495,126
71,B5,161866,495,126
69,A5,161866,247,126
57,A4,162113,247,126
71,B5,162113,495,126
64,E5,162608,495,126
66,F#5,162608,247,126
64,E5,162855,1435,126
69,A5,164341,154,126
69,A5,164587,454,126
69,A5,165330,423,126
68,G#5,165825,108,126
68,G#5,166072,1239,126
66,F#5,167311,413,126
64,E5,167806,144,126
66,F#5,168053,743,126
74,D6,168796,247,126
66,F#5,169043,247,126
66,F#5,169043,495,126
73,C#6,169538,495,126
64,E5,169538,495,126
71,B5,170033,495,126
64,E5,170033,1239,126
69,A5,171272,1239,126
68,G#5,171272,743,126
59,B4,172015,743,126
69,A5,172015,160,126
69,A5,172262,2107,126
61,C#5,174369,2107,126
57,A4,174369,123,126
59,B4,174492,123,126
61,C#5,174615,72,126
62,D5,174738,123,126
64,E5,174861,123,126
66,F#5,174984,123,126
68,G#5,175107,123,126
69,A5,175230,123,126
68,G#5,175353,123,126
66,F#5,175476,123,126
64,E5,175599,123,126
62,D5,175722,123,126
61,C#5,175845,123,126
59,B4,175968,123,126
61,C#5,176091,123,126
57,A4,176214,743,126
60,C5,176957,743,126
69,A5,176957,743,126
69,A5,176957,123,126
67,G5,177080,123,126
65,F5,177203,92,126
57,A4,177697,123,126
53,F4,177820,123,126
59,B4,177820,123,126
55,G4,177943,123,126
60,C5,177943,123,126
57,A4,178066,123,126
59,B4,178066,123,126
57,A4,178189,247,126
53,F4,178436,247,126
69,A5,178436,108,126
71,B5,178683,103,126
72,C6,178930,697,126
69,A5,179673,149,126
72,C6,179920,123,126
69,A5,180043,82,126
69,A5,180166,1239,126
61,C#5,181405,1239,126
69,A5,181405,154,126
64,E5,181651,247,126
73,C#6,181898,247,126
64,E5,181898,495,126
73,C#6,182393,495,126
71,B5,182393,170,126
69,A5,182640,1342,126
60,C5,184126,743,126
57,A4,184869,743,126
53,F4,184869,743,126
65,F5,184869,108,126
69,A5,185116,118,126
71,B5,185363,118,126
72,C6,185610,123,126
71,B5,185856,247,126
62,D5,186103,1735,126
65,F5,187838,1735,126
69,A5,187838,247,126
76,E6,188085,1487,126
69,A5,189572,1487,126
73,C#6,189572,247,126
64,E5,189819,247,126
64,E5,189819,459,126
73,C#6,190810,123,126
71,B5,190933,123,126
69,A5,191056,909,126
69,A5,192047,1239,126
61,C#5,193286,1239,126
71,B5,193286,154,126
73,C#6,193532,103,126
71,B5,193779,72,126
71,B5,194026,495,126
63,D#5,194521,495,126
66,F#5,194521,1384,126
64,E5,196008,1239,126
71,B5,197247,1239,126
73,C#6,197247,175,126
74,D6,197494,170,126
73,C#6,197741,196,126
67,G5,197988,371,126
73,C#6,198359,371,126
71,B5,198359,371,126
67,G5,198730,371,126
73,C#6,198730,170,126
74,D6,198977,232,126
73,C#6,199348,371,126
71,B5,199719,139,126
71,B5,199966,123,126
73,C#6,200089,123,126
71,B5,200212,206,126
57,A4,201822,5,126
64,E5,201945,991,126
55,G4,202936,991,126
59,B4,202936,991,126
67,G5,203927,991,126
64,E5,203927,991,126
67,G5,203927,991,126
71,B5,204918,991,126
62,D5,204918,991,126
69,A5,204918,991,126
72,C6,205909,991,126
64,E5,205909,991,126
69,A5,205909,991,126
65,F5,206900,991,126
72,C6,206900,991,126
64,E5,206900,743,126
68,G#5,207643,743,126
71,B5,207643,743,126
52,E4,207643,185,126
57,A4,207889,247,126
52,E4,208136,2727,126
54,F#4,210863,743,126
48,C4,211606,743,126
57,A4,211606,191,126
55,G4,211853,743,126
47,B3,212596,743,126
50,D4,212596,123,126
50,D4,212842,1983,126
52,E4,214825,495,126
55,G4,215320,247,126
53,F4,215567,1126,126
52,E4,216806,123,126
50,D4,217052,77,126
62,D5,217299,247,126
57,A4,217546,247,126
61,C#5,217546,371,126
59,B4,217917,123,126
57,A4,218040,201,126
57,A4,218783,36,126
59,B4,219030,247,126
61,C#5,219277,247,126
57,A4,219524,247,126
57,A4,219524,495,126
62,D5,220019,123,126
61,C#5,220142,123,126
59,B4,220265,991,126
59,B4,221256,123,126
57,A4,221379,123,126
54,F#4,221502,123,126
52,E4,221625,123,126
56,G#4,221748,247,126
64,E5,221995,247,126
64,E5,221995,247,126
56,G#4,222242,247,126
64,E5,222242,247,126
56,G#4,222489,247,126
64,E5,222489,247,126
56,G#4,222736,247,126
69,A5,222736,247,126
57,A4,222983,247,126
71,B5,222983,1337,126
64,E5,224717,991,126
61,C#5,225708,991,126
73,C#6,225708,991,126
59,B4,225708,495,126
64,E5,226203,495,126
71,B5,226203,495,126
69,A5,226203,247,126
57,A4,226450,247,126
71,B5,226450,495,126
64,E5,226945,495,126
66,F#5,226945,206,126
64,E5,227192,1441,126
69,A5,228679,247,126
61,C#5,228926,247,126
69,A5,228926,743,126
61,C#5,229669,743,126
69,A5,229669,495,126
61,C#5,230164,495,126
68,G#5,230164,247,126
61,C#5,230411,247,126
68,G#5,230411,247,126
61,C#5,230658,247,126
68,G#5,230658,123,126
66,F#5,230781,123,126
64,E5,230904,743,126
66,F#5,231647,423,126
64,E5,232142,144,126
66,F#5,232389,692,126
74,D6,233132,247,126
66,F#5,233379,247,126
66,F#5,233379,495,126
73,C#6,233874,495,126
64,E5,233874,495,126
71,B5,234369,495,126
69,A5,234369,247,126
64,E5,234616,247,126
69,A5,234616,991,126
64,E5,235607,991,126
68,G#5,235607,743,126
59,B4,236350,743,126
69,A5,236350,247,126
69,A5,236597,1239,126
61,C#5,237836,1239,126
64,E5,237836,247,126
76,E6,238083,247,126
69,A5,238083,247,126
71,B5,238330,170,126
73,C#6,238825,123,126
74,D6,238948,123,126
71,B5,239071,123,126
73,C#6,239194,123,126
69,A5,239317,123,126
71,B5,239440,82,126
68,G#5,239563,123,126
69,A5,239686,123,126
66,F#5,239809,123,126
68,G#5,239932,123,126
64,E5,240055,123,126
66,F#5,240178,123,126
61,C#5,240301,123,126
64,E5,240424,123,126
64,E5,240547,991,126
73,C#6,241538,991,126
64,E5,241538,495,126
71,B5,242033,495,126
69,A5,242033,247,126
64,E5,242280,247,126
64,E5,242280,495,126
71,B5,242775,495,126
66,F#5,242775,185,126
64,E5,243021,495,126
62,D5,243516,206,126
61,C#5,243763,170,126
59,B4,244010,247,126
57,A4,244257,118,126
69,A5,244504,247,126
71,B5,244751,103,126
73,C#6,244998,82,126
74,D6,245245,743,126
69,A5,245988,247,126
71,B5,246235,1239,126
66,F#5,247474,423,126
64,E5,247969,144,126
66,F#5,248216,614,126
74,D6,248959,247,126
66,F#5,249206,247,126
64,E5,249206,495,126
73,C#6,249701,495,126
64,E5,249701,495,126
71,B5,250196,495,126
69,A5,250196,247,126
61,C#5,250443,247,126
71,B5,250443,123,126
73,C#6,250566,139,126
69,A5,252177,247,126
61,C#5,252424,247,126
73,C#6,252424,123,126
71,B5,252547,98,126
71,B5,254406,123,126
73,C#6,254529,123,126
71,B5,254652,123,126
69,A5,254775,123,126
71,B5,254898,123,126
69,A5,255021,123,126
68,G#5,255144,123,126
66,F#5,255267,123,126
64,E5,255390,123,126
62,D5,255513,123,126
61,C#5,255636,123,126
62,D5,255759,123,126
61,C#5,255882,123,126
59,B4,256005,123,126
57,A4,256128,123,126
56,G#4,256251,82,126
57,A4,256374,836,126
59,B4,257612,247,126
71,B5,257859,247,126
61,C#5,257859,247,126
73,C#6,258106,247,126
71,B5,258106,1487,126
69,A5,259593,247,126
59,B4,259840,247,126
68,G#5,259840,98,126
66,F#5,260087,991,126
61,C#5,261078,247,126
66,F#5,261325,247,126
68,G#5,261572,165,126
69,A5,261819,247,126
68,G#5,262066,743,126
69,A5,262809,247,126
61,C#5,263056,247,126
68,G#5,263056,495,126
64,E5,263551,495,126
61,C#5,264046,495,126
66,F#5,264046,743,126
74,D6,264789,247,126
66,F#5,265036,247,126
73,C#6,265036,495,126
71,B5,265531,247,126
66,F#5,265778,247,126
64,E5,265778,103,126
59,B4,266769,247,126
68,G#5,267016,247,126
68,G#5,267016,991,126
64,E5,268007,991,126
69,A5,268007,247,126
61,C#5,268254,247,126
69,A5,268254,1983,126
61,C#5,270237,1983,126
64,E5,270237,1239,126
59,B4,271476,1239,126
59,B4,271476,247,126
56,G#4,271723,247,126
59,B4,271723,247,126
56,G#4,271970,247,126
56,G#4,271970,247,126
59,B4,272217,247,126
57,A4,272217,836,126
59,B4,273455,247,126
71,B5,273702,247,126
61,C#5,273702,247,126
73,C#6,273949,247,126
71,B5,273949,1487,126
69,A5,275436,247,126
59,B4,275683,247,126
68,G#5,275683,98,126
66,F#5,275930,991,126
61,C#5,276921,247,126
66,F#5,277168,247,126
68,G#5,277415,165,126
69,A5,277662,247,126
68,G#5,277909,743,126
69,A5,278652,247,126
61,C#5,278899,247,126
68,G#5,278899,495,126
64,E5,279394,495,126
61,C#5,279889,495,126
66,F#5,279889,743,126
74,D6,280632,247,126
66,F#5,280879,247,126
73,C#6,280879,495,126
71,B5,281374,247,126
66,F#5,281621,247,126
64,E5,281621,103,126
59,B4,282612,247,126
68,G#5,282859,247,126
68,G#5,282859,991,126
64,E5,283850,991,126
69,A5,283850,247,126
61,C#5,284097,247,126
69,A5,284097,1983,126
61,C#5,286080,1983,126
76,E6,286080,123,126
73,C#6,286203,123,126
69,A5,286326,123,126
73,C#6,286449,123,126
69,A5,286572,123,126
64,E5,286695,77,126
69,A5,286818,123,126
64,E5,286941,123,126
61,C#5,287064,72,126
64,E5,287187,123,126
61,C#5,287310,61,126
57,A4,287432,82,126
61,C#5,287555,123,126
57,A4,287678,123,126
52,E4,287801,123,126
49,C#4,287924,77,126
57,A4,288047,836,126
59,B4,289285,247,126
71,B5,289532,247,126
61,C#5,289532,247,126
73,C#6,289779,247,126
71,B5,289779,1487,126
69,A5,291266,247,126
59,B4,291513,247,126
68,G#5,291513,98,126
66,F#5,291760,991,126
61,C#5,292751,247,126
66,F#5,292998,247,126
68,G#5,293245,165,126
69,A5,293492,247,126
68,G#5,293739,743,126
69,A5,294482,247,126
61,C#5,294729,247,126
68,G#5,294729,495,126
64,E5,295224,495,126
61,C#5,295719,495,126
66,F#5,295719,743,126
74,D6,296462,247,126
66,F#5,296709,247,126
73,C#6,296709,495,126
71,B5,297204,247,126
66,F#5,297451,247,126
64,E5,297451,103,126
59,B4,298442,247,126
68,G#5,298689,247,126
68,G#5,298689,991,126
64,E5,299680,991,126
69,A5,299680,247,126
61,C#5,299927,247,126
69,A5,299927,1983,126
61,C#5,301910,1983,126
59,B4,301910,247,126
56,G#4,302157,247,126
64,E5,302157,247,126
59,B4,302157,247,126
56,G#4,302404,247,126
64,E5,302404,247,126
59,B4,302404,247,126
64,E5,302651,247,126
56,G#4,302651,247,126
59,B4,302651,247,126
64,E5,302898,247,126
56,G#4,302898,247,126
59,B4,302898,247,126
64,E5,303145,247,126
59,B4,303145,247,126
64,E5,303392,247,126
59,B4,303392,247,126
64,E5,303639,247,126
59,B4,303639,247,126
64,E5,303886,247,126
57,A4,303886,836,126
59,B4,305124,247,126
71,B5,305371,247,126
61,C#5,305371,247,126
73,C#6,305618,247,126
71,B5,305618,1487,126
69,A5,307105,247,126
59,B4,307352,247,126
68,G#5,307352,98,126
66,F#5,307599,991,126
61,C#5,308590,247,126
66,F#5,308837,247,126
68,G#5,309084,165,126
69,A5,309331,247,126
68,G#5,309578,743,126
69,A5,310321,247,126
61,C#5,310568,247,126
68,G#5,310568,495,126
64,E5,311063,495,126
61,C#5,311558,495,126
66,F#5,311558,743,126
74,D6,312301,247,126
66,F#5,312548,247,126
73,C#6,312548,495,126
71,B5,313043,247,126
66,F#5,313290,247,126
64,E5,313290,103,126
59,B4,314281,247,126
68,G#5,314528,247,126
59,B4,314528,991,126
68,G#5,315519,991,126
64,E5,315519,991,126
69,A5,315519,247,126
61,C#5,315766,247,126
69,A5,315766,1983,126
61,C#5,317749,1983,126
66,F#5,317749,743,126
69,A5,318492,743,126
62,D5,318492,743,126
57,A4,318492,743,126
62,D5,318492,1239,126
66,F#5,319731,1239,126
61,C#5,319731,1487,126
64,E5,321218,1487,126
69,A5,321218,1487,126
57,A4,321218,1487,126
69,A5,321218,247,126
61,C#5,321465,247,126
57,A4,321465,247,126
64,E5,321465,247,126
69,A5,321465,247,126
61,C#5,321712,247,126
57,A4,321712,247,126
64,E5,321712,247,126
69,A5,321712,247,126
61,C#5,321959,247,126
57,A4,321959,247,126
64,E5,321959,247,126
69,A5,321959,247,126
61,C#5,322206,247,126
57,A4,322206,247,126
64,E5,322206,247,126
69,A5,322206,247,126
61,C#5,322453,247,126
57,A4,322453,247,126
64,E5,322453,247,126
64,E5,322453,196,126
61,C#5,322649,196,126
57,A4,322649,196,126
69,A5,322649,196,126
--end--
33,A2,1983,247,126
45,A3,2230,108,126
45,A3,2477,77,126
45,A3,2724,98,126
45,A3,2971,92,126
45,A3,3217,98,126
45,A3,3464,98,126
45,A3,3711,118,126
33,A2,3958,247,126
45,A3,4205,92,126
45,A3,4451,87,126
45,A3,4698,87,126
45,A3,4945,87,126
45,A3,5192,87,126
45,A3,5439,56,126
45,A3,5686,61,126
28,E2,5932,247,126
40,E3,6179,108,126
40,E3,6426,92,126
40,E3,6672,82,126
40,E3,6919,92,126
40,E3,7165,92,126
40,E3,7411,108,126
40,E3,7658,113,126
28,E2,7905,247,126
40,E3,8152,108,126
40,E3,8399,103,126
40,E3,8646,92,126
40,E3,8892,82,126
40,E3,9139,103,126
40,E3,9386,92,126
40,E3,9632,72,126
30,F#2,9879,247,126
42,F#3,10126,82,126
42,F#3,10373,72,126
42,F#3,10620,72,126
42,F#3,10867,87,126
42,F#3,11114,82,126
42,F#3,11361,82,126
42,F#3,11608,92,126
30,F#2,11854,247,126
42,F#3,12101,77,126
42,F#3,12348,72,126
42,F#3,12595,72,126
42,F#3,12842,82,126
42,F#3,13089,72,126
42,F#3,13336,61,126
42,F#3,13582,113,126
26,D2,13829,247,126
38,D3,14076,103,126
38,D3,14323,108,126
38,D3,14570,134,126
28,E2,14817,247,126
40,E3,15064,103,126
40,E3,15311,123,126
40,E3,15557,108,126
30,F#2,15804,247,126
42,F#3,16051,82,126
42,F#3,16298,92,126
42,F#3,16544,82,126
28,E2,16791,247,126
40,E3,17038,108,126
40,E3,17285,92,126
40,E3,17531,196,126
33,A2,17778,247,126
40,E3,18025,247,126
45,A3,18272,118,126
47,B3,18519,495,126
40,E3,19014,444,126
45,A3,19509,247,126
33,A2,19756,247,126
40,E3,20003,247,126
45,A3,20250,123,126
47,B3,20496,1239,126
28,E2,21735,247,126
35,B2,21982,206,126
40,E3,22229,92,126
44,G#3,22475,743,126
47,B3,23218,82,126
28,E2,23713,247,126
35,B2,23960,247,126
40,E3,24207,56,126
44,G#3,24454,495,126
47,B3,24949,247,126
40,E3,25196,103,126
30,F#2,25691,247,126
37,C#3,25938,237,126
42,F#3,26929,444,126
37,C#3,27424,247,126
30,F#2,27671,247,126
42,F#3,27918,444,126
42,F#3,28413,743,126
30,F#2,29156,299,126
26,D2,29651,247,126
38,D3,29898,444,126
42,F#3,30393,495,126
45,A3,30888,495,126
38,D3,31383,113,126
38,D3,31630,697,126
38,D3,32373,123,126
38,D3,32619,495,126
47,B3,33114,227,126
37,C#3,33609,247,126
45,A3,33856,118,126
45,A3,34351,113,126
45,A3,34846,185,126
45,A3,35340,123,126
36,C3,35586,247,126
45,A3,35833,118,126
45,A3,36328,113,126
45,A3,36575,144,126
45,A3,37070,92,126
35,B2,37564,247,126
43,G3,37811,98,126
43,G3,38306,87,126
43,G3,38801,144,126
43,G3,39296,247,126
34,A#2,39543,247,126
43,G3,39790,123,126
43,G3,40284,108,126
43,G3,40779,216,126
43,G3,41273,191,126
29,F2,41520,247,126
41,F3,41767,98,126
41,F3,42262,103,126
41,F3,42757,247,126
41,F3,43251,149,126
33,A2,43498,247,126
45,A3,43745,444,126
45,A3,44240,247,126
40,E3,44487,185,126
28,E2,45477,464,126
28,E2,47459,247,126
40,E3,47706,433,126
33,A2,49440,247,126
40,E3,49687,247,126
45,A3,49934,118,126
47,B3,50181,495,126
40,E3,50676,444,126
45,A3,51171,247,126
33,A2,51418,247,126
40,E3,51665,247,126
45,A3,51912,123,126
47,B3,52158,1239,126
28,E2,53397,247,126
35,B2,53644,206,126
40,E3,53891,92,126
44,G#3,54137,743,126
47,B3,54880,82,126
28,E2,55375,247,126
35,B2,55622,247,126
40,E3,55869,56,126
44,G#3,56116,495,126
47,B3,56611,247,126
40,E3,56858,103,126
30,F#2,57353,247,126
37,C#3,57600,237,126
42,F#3,58591,444,126
37,C#3,59086,247,126
30,F#2,59333,247,126
42,F#3,59580,444,126
42,F#3,60075,743,126
30,F#2,60818,299,126
26,D2,61313,247,126
38,D3,61560,444,126
42,F#3,62055,495,126
45,A3,62550,495,126
38,D3,63045,113,126
38,D3,63292,697,126
38,D3,64035,123,126
38,D3,64281,495,126
47,B3,64776,227,126
37,C#3,65271,247,126
45,A3,65518,118,126
45,A3,66013,113,126
45,A3,66508,185,126
45,A3,67002,123,126
36,C3,67248,247,126
45,A3,67495,118,126
45,A3,67990,113,126
45,A3,68237,144,126
45,A3,68732,92,126
35,B2,69226,247,126
43,G3,69473,98,126
43,G3,69968,87,126
43,G3,70463,144,126
43,G3,70958,247,126
34,A#2,71205,247,126
43,G3,71452,123,126
43,G3,71946,108,126
43,G3,72441,216,126
43,G3,72935,191,126
29,F2,73182,247,126
41,F3,73429,98,126
41,F3,73924,103,126
41,F3,74419,247,126
41,F3,74913,149,126
33,A2,75160,247,126
45,A3,75407,444,126
45,A3,75902,247,126
40,E3,76149,185,126
28,E2,77139,464,126
28,E2,79121,247,126
40,E3,79368,103,126
40,E3,79863,108,126
40,E3,80110,289,126
33,A2,81101,247,126
40,E3,81348,991,126
45,A3,82339,185,126
28,E2,83081,247,126
35,B2,83328,991,126
40,E3,84319,196,126
28,E2,84566,247,126
40,E3,84813,165,126
30,F#2,85060,247,126
37,C#3,85307,325,126
42,F#3,85802,1239,126
25,C#2,87041,247,126
37,C#3,87288,87,126
44,G#3,87535,196,126
44,G#3,87782,495,126
37,C#3,88277,284,126
26,D2,89020,247,126
33,A2,89267,247,126
38,D3,89514,929,126
38,D3,90504,144,126
28,E2,90999,247,126
35,B2,91246,247,126
40,E3,91493,92,126
44,G#3,91739,495,126
47,B3,92234,247,126
40,E3,92481,134,126
33,A2,92976,247,126
40,E3,93223,247,126
45,A3,93470,108,126
47,B3,93717,495,126
45,A3,94212,495,126
40,E3,94707,247,126
28,E2,94954,247,126
40,E3,95201,103,126
40,E3,95448,87,126
40,E3,95695,108,126
40,E3,95942,98,126
40,E3,96189,98,126
40,E3,96436,108,126
40,E3,96683,61,126
33,A2,96929,247,126
40,E3,97176,991,126
45,A3,98167,185,126
28,E2,98909,247,126
35,B2,99156,991,126
40,E3,100147,196,126
28,E2,100394,247,126
40,E3,100641,165,126
30,F#2,100888,247,126
37,C#3,101135,325,126
42,F#3,101630,1239,126
25,C#2,102869,247,126
37,C#3,103116,87,126
44,G#3,103363,196,126
44,G#3,103610,495,126
37,C#3,104105,284,126
26,D2,104848,247,126
33,A2,105095,247,126
38,D3,105342,929,126
38,D3,106332,144,126
28,E2,106827,247,126
35,B2,107074,247,126
40,E3,107321,92,126
44,G#3,107567,495,126
47,B3,108062,247,126
40,E3,108309,134,126
33,A2,108804,247,126
40,E3,109051,247,126
45,A3,109298,108,126
47,B3,109545,495,126
45,A3,110040,495,126
40,E3,110535,247,126
28,E2,110782,247,126
40,E3,111029,103,126
40,E3,111276,87,126
40,E3,111523,108,126
40,E3,111770,98,126
40,E3,112017,98,126
40,E3,112264,108,126
40,E3,112511,61,126
33,A2,112757,247,126
40,E3,113004,247,126
45,A3,113251,118,126
47,B3,113498,495,126
40,E3,113993,444,126
45,A3,114488,247,126
33,A2,114735,247,126
40,E3,114982,247,126
45,A3,115229,123,126
47,B3,115475,1239,126
28,E2,116714,247,126
35,B2,116961,206,126
40,E3,117208,92,126
44,G#3,117454,743,126
47,B3,118197,82,126
28,E2,118692,247,126
35,B2,118939,247,126
40,E3,119186,56,126
44,G#3,119433,495,126
47,B3,119928,247,126
40,E3,120175,103,126
30,F#2,120670,247,126
37,C#3,120917,237,126
42,F#3,121908,444,126
37,C#3,122403,247,126
30,F#2,122650,247,126
42,F#3,122897,444,126
42,F#3,123392,743,126
30,F#2,124135,299,126
26,D2,124630,247,126
38,D3,124877,444,126
42,F#3,125372,495,126
45,A3,125867,495,126
38,D3,126362,113,126
38,D3,126609,697,126
38,D3,127352,123,126
38,D3,127598,495,126
47,B3,128093,227,126
37,C#3,128588,247,126
45,A3,128835,118,126
45,A3,129330,113,126
45,A3,129825,185,126
45,A3,130319,123,126
36,C3,130565,247,126
45,A3,130812,118,126
45,A3,131307,113,126
45,A3,131554,144,126
45,A3,132049,92,126
35,B2,132543,247,126
43,G3,132790,98,126
43,G3,133285,87,126
43,G3,133780,144,126
43,G3,134275,247,126
34,A#2,134522,247,126
43,G3,134769,123,126
43,G3,135263,108,126
43,G3,135758,216,126
43,G3,136252,191,126
29,F2,136499,247,126
41,F3,136746,98,126
41,F3,137241,103,126
41,F3,137736,247,126
41,F3,138230,149,126
33,A2,138477,247,126
45,A3,138724,444,126
45,A3,139219,247,126
40,E3,139466,185,126
28,E2,140456,464,126
28,E2,142438,247,126
40,E3,142685,103,126
40,E3,143180,108,126
40,E3,143427,289,126
33,A2,144418,247,126
40,E3,144665,991,126
45,A3,145656,185,126
28,E2,146398,247,126
35,B2,146645,991,126
40,E3,147636,196,126
28,E2,147883,247,126
40,E3,148130,165,126
30,F#2,148377,247,126
37,C#3,148624,325,126
42,F#3,149119,1239,126
25,C#2,150358,247,126
37,C#3,150605,87,126
44,G#3,150852,196,126
44,G#3,151099,495,126
37,C#3,151594,284,126
26,D2,152337,247,126
33,A2,152584,247,126
38,D3,152831,929,126
38,D3,153821,144,126
28,E2,154316,247,126
35,B2,154563,247,126
40,E3,154810,92,126
44,G#3,155056,495,126
47,B3,155551,247,126
40,E3,155798,134,126
33,A2,156293,247,126
40,E3,156540,247,126
45,A3,156787,108,126
47,B3,157034,495,126
45,A3,157529,495,126
40,E3,158024,247,126
28,E2,158271,247,126
40,E3,158518,103,126
40,E3,158765,87,126
40,E3,159012,108,126
40,E3,159259,98,126
40,E3,159506,98,126
40,E3,159753,108,126
40,E3,160000,61,126
33,A2,160246,247,126
40,E3,160493,991,126
45,A3,161484,185,126
28,E2,162226,247,126
35,B2,162473,991,126
40,E3,163464,196,126
28,E2,163711,247,126
40,E3,163958,165,126
30,F#2,164205,247,126
37,C#3,164452,325,126
42,F#3,164947,1239,126
25,C#2,166186,247,126
37,C#3,166433,87,126
44,G#3,166680,196,126
44,G#3,166927,495,126
37,C#3,167422,284,126
26,D2,168165,247,126
33,A2,168412,247,126
38,D3,168659,929,126
38,D3,169649,144,126
28,E2,170144,247,126
35,B2,170391,247,126
40,E3,170638,92,126
44,G#3,170884,495,126
47,B3,171379,247,126
40,E3,171626,134,126
33,A2,172121,247,126
40,E3,172368,247,126
45,A3,172615,108,126
47,B3,172862,495,126
45,A3,173357,495,126
40,E3,173852,247,126
28,E2,174099,247,126
40,E3,174346,92,126
40,E3,174592,82,126
40,E3,174839,72,126
40,E3,175086,82,126
40,E3,175333,82,126
40,E3,175580,87,126
40,E3,175827,61,126
29,F2,176073,201,126
36,C3,176320,247,126
41,F3,176567,501,126
41,F3,177310,134,126
29,F2,177557,366,126
26,D2,178052,495,126
38,D3,178547,108,126
38,D3,178794,92,126
38,D3,179040,72,126
38,D3,179287,92,126
38,D3,179533,98,126
33,A2,180028,247,126
40,E3,180275,495,126
45,A3,180770,743,126
40,E3,181513,134,126
37,C#3,182008,697,126
45,A3,182751,495,126
40,E3,183246,160,126
37,C#3,183493,330,126
29,F2,183988,247,126
36,C3,184235,247,126
41,F3,184482,139,126
41,F3,184729,495,126
45,A3,185224,196,126
48,C4,185471,72,126
26,D2,185966,247,126
38,D3,186213,495,126
45,A3,186708,495,126
38,D3,187203,247,126
45,A3,187450,123,126
28,E2,187944,175,126
35,B2,188191,495,126
40,E3,188686,495,126
35,B2,189181,247,126
40,E3,189428,113,126
40,E3,189923,247,126
28,E2,190170,247,126
40,E3,190170,247,126
28,E2,190417,247,126
28,E2,190417,247,126
40,E3,190664,247,126
40,E3,190664,247,126
28,E2,190911,247,126
40,E3,190911,247,126
28,E2,191158,247,126
40,E3,191158,247,126
28,E2,191405,247,126
28,E2,191405,247,126
40,E3,191652,247,126
28,E2,191652,247,126
40,E3,191899,247,126
33,A2,191899,247,126
45,A3,192146,103,126
45,A3,192393,98,126
45,A3,192640,113,126
45,A3,192887,108,126
45,A3,193134,92,126
45,A3,193380,98,126
45,A3,193627,134,126
33,A2,193874,247,126
45,A3,194121,134,126
45,A3,194368,103,126
45,A3,194615,108,126
45,A3,194862,98,126
45,A3,195109,103,126
45,A3,195356,92,126
45,A3,195602,123,126
32,G#2,195848,247,126
44,G#3,196095,92,126
44,G#3,196341,108,126
44,G#3,196588,103,126
44,G#3,196835,87,126
44,G#3,197082,67,126
44,G#3,197329,72,126
44,G#3,197576,123,126
31,G2,197822,247,126
43,G3,198069,103,126
43,G3,198316,92,126
43,G3,198562,108,126
43,G3,198809,98,126
43,G3,199056,87,126
43,G3,199303,103,126
43,G3,199550,67,126
30,F#2,199797,247,126
38,D3,200044,98,126
38,D3,200291,98,126
38,D3,200538,113,126
38,D3,200785,103,126
38,D3,201032,108,126
38,D3,201279,118,126
38,D3,201526,123,126
28,E2,201772,247,126
40,E3,202019,129,126
40,E3,202266,123,126
40,E3,202512,108,126
40,E3,202759,108,126
40,E3,203006,98,126
40,E3,203253,113,126
40,E3,203500,175,126
31,G2,203747,108,126
31,G2,203994,108,126
31,G2,204241,103,126
31,G2,204488,118,126
36,C3,204735,92,126
36,C3,204981,92,126
36,C3,205227,92,126
36,C3,205473,123,126
33,A2,205719,108,126
33,A2,205966,82,126
33,A2,206213,98,126
33,A2,206460,113,126
32,G#2,206707,103,126
32,G#2,206954,87,126
32,G#2,207201,87,126
32,G#2,207448,134,126
33,A2,207695,247,126
45,A3,207942,92,126
45,A3,208188,92,126
45,A3,208434,92,126
45,A3,208680,87,126
45,A3,208927,103,126
45,A3,209174,82,126
45,A3,209421,98,126
36,C3,209668,247,126
45,A3,209915,103,126
45,A3,210162,92,126
45,A3,210408,82,126
45,A3,210655,92,126
45,A3,210901,98,126
45,A3,211148,87,126
45,A3,211395,82,126
35,B2,211642,247,126
43,G3,211889,123,126
43,G3,212135,87,126
43,G3,212382,92,126
43,G3,212628,87,126
43,G3,212875,98,126
43,G3,213122,113,126
43,G3,213369,196,126
34,A#2,213616,247,126
43,G3,213863,118,126
43,G3,214110,108,126
43,G3,214357,108,126
43,G3,214604,113,126
43,G3,214851,108,126
43,G3,215098,77,126
43,G3,215345,41,126
26,D2,215592,247,126
38,D3,215839,98,126
38,D3,216086,98,126
38,D3,216333,118,126
38,D3,216580,113,126
38,D3,216827,113,126
38,D3,217074,247,126
38,D3,217321,196,126
33,A2,217568,247,126
45,A3,217815,196,126
45,A3,218062,196,126
45,A3,218309,196,126
45,A3,218556,196,126
45,A3,218803,196,126
45,A3,219050,196,126
45,A3,219297,196,126
28,E2,219544,247,126
40,E3,219791,103,126
40,E3,220038,92,126
40,E3,220284,87,126
40,E3,220531,103,126
40,E3,220778,108,126
40,E3,221025,118,126
40,E3,221272,87,126
28,E2,221519,247,126
35,B2,221766,247,126
28,E2,221766,247,126
35,B2,222013,247,126
28,E2,222013,247,126
35,B2,222260,247,126
28,E2,222260,2231,126
35,B2,224491,2231,126
33,A2,224491,247,126
21,A1,224738,247,126
40,E3,224738,495,126
45,A3,225233,495,126
40,E3,225728,309,126
28,E2,226470,247,126
35,B2,226717,247,126
40,E3,226964,87,126
44,G#3,227211,495,126
47,B3,227706,196,126
40,E3,227953,92,126
30,F#2,228447,247,126
37,C#3,228694,495,126
42,F#3,229189,495,126
37,C#3,229684,247,126
30,F#2,229931,180,126
25,C#2,230426,697,126
37,C#3,231169,495,126
32,G#2,231664,247,126
25,C#2,231911,123,126
26,D2,232405,247,126
33,A2,232652,247,126
38,D3,232899,87,126
42,F#3,233146,247,126
45,A3,233393,444,126
38,D3,233888,134,126
28,E2,234383,247,126
35,B2,234630,247,126
40,E3,234877,144,126
40,E3,235620,196,126
28,E2,235867,123,126
33,A2,236361,247,126
40,E3,236608,495,126
45,A3,237103,495,126
40,E3,237598,247,126
33,A2,237845,227,126
28,E2,238340,247,126
40,E3,238587,98,126
40,E3,238834,98,126
40,E3,239081,103,126
40,E3,239328,103,126
40,E3,239575,87,126
40,E3,239822,113,126
40,E3,240069,72,126
33,A2,240316,247,126
40,E3,240563,495,126
45,A3,241058,495,126
40,E3,241553,247,126
33,A2,241800,134,126
28,E2,242295,697,126
40,E3,243038,495,126
35,B2,243533,87,126
28,E2,243780,108,126
30,F#2,244275,247,126
37,C#3,244522,413,126
42,F#3,245017,247,126
42,F#3,245264,196,126
37,C#3,245511,247,126
30,F#2,245758,134,126
25,C#2,246253,247,126
32,G#2,246500,247,126
37,C#3,246747,61,126
44,G#3,246993,495,126
37,C#3,247488,351,126
26,D2,248231,247,126
33,A2,248478,495,126
38,D3,248973,630,126
26,D2,249716,139,126
28,E2,250211,258,126
35,B2,250706,87,126
40,E3,250953,82,126
44,G#3,251200,247,126
47,B3,251447,196,126
40,E3,251694,98,126
33,A2,252189,201,126
40,E3,252436,247,126
45,A3,252683,123,126
47,B3,252929,495,126
45,A3,253424,495,126
33,A2,253919,247,126
33,A2,254166,247,126
45,A3,254413,87,126
45,A3,254660,82,126
45,A3,254907,92,126
45,A3,255153,87,126
45,A3,255400,72,126
45,A3,255647,98,126
45,A3,255894,67,126
33,A2,256141,247,126
40,E3,256388,247,126
45,A3,256635,103,126
47,B3,256882,495,126
40,E3,257377,247,126
33,A2,257624,129,126
28,E2,258119,247,126
35,B2,258366,495,126
40,E3,258861,495,126
35,B2,259356,247,126
28,E2,259603,118,126
30,F#2,260098,247,126
37,C#3,260345,247,126
42,F#3,260592,439,126
37,C#3,261087,495,126
30,F#2,261582,129,126
25,C#2,262077,247,126
32,G#2,262324,247,126
37,C#3,262571,82,126
44,G#3,263066,495,126
37,C#3,263561,175,126
26,D2,264056,247,126
33,A2,264303,247,126
38,D3,264550,196,126
45,A3,265293,247,126
38,D3,265540,134,126
28,E2,266035,247,126
35,B2,266282,247,126
40,E3,266529,87,126
44,G#3,266776,201,126
47,B3,267023,247,126
40,E3,267270,247,126
47,B3,267517,103,126
33,A2,268012,247,126
40,E3,268259,247,126
45,A3,268506,103,126
47,B3,268753,495,126
40,E3,269248,247,126
45,A3,269495,144,126
28,E2,269990,247,126
40,E3,270237,103,126
28,E2,270484,247,126
40,E3,270731,108,126
40,E3,270978,108,126
40,E3,271225,92,126
40,E3,271471,98,126
40,E3,271718,82,126
33,A2,271965,247,126
40,E3,272212,247,126
45,A3,272459,103,126
47,B3,272706,495,126
40,E3,273201,247,126
33,A2,273448,129,126
28,E2,273943,247,126
35,B2,274190,495,126
40,E3,274685,495,126
35,B2,275180,247,126
28,E2,275427,118,126
30,F#2,275922,247,126
37,C#3,276169,247,126
42,F#3,276416,439,126
37,C#3,276911,495,126
30,F#2,277406,129,126
25,C#2,277901,247,126
32,G#2,278148,247,126
37,C#3,278395,82,126
44,G#3,278890,495,126
37,C#3,279385,175,126
26,D2,279880,247,126
33,A2,280127,247,126
38,D3,280374,196,126
45,A3,281117,247,126
38,D3,281364,134,126
28,E2,281859,247,126
35,B2,282106,247,126
40,E3,282353,87,126
44,G#3,282600,201,126
47,B3,282847,247,126
40,E3,283094,247,126
47,B3,283341,103,126
33,A2,283836,247,126
40,E3,284083,247,126
45,A3,284330,103,126
47,B3,284577,495,126
40,E3,285072,247,126
45,A3,285319,144,126
33,A2,285814,247,126
45,A3,286061,87,126
45,A3,286308,103,126
45,A3,286555,129,126
45,A3,286802,82,126
45,A3,287049,87,126
45,A3,287296,87,126
45,A3,287543,61,126
33,A2,287789,247,126
40,E3,288036,247,126
45,A3,288283,103,126
47,B3,288530,495,126
40,E3,289025,247,126
33,A2,289272,129,126
28,E2,289767,247,126
35,B2,290014,495,126
40,E3,290509,495,126
35,B2,291004,247,126
28,E2,291251,118,126
30,F#2,291746,247,126
37,C#3,291993,247,126
42,F#3,292240,439,126
37,C#3,292735,495,126
30,F#2,293230,129,126
25,C#2,293725,247,126
32,G#2,293972,247,126
37,C#3,294219,82,126
44,G#3,294714,495,126
37,C#3,295209,175,126
26,D2,295704,247,126
33,A2,295951,247,126
38,D3,296198,196,126
45,A3,296941,247,126
38,D3,297188,134,126
28,E2,297683,247,126
35,B2,297930,247,126
40,E3,298177,87,126
44,G#3,298424,201,126
47,B3,298671,247,126
40,E3,298918,247,126
47,B3,299165,103,126
33,A2,299660,247,126
40,E3,299907,247,126
45,A3,300154,103,126
47,B3,300401,495,126
40,E3,300896,247,126
45,A3,301143,144,126
28,E2,301638,247,126
40,E3,301885,98,126
40,E3,302132,113,126
40,E3,302379,113,126
40,E3,302626,118,126
40,E3,302873,123,126
40,E3,303119,129,126
40,E3,303366,92,126
33,A2,303612,247,126
40,E3,303859,247,126
45,A3,304106,103,126
47,B3,304353,495,126
40,E3,304848,247,126
33,A2,305095,129,126
28,E2,305590,247,126
35,B2,305837,495,126
40,E3,306332,495,126
35,B2,306827,247,126
28,E2,307074,118,126
30,F#2,307569,247,126
37,C#3,307816,247,126
42,F#3,308063,439,126
37,C#3,308558,495,126
30,F#2,309053,129,126
25,C#2,309548,247,126
32,G#2,309795,247,126
37,C#3,310042,82,126
44,G#3,310537,495,126
37,C#3,311032,175,126
26,D2,311527,247,126
33,A2,311774,247,126
38,D3,312021,196,126
45,A3,312764,247,126
38,D3,313011,134,126
28,E2,313506,247,126
35,B2,313753,247,126
40,E3,314000,87,126
44,G#3,314247,201,126
47,B3,314494,247,126
40,E3,314741,247,126
47,B3,314988,103,126
33,A2,315483,247,126
40,E3,315730,247,126
45,A3,315977,103,126
47,B3,316224,495,126
40,E3,316719,247,126
45,A3,316966,144,126
26,D2,317461,247,126
33,A2,317708,247,126
38,D3,317955,61,126
45,A3,318201,495,126
50,D4,318696,196,126
38,D3,318943,392,126
33,A2,319438,247,126
40,E3,319685,247,126
45,A3,319932,108,126
45,A3,320179,495,126
40,E3,320674,185,126
33,A2,320920,196,126
33,A2,321167,196,126
33,A2,321414,247,126
21,A1,321661,247,126
33,A2,321661,247,126
21,A1,321908,247,126
33,A2,321908,247,126
21,A1,322155,247,126
33,A2,322155,196,126
21,A1,322351,196,126