67,G5,0,843,126
65,F5,936,843,126
64,E5,1872,562,126
62,D5,2496,843,126
60,C5,3432,843,126
55,G4,4368,562,126
67,G5,4992,843,126
65,F5,5928,843,126
64,E5,6864,562,126
62,D5,7488,2250,126
57,A4,9988,843,126
55,G4,10924,843,126
53,F4,11860,562,126
59,B4,12484,843,126
55,G4,13420,843,126
52,E4,14356,1468,126
50,D4,15917,1437,126
50,D4,17479,2250,126
57,A4,19979,843,126
59,B4,20915,843,126
60,C5,21851,562,126
59,B4,22475,843,126
55,G4,23411,1125,126
48,C4,24661,312,126
57,A4,24973,843,126
55,G4,25909,843,126
53,F4,26845,937,126
55,G4,27782,2000,126
57,A4,29969,843,126
59,B4,30905,843,126
60,C5,31841,312,126
57,A4,32153,312,126
59,B4,32465,843,126
55,G4,33401,843,126
48,C4,34337,312,126
48,C4,34649,312,126
57,A4,34961,562,126
55,G4,35585,312,126
53,F4,35897,843,126
52,E4,36833,312,126
52,E4,37145,2562,126
53,F4,39957,843,126
50,D4,40893,843,126
53,F4,41829,312,126
50,D4,42141,312,126
52,E4,42453,843,126
48,C4,43389,843,126
43,G3,44325,562,126
53,F4,44949,843,126
52,E4,45885,843,126
53,F4,46821,312,126
55,G4,47133,312,126
55,G4,47445,2250,126
57,A4,49945,843,126
55,G4,50881,843,126
53,F4,51817,562,126
59,B4,52441,843,126
55,G4,53377,843,126
52,E4,54313,562,126
52,E4,54937,843,126
50,D4,55873,2406,126
62,D5,58372,312,126
62,D5,58684,312,126
64,E5,58996,312,126
62,D5,59308,312,126
64,E5,59620,312,126
60,C5,59932,843,126
60,C5,60868,312,126
60,C5,61180,312,126
59,B4,61492,312,126
60,C5,61804,312,126
62,D5,62116,312,126
62,D5,62428,843,126
62,D5,63364,312,126
62,D5,63676,312,126
64,E5,63988,312,126
62,D5,64300,312,126
64,E5,64612,312,126
60,C5,64924,843,126
60,C5,65860,312,126
60,C5,66172,312,126
59,B4,66484,1781,126
59,B4,68358,312,126
59,B4,68670,312,126
60,C5,68982,312,126
59,B4,69294,312,126
60,C5,69606,312,126
57,A4,69918,843,126
57,A4,70854,312,126
57,A4,71166,312,126
55,G4,71478,312,126
57,A4,71790,312,126
59,B4,72102,312,126
59,B4,72414,843,126
59,B4,73350,312,126
59,B4,73662,312,126
60,C5,73974,312,126
59,B4,74286,312,126
60,C5,74598,312,126
57,A4,74910,843,126
57,A4,75846,312,126
57,A4,76158,312,126
55,G4,76470,3187,126
67,G5,79907,843,126
65,F5,80843,843,126
64,E5,81779,562,126
62,D5,82403,843,126
60,C5,83339,843,126
55,G4,84275,562,126
67,G5,84899,843,126
65,F5,85835,843,126
64,E5,86771,562,126
62,D5,87395,2250,126
57,A4,89895,843,126
59,B4,90831,843,126
60,C5,91767,562,126
62,D5,92391,843,126
60,C5,93327,843,126
59,B4,94263,562,126
62,D5,94887,843,126
60,C5,95823,843,126
59,B4,96759,562,126
67,G5,97383,843,126
65,F5,98319,843,126
64,E5,99255,562,126
62,D5,99879,843,126
60,C5,100815,843,126
55,G4,101751,562,126
67,G5,102375,843,126
65,F5,103311,843,126
64,E5,104247,562,126
62,D5,104871,2250,126
59,B4,107121,2250,126
55,G4,107121,2250,126
--end--
53,F4,0,312,126
57,A4,312,312,126
60,C5,624,1687,126
52,E4,2498,312,126
55,G4,2810,312,126
59,B4,3122,1687,126
53,F4,4996,312,126
57,A4,5308,312,126
60,C5,5620,1687,126
55,G4,7494,312,126
59,B4,7806,312,126
62,D5,8118,1687,126
41,F3,9992,312,126
45,A3,10304,312,126
48,C4,10616,1687,126
40,E3,12490,312,126
43,G3,12802,312,126
47,B3,13114,1687,126
41,F3,14988,312,126
45,A3,15300,312,126
48,C4,15612,1687,126
43,G3,17486,312,126
47,B3,17798,312,126
50,D4,18110,1687,126
41,F3,19984,312,126
45,A3,20296,312,126
48,C4,20608,1687,126
40,E3,22482,312,126
43,G3,22794,312,126
47,B3,23106,1687,126
41,F3,24980,312,126
45,A3,25292,312,126
48,C4,25604,1687,126
43,G3,27478,312,126
47,B3,27790,312,126
50,D4,28102,312,126
52,E4,28414,312,126
53,F4,28726,312,126
52,E4,29038,312,126
50,D4,29350,562,126
41,F3,29974,312,126
45,A3,30286,312,126
48,C4,30598,1687,126
40,E3,32472,312,126
43,G3,32784,312,126
47,B3,33096,1687,126
41,F3,34970,312,126
45,A3,35282,312,126
48,C4,35594,1687,126
43,G3,37468,312,126
47,B3,37780,312,126
50,D4,38092,312,126
52,E4,38404,312,126
53,F4,38716,312,126
52,E4,39028,312,126
50,D4,39340,312,126
52,E4,39652,312,126
41,F3,39964,312,126
45,A3,40276,312,126
48,C4,40588,1687,126
40,E3,42462,312,126
43,G3,42774,312,126
47,B3,43086,1687,126
41,F3,44960,312,126
45,A3,45272,312,126
48,C4,45584,1687,126
43,G3,47458,312,126
47,B3,47770,312,126
50,D4,48082,312,126
52,E4,48394,312,126
53,F4,48706,312,126
52,E4,49018,312,126
50,D4,49330,562,126
41,F3,49954,312,126
45,A3,50266,312,126
48,C4,50578,1687,126
40,E3,52452,312,126
43,G3,52764,312,126
47,B3,53076,1687,126
41,F3,54950,312,126
45,A3,55262,312,126
48,C4,55574,1687,126
43,G3,57448,312,126
47,B3,57760,312,126
50,D4,58072,1687,126
41,F3,59946,312,126
45,A3,60258,312,126
48,C4,60570,1687,126
40,E3,62444,312,126
43,G3,62756,312,126
47,B3,63068,1687,126
41,F3,64942,312,126
45,A3,65254,312,126
48,C4,65566,1687,126
43,G3,67440,312,126
47,B3,67752,312,126
50,D4,68064,1687,126
45,A3,69938,312,126
48,C4,70250,312,126
52,E4,70562,1687,126
40,E3,72436,312,126
43,G3,72748,312,126
47,B3,73060,1687,126
41,F3,74934,312,126
45,A3,75246,312,126
48,C4,75558,1687,126
43,G3,77432,312,126
47,B3,77744,312,126
50,D4,78056,312,126
52,E4,78368,312,126
53,F4,78680,312,126
52,E4,78992,312,126
50,D4,79304,562,126
41,F3,79928,312,126
45,A3,80240,312,126
47,B3,80552,312,126
48,C4,80864,312,126
47,B3,81176,1125,126
40,E3,82426,312,126
43,G3,82738,312,126
47,B3,83050,312,126
50,D4,83362,312,126
48,C4,83674,1125,126
41,F3,84924,312,126
45,A3,85236,312,126
47,B3,85548,312,126
53,F4,85860,312,126
52,E4,86172,1125,126
43,G3,87422,312,126
47,B3,87734,312,126
43,G3,88046,312,126
47,B3,88358,312,126
50,D4,88670,1125,126
41,F3,89920,312,126
45,A3,90232,312,126
48,C4,90544,1687,126
40,E3,92418,312,126
43,G3,92730,312,126
47,B3,93042,1687,126
41,F3,94916,312,126
45,A3,95228,312,126
48,C4,95540,1687,126
53,F4,97414,312,126
57,A4,97726,312,126
60,C5,98038,1687,126
52,E4,99912,312,126
55,G4,100224,312,126
59,B4,100536,1687,126
53,F4,102410,312,126
57,A4,102722,312,126
60,C5,103034,1687,126