45,A3,11959,118,102
45,A3,12162,202,102
45,A3,12364,131,102
45,A3,12567,123,102
45,A3,12770,101,103
45,A3,12972,406,102
42,F#3,13378,794,102
45,A3,15405,127,102
45,A3,15608,122,102
45,A3,15810,119,103
45,A3,16013,101,103
45,A3,16216,291,102
42,F#3,16621,194,103
42,F#3,17027,1207,101
45,A3,18445,102,101
45,A3,18648,118,103
45,A3,18851,105,101
45,A3,19054,114,101
45,A3,19256,97,101
45,A3,19459,405,101
42,F#3,19864,900,102
45,A3,21689,126,102
45,A3,21891,123,102
45,A3,22094,110,102
45,A3,22297,126,102
45,A3,22499,89,102
45,A3,22702,308,102
35,B2,23108,223,102
35,B2,23496,777,102
45,A3,25337,97,102
45,A3,25540,203,102
47,B3,25743,118,102
50,D4,25945,271,102
52,E4,26351,295,102
49,C#4,26756,287,102
50,D4,27162,1119,102
45,A3,28581,101,102
45,A3,28783,118,102
47,B3,28986,131,102
49,C#4,29189,257,102
49,C#4,29594,253,102
49,C#4,29999,220,102
49,C#4,30405,840,102
47,B3,31824,97,102
47,B3,32026,119,102
49,C#4,32229,140,102
50,D4,32432,296,102
47,B3,32837,241,102
47,B3,33243,262,102
47,B3,33648,253,102
47,B3,34054,675,102
47,B3,34864,131,102
49,C#4,35067,118,102
47,B3,35270,202,101
49,C#4,35472,131,101
50,D4,35675,254,102
47,B3,36081,236,102
47,B3,36486,203,102
49,C#4,36689,114,102
47,B3,36891,135,102
49,C#4,37094,135,102
50,D4,37297,253,102
47,B3,37702,203,102
50,D4,38108,202,102
52,E4,38310,114,102
50,D4,38513,203,102
52,E4,38716,101,102
54,F#4,38918,296,102
57,A4,39324,257,102
54,F#4,39729,1014,102
50,D4,41351,84,101
50,D4,41554,92,101
50,D4,41756,203,102
52,E4,41959,118,101
54,F#4,42162,287,101
57,A4,42567,275,101
54,F#4,42972,997,101
50,D4,44594,85,101
50,D4,44797,93,101
50,D4,44999,203,101
52,E4,45202,118,101
54,F#4,45405,287,103
57,A4,45810,275,101
54,F#4,46216,1013,101
50,D4,47229,203,101
50,D4,47432,257,101
50,D4,47837,135,101
50,D4,48040,84,101
50,D4,48243,194,101
55,G4,48648,676,101
54,F#4,49459,612,101
52,E4,50270,291,101
50,D4,50675,254,101
50,D4,51081,405,102
47,B3,51486,405,102
45,A3,51891,296,102
57,A4,52297,211,102
54,F#4,52702,739,102
50,D4,54121,85,102
50,D4,54324,122,102
50,D4,54526,98,102
50,D4,54729,93,102
50,D4,54932,139,101
54,F#4,55135,308,101
57,A4,55540,198,102
54,F#4,55945,803,101
50,D4,56959,84,101
50,D4,57162,118,102
50,D4,57364,93,101
50,D4,57567,127,102
50,D4,57770,93,101
50,D4,57972,102,101
50,D4,58175,131,101
54,F#4,58378,321,101
57,A4,58783,270,101
54,F#4,59189,844,101
50,D4,60405,245,101
50,D4,60810,203,101
50,D4,61013,114,101
50,D4,61216,253,101
55,G4,61621,676,101
54,F#4,62432,612,101
52,E4,63243,291,101
50,D4,63648,253,101
50,D4,64053,406,102
47,B3,64459,405,102
45,A3,64864,406,102
50,D4,65270,186,102
50,D4,65675,1128,103
50,D4,67094,203,103
50,D4,67297,135,103
50,D4,67499,203,103
50,D4,67702,118,103
50,D4,67905,114,103
49,C#4,68108,211,104
49,C#4,68513,186,104
49,C#4,68918,672,104
49,C#4,70337,89,104
49,C#4,70540,118,104
49,C#4,70743,101,104
49,C#4,70945,93,104
49,C#4,71148,118,104
47,B3,71351,236,104
47,B3,71756,186,104
47,B3,72162,709,105
47,B3,73581,84,105
47,B3,73783,93,105
50,D4,73986,135,105
50,D4,74189,93,105
47,B3,74391,93,105
47,B3,74594,237,105
47,B3,74999,216,105
47,B3,75405,612,105
50,D4,77229,97,105
50,D4,77432,105,105
50,D4,77635,92,105
50,D4,77837,110,105
50,D4,78040,101,105
50,D4,78243,101,105
50,D4,78445,102,105
50,D4,78648,101,105
50,D4,78851,105,105
50,D4,79053,102,105
50,D4,79256,114,105
50,D4,79459,114,105
50,D4,79662,114,105
50,D4,79864,114,106
50,D4,80067,114,106
49,C#4,80270,114,105
50,D4,80472,114,105
49,C#4,80675,114,106
50,D4,80878,114,104
50,D4,81080,98,106
50,D4,81283,106,104
50,D4,81486,101,104
50,D4,81689,84,104
50,D4,81891,114,106
50,D4,82094,93,104
50,D4,82297,84,106
50,D4,82499,254,106
50,D4,82905,76,104
50,D4,83108,84,104
50,D4,83310,76,106
50,D4,83513,122,104
50,D4,83918,89,104
50,D4,84121,89,104
50,D4,84324,257,106
52,E4,84729,194,104
47,B3,85135,650,104
50,D4,86756,203,104
47,B3,86959,203,104
50,D4,87162,135,105
47,B3,87364,203,104
50,D4,87567,283,104
52,E4,87972,237,104
47,B3,88378,811,104
45,A3,89189,287,103
45,A3,89594,249,103
50,D4,89999,203,103
52,E4,90202,97,103
50,D4,90405,135,108
52,E4,90608,202,103
54,F#4,90810,296,103
57,A4,91216,257,103
54,F#4,91621,1014,103
50,D4,93243,84,103
50,D4,93445,93,103
50,D4,93648,203,103
52,E4,93851,118,103
54,F#4,94053,288,104
57,A4,94459,274,104
54,F#4,94864,997,105
50,D4,96486,84,105
50,D4,96689,92,105
50,D4,96891,203,105
52,E4,97094,118,105
54,F#4,97297,287,105
57,A4,97702,275,105
54,F#4,98108,1013,105
50,D4,99121,203,106
50,D4,99324,257,106
50,D4,99729,135,106
50,D4,99932,84,107
50,D4,100135,194,107
55,G4,100540,676,107
54,F#4,101351,612,107
52,E4,102162,291,107
50,D4,102567,253,107
50,D4,102972,406,107
47,B3,103378,405,107
45,A3,103783,296,107
57,A4,104189,211,107
54,F#4,104594,739,107
50,D4,106013,84,107
50,D4,106216,122,107
50,D4,106418,97,107
50,D4,106621,93,107
50,D4,106824,139,107
54,F#4,107026,309,107
57,A4,107432,198,107
54,F#4,107837,803,107
50,D4,108851,84,107
50,D4,109053,119,107
50,D4,109256,93,107
50,D4,109459,127,107
50,D4,109662,92,108
50,D4,109864,102,108
50,D4,110067,131,108
54,F#4,110270,321,108
57,A4,110675,270,108
54,F#4,111080,845,108
50,D4,112297,245,108
50,D4,112702,203,108
50,D4,112905,114,108
50,D4,113107,254,108
55,G4,113513,676,108
54,F#4,114324,612,108
52,E4,115135,291,108
50,D4,115540,253,108
50,D4,115945,406,108
47,B3,116351,405,108
45,A3,116756,397,107
50,D4,130540,186,109
50,D4,130945,304,109
50,D4,131351,274,109
50,D4,131756,224,109
50,D4,132162,173,109
50,D4,132567,236,109
52,E4,132972,461,109
49,C#4,133783,199,109
49,C#4,134189,232,109
49,C#4,134594,266,109
49,C#4,134999,216,109
49,C#4,135405,202,109
49,C#4,135810,216,109
50,D4,136216,489,109
47,B3,137026,178,109
47,B3,137432,274,109
47,B3,137837,152,109
45,A3,138243,211,109
47,B3,138648,186,109
50,D4,139053,262,109
50,D4,139459,574,109
50,D4,140270,131,109
47,B3,140472,119,109
50,D4,140675,123,109
52,E4,140878,72,109
52,E4,141080,131,109
47,B3,141283,93,109
47,B3,141486,253,109
50,D4,141891,203,109
52,E4,142094,93,108
50,D4,142297,202,108
52,E4,142499,93,109
54,F#4,142702,296,109
57,A4,143107,258,109
54,F#4,143513,1013,109
50,D4,145134,85,109
50,D4,145337,93,109
50,D4,145540,203,109
52,E4,145743,118,109
54,F#4,145945,287,109
57,A4,146351,274,109
54,F#4,146756,997,109
50,D4,148378,84,109
50,D4,148580,93,109
50,D4,148783,203,109
52,E4,148986,118,109
54,F#4,149189,287,109
57,A4,149594,274,109
54,F#4,149999,1014,109
50,D4,151013,203,109
50,D4,151216,257,109
50,D4,151621,135,109
50,D4,151824,84,109
50,D4,152026,195,109
55,G4,152432,675,109
54,F#4,153243,612,109
52,E4,154053,292,109
50,D4,154459,253,109
50,D4,154864,406,109
47,B3,155270,405,109
45,A3,155675,296,109
57,A4,156080,212,109
54,F#4,156486,739,109
50,D4,157905,84,109
50,D4,158107,123,109
50,D4,158310,97,108
50,D4,158513,93,108
52,E4,158699,139,108
54,F#4,158918,309,108
57,A4,159324,198,108
54,F#4,159729,802,108
50,D4,160743,84,108
50,D4,160945,119,108
50,D4,161148,93,108
50,D4,161351,126,108
50,D4,161553,93,108
50,D4,161756,101,108
52,E4,161959,131,108
54,F#4,162161,321,108
57,A4,162567,270,108
54,F#4,162972,845,108
50,D4,164189,244,108
50,D4,164594,203,108
50,D4,164797,114,108
50,D4,164999,254,109
55,G4,165405,675,108
54,F#4,166216,612,108
52,E4,167026,292,107
50,D4,167432,253,107
50,D4,167837,203,109
52,E4,168040,203,109
50,D4,168243,202,107
52,E4,168445,203,107
54,F#4,168648,296,107
57,A4,169053,258,109
54,F#4,169459,1013,107
50,D4,171080,85,107
50,D4,171283,93,107
50,D4,171486,203,107
52,E4,171689,118,107
54,F#4,171891,287,107
57,A4,172297,274,107
54,F#4,172702,997,107
50,D4,174324,84,107
50,D4,174526,93,107
50,D4,174729,203,107
52,E4,174932,118,107
54,F#4,175134,288,107
57,A4,175540,274,107
54,F#4,175945,1014,107
50,D4,176959,202,108
50,D4,177161,258,108
50,D4,177567,135,108
50,D4,177770,84,108
50,D4,177972,195,108
55,G4,178378,675,108
54,F#4,179189,612,109
52,E4,179999,292,109
50,D4,180405,253,109
50,D4,180810,406,109
47,B3,181216,405,109
45,A3,181621,296,110
57,A4,182026,211,110
54,F#4,182432,739,110
50,D4,183851,84,110
50,D4,184053,123,110
50,D4,184256,97,110
50,D4,184459,93,110
52,E4,184645,139,110
54,F#4,184864,308,110
57,A4,185270,198,110
54,F#4,185675,802,110
50,D4,186688,85,110
50,D4,186891,118,110
50,D4,187094,93,110
50,D4,187297,126,110
50,D4,187499,93,110
50,D4,187702,101,110
52,E4,187905,131,110
54,F#4,188107,321,110
57,A4,188513,270,110
54,F#4,188918,845,110
50,D4,190134,245,110
50,D4,190540,203,110
50,D4,190743,114,110
50,D4,190945,254,110
55,G4,191351,675,110
54,F#4,192161,613,111
52,E4,192972,292,111
50,D4,193378,253,111
50,D4,193783,405,111
47,B3,194188,406,111
45,A3,194594,397,111
55,G4,204324,675,109
54,F#4,205134,613,109
52,E4,205945,292,109
50,D4,206351,253,109
50,D4,206756,405,109
47,B3,207161,406,109
45,A3,207567,397,109
55,G4,217297,675,109
54,F#4,218107,613,109
52,E4,218918,292,109
50,D4,219324,253,109
50,D4,219729,405,109
47,B3,220134,406,109
45,A3,220540,396,108
--end--
38,D3,0,202,104
42,F#3,202,203,93
45,A3,405,203,89
42,F#3,608,202,77
45,A3,810,203,98
42,F#3,1013,203,98
38,D3,1216,202,101
42,F#3,1418,203,95
38,D3,1621,203,104
42,F#3,1824,203,86
45,A3,2027,202,101
42,F#3,2229,203,98
45,A3,2432,203,101
42,F#3,2635,202,93
38,D3,2837,203,90
42,F#3,3040,203,90
37,C#3,3243,202,104
42,F#3,3445,203,93
45,A3,3648,203,89
42,F#3,3851,203,77
45,A3,4054,202,98
42,F#3,4256,203,98
37,C#3,4459,203,101
42,F#3,4662,202,95
37,C#3,4864,203,104
42,F#3,5067,203,86
45,A3,5270,202,101
42,F#3,5472,203,98
45,A3,5675,203,101
42,F#3,5878,203,93
37,C#3,6081,202,90
42,F#3,6283,203,90
35,B2,6486,203,104
42,F#3,6689,202,93
47,B3,6891,203,89
42,F#3,7094,203,77
47,B3,7297,202,98
42,F#3,7499,203,98
35,B2,7702,203,101
42,F#3,7905,203,95
35,B2,8108,202,104
42,F#3,8310,203,86
47,B3,8513,203,101
42,F#3,8716,202,98
47,B3,8918,203,101
42,F#3,9121,203,93
35,B2,9324,203,90
42,F#3,9527,202,90
35,B2,9729,203,104
38,D3,9932,203,93
47,B3,10135,202,89
38,D3,10337,203,77
47,B3,10540,203,98
38,D3,10743,202,98
35,B2,10945,203,78
38,D3,11148,203,63
35,B2,11351,203,76
38,D3,11554,202,86
43,G3,11756,203,88
38,D3,11959,203,88
43,G3,12162,202,81
38,D3,12364,203,73
43,G3,12567,203,73
38,D3,12770,202,71
38,D3,12972,203,104
42,F#3,13175,203,93
45,A3,13378,203,89
42,F#3,13581,202,77
45,A3,13783,203,98
42,F#3,13986,203,98
38,D3,14189,202,101
42,F#3,14391,203,95
38,D3,14594,203,104
42,F#3,14797,202,86
45,A3,14999,203,101
42,F#3,15202,203,98
45,A3,15405,203,101
42,F#3,15608,202,93
38,D3,15810,203,90
42,F#3,16013,203,90
37,C#3,16216,202,104
42,F#3,16418,203,93
45,A3,16621,203,89
42,F#3,16824,203,77
45,A3,17027,202,98
42,F#3,17229,203,98
37,C#3,17432,203,101
42,F#3,17635,202,95
37,C#3,17837,203,104
42,F#3,18040,203,86
45,A3,18243,202,101
42,F#3,18445,203,98
45,A3,18648,203,101
42,F#3,18851,203,93
37,C#3,19054,202,90
42,F#3,19256,203,90
35,B2,19459,203,104
42,F#3,19662,202,93
47,B3,19864,203,89
42,F#3,20067,203,77
47,B3,20270,202,98
42,F#3,20472,203,98
35,B2,20675,203,101
42,F#3,20878,203,95
35,B2,21081,202,104
42,F#3,21283,203,86
47,B3,21486,203,101
42,F#3,21689,202,98
47,B3,21891,203,101
42,F#3,22094,203,93
35,B2,22297,202,90
42,F#3,22499,203,90
35,B2,22702,203,104
38,D3,22905,203,93
47,B3,23108,202,89
38,D3,23310,203,77
47,B3,23513,203,98
38,D3,23716,202,98
35,B2,23918,203,78
38,D3,24121,203,63
35,B2,24324,203,76
38,D3,24527,202,86
43,G3,24729,203,88
38,D3,24932,203,88
43,G3,25135,202,81
38,D3,25337,203,73
43,G3,25540,203,73
38,D3,25743,202,71
38,D3,25945,203,104
42,F#3,26148,203,93
45,A3,26351,203,89
42,F#3,26554,202,77
45,A3,26756,203,98
42,F#3,26959,203,98
38,D3,27162,202,101
42,F#3,27364,203,95
38,D3,27567,203,104
42,F#3,27770,202,86
45,A3,27972,203,101
42,F#3,28175,203,98
45,A3,28378,203,101
42,F#3,28581,202,93
38,D3,28783,203,90
42,F#3,28986,203,90
37,C#3,29189,202,104
42,F#3,29391,203,93
45,A3,29594,203,89
42,F#3,29797,202,77
45,A3,29999,203,98
42,F#3,30202,203,98
37,C#3,30405,203,101
42,F#3,30608,202,95
37,C#3,30810,203,104
42,F#3,31013,203,86
45,A3,31216,202,101
42,F#3,31418,203,98
45,A3,31621,203,101
42,F#3,31824,202,93
37,C#3,32026,203,90
42,F#3,32229,203,90
35,B2,32432,203,104
42,F#3,32635,202,93
47,B3,32837,203,89
42,F#3,33040,203,77
47,B3,33243,202,98
42,F#3,33445,203,98
35,B2,33648,203,101
42,F#3,33851,203,95
35,B2,34054,202,104
42,F#3,34256,203,86
47,B3,34459,203,101
42,F#3,34662,202,98
47,B3,34864,203,101
42,F#3,35067,203,93
35,B2,35270,202,90
42,F#3,35472,203,90
35,B2,35675,203,104
38,D3,35878,203,93
47,B3,36081,202,89
38,D3,36283,203,77
47,B3,36486,203,98
38,D3,36689,202,98
35,B2,36891,203,78
38,D3,37094,203,63
35,B2,37297,202,76
38,D3,37499,203,86
43,G3,37702,203,88
38,D3,37905,194,88
38,D3,38918,203,104
42,F#3,39121,203,93
45,A3,39324,202,89
42,F#3,39526,203,77
45,A3,39729,203,98
42,F#3,39932,203,98
38,D3,40135,202,101
42,F#3,40337,203,95
38,D3,40540,203,104
42,F#3,40743,202,86
45,A3,40945,203,101
42,F#3,41148,203,98
45,A3,41351,203,101
42,F#3,41554,202,93
38,D3,41756,203,90
42,F#3,41959,203,90
37,C#3,42162,202,104
42,F#3,42364,203,93
45,A3,42567,203,89
42,F#3,42770,202,77
45,A3,42972,203,98
42,F#3,43175,203,98
37,C#3,43378,203,101
42,F#3,43581,202,95
37,C#3,43783,203,104
42,F#3,43986,203,86
45,A3,44189,202,101
42,F#3,44391,203,98
45,A3,44594,203,101
42,F#3,44797,202,93
37,C#3,44999,203,90
42,F#3,45202,203,90
35,B2,45405,203,104
42,F#3,45608,202,93
47,B3,45810,203,89
42,F#3,46013,203,77
47,B3,46216,202,98
42,F#3,46418,203,98
35,B2,46621,203,101
42,F#3,46824,202,95
35,B2,47026,203,104
42,F#3,47229,203,86
47,B3,47432,203,101
42,F#3,47635,202,98
47,B3,47837,203,101
42,F#3,48040,203,93
35,B2,48243,202,90
42,F#3,48445,203,90
35,B2,48648,203,104
38,D3,48851,203,93
47,B3,49054,202,89
38,D3,49256,203,77
47,B3,49459,203,98
38,D3,49662,202,98
35,B2,49864,203,78
38,D3,50067,203,63
35,B2,50270,202,76
38,D3,50472,203,86
43,G3,50675,203,88
38,D3,50878,203,88
43,G3,51081,202,81
38,D3,51283,203,73
43,G3,51486,203,73
38,D3,51689,202,71
38,D3,51891,203,104
42,F#3,52094,203,93
45,A3,52297,202,89
42,F#3,52499,203,77
45,A3,52702,203,98
42,F#3,52905,203,98
38,D3,53108,202,101
42,F#3,53310,203,95
38,D3,53513,203,104
42,F#3,53716,202,86
45,A3,53918,203,101
42,F#3,54121,203,98
45,A3,54324,202,101
42,F#3,54526,203,93
38,D3,54729,203,90
42,F#3,54932,203,90
37,C#3,55135,202,104
42,F#3,55337,203,93
45,A3,55540,203,89
42,F#3,55743,202,77
45,A3,55945,203,98
42,F#3,56148,203,98
37,C#3,56351,202,101
42,F#3,56553,203,95
37,C#3,56756,203,104
42,F#3,56959,203,86
45,A3,57162,202,101
42,F#3,57364,203,98
45,A3,57567,203,101
42,F#3,57770,202,93
37,C#3,57972,203,90
42,F#3,58175,203,90
35,B2,58378,203,104
42,F#3,58581,202,93
47,B3,58783,203,89
42,F#3,58986,203,77
47,B3,59189,202,98
42,F#3,59391,203,98
35,B2,59594,203,101
42,F#3,59797,202,95
35,B2,59999,203,104
42,F#3,60202,203,86
47,B3,60405,203,101
42,F#3,60608,202,98
47,B3,60810,203,101
42,F#3,61013,203,93
35,B2,61216,202,90
42,F#3,61418,203,90
35,B2,61621,203,104
38,D3,61824,202,93
47,B3,62026,203,89
38,D3,62229,203,77
47,B3,62432,203,98
38,D3,62635,202,98
35,B2,62837,203,78
38,D3,63040,203,63
35,B2,63243,202,76
38,D3,63445,203,86
43,G3,63648,203,88
38,D3,63851,202,88
43,G3,64053,203,81
38,D3,64256,203,73
43,G3,64459,203,73
38,D3,64662,202,71
38,D3,64864,203,104
42,F#3,65067,203,93
45,A3,65270,202,89
42,F#3,65472,203,77
45,A3,65675,203,98
42,F#3,65878,203,98
38,D3,66081,202,101
42,F#3,66283,203,95
38,D3,66486,203,104
42,F#3,66689,202,86
45,A3,66891,203,101
42,F#3,67094,203,98
45,A3,67297,202,101
42,F#3,67499,203,93
38,D3,67702,203,90
42,F#3,67905,203,90
37,C#3,68108,202,104
42,F#3,68310,203,93
45,A3,68513,203,89
42,F#3,68716,202,77
45,A3,68918,203,98
42,F#3,69121,203,98
37,C#3,69324,202,101
42,F#3,69526,203,95
37,C#3,69729,203,104
42,F#3,69932,203,86
45,A3,70135,202,101
42,F#3,70337,203,98
45,A3,70540,203,101
42,F#3,70743,202,93
37,C#3,70945,203,90
42,F#3,71148,203,90
35,B2,71351,202,104
38,D3,71553,203,93
42,F#3,71756,203,89
40,E3,71959,203,77
42,F#3,72162,202,98
38,D3,72364,203,98
35,B2,72567,203,101
38,D3,72770,202,95
35,B2,72972,203,104
42,F#3,73175,203,86
50,D4,73378,203,101
49,C#4,73581,202,98
50,D4,73783,203,101
42,F#3,73986,203,93
47,B3,74189,202,90
42,F#3,74391,203,90
35,B2,74594,203,104
38,D3,74797,202,93
47,B3,74999,203,89
45,A3,75202,203,77
47,B3,75405,203,98
43,G3,75608,202,98
35,B2,75810,203,78
38,D3,76013,203,63
35,B2,76216,202,76
38,D3,76418,203,86
47,B3,76621,203,88
45,A3,76824,202,88
47,B3,77026,203,81
43,G3,77229,203,73
38,D3,77432,203,73
43,G3,77635,202,71
38,D3,77837,203,104
42,F#3,78040,203,93
45,A3,78243,202,89
42,F#3,78445,203,77
45,A3,78648,203,98
42,F#3,78851,202,98
38,D3,79053,203,101
42,F#3,79256,203,95
38,D3,79459,203,104
42,F#3,79662,202,86
45,A3,79864,203,101
42,F#3,80067,203,98
45,A3,80270,202,101
42,F#3,80472,203,93
38,D3,80675,203,90
42,F#3,80878,202,90
37,C#3,81080,203,104
42,F#3,81283,203,93
45,A3,81486,203,89
42,F#3,81689,202,77
45,A3,81891,203,98
42,F#3,82094,203,98
37,C#3,82297,202,101
42,F#3,82499,203,95
37,C#3,82702,203,104
42,F#3,82905,203,86
45,A3,83108,202,101
42,F#3,83310,203,98
45,A3,83513,203,101
42,F#3,83716,202,93
37,C#3,83918,203,90
42,F#3,84121,203,90
35,B2,84324,202,104
38,D3,84526,203,93
42,F#3,84729,203,89
40,E3,84932,203,77
42,F#3,85135,202,98
38,D3,85337,203,98
35,B2,85540,203,101
38,D3,85743,202,95
35,B2,85945,203,104
42,F#3,86148,203,86
50,D4,86351,202,101
49,C#4,86553,203,98
50,D4,86756,203,101
42,F#3,86959,203,93
47,B3,87162,202,90
42,F#3,87364,203,90
35,B2,87567,203,104
38,D3,87770,202,93
47,B3,87972,203,89
45,A3,88175,203,77
47,B3,88378,202,98
43,G3,88580,203,98
35,B2,88783,203,78
38,D3,88986,203,63
35,B2,89189,202,76
38,D3,89391,203,86
47,B3,89594,203,88
45,A3,89797,202,88
47,B3,89999,203,81
43,G3,90202,203,73
38,D3,90405,203,73
43,G3,90608,202,71
38,D3,90810,203,104
42,F#3,91013,203,93
45,A3,91216,202,89
42,F#3,91418,203,77
45,A3,91621,203,98
42,F#3,91824,202,98
38,D3,92026,203,101
42,F#3,92229,203,95
38,D3,92432,203,104
42,F#3,92635,202,86
45,A3,92837,203,101
42,F#3,93040,203,98
45,A3,93243,202,101
42,F#3,93445,203,93
38,D3,93648,203,90
42,F#3,93851,202,90
37,C#3,94053,203,104
42,F#3,94256,203,93
45,A3,94459,203,89
42,F#3,94662,202,77
45,A3,94864,203,98
42,F#3,95067,203,98
37,C#3,95270,202,101
42,F#3,95472,203,95
37,C#3,95675,203,104
42,F#3,95878,202,86
45,A3,96080,203,101
42,F#3,96283,203,98
45,A3,96486,203,101
42,F#3,96689,202,93
37,C#3,96891,203,90
42,F#3,97094,203,90
35,B2,97297,202,104
42,F#3,97499,203,93
47,B3,97702,203,89
42,F#3,97905,203,77
47,B3,98108,202,98
42,F#3,98310,203,98
35,B2,98513,203,101
42,F#3,98716,202,95
35,B2,98918,203,104
42,F#3,99121,203,86
47,B3,99324,202,101
42,F#3,99526,203,98
47,B3,99729,203,101
42,F#3,99932,203,93
35,B2,100135,202,90
42,F#3,100337,203,90
35,B2,100540,203,104
38,D3,100743,202,93
47,B3,100945,203,89
38,D3,101148,203,77
47,B3,101351,202,98
38,D3,101553,203,98
35,B2,101756,203,78
38,D3,101959,203,63
35,B2,102162,202,76
38,D3,102364,203,86
43,G3,102567,203,88
38,D3,102770,202,88
43,G3,102972,203,81
38,D3,103175,203,73
43,G3,103378,202,73
38,D3,103580,203,71
38,D3,103783,203,104
42,F#3,103986,203,93
45,A3,104189,202,89
42,F#3,104391,203,77
45,A3,104594,203,98
42,F#3,104797,202,98
38,D3,104999,203,101
42,F#3,105202,203,95
38,D3,105405,203,104
42,F#3,105608,202,86
45,A3,105810,203,101
42,F#3,106013,203,98
45,A3,106216,202,101
42,F#3,106418,203,93
38,D3,106621,203,90
42,F#3,106824,202,90
37,C#3,107026,203,104
42,F#3,107229,203,93
45,A3,107432,203,89
42,F#3,107635,202,77
45,A3,107837,203,98
42,F#3,108040,203,98
37,C#3,108243,202,101
42,F#3,108445,203,95
37,C#3,108648,203,104
42,F#3,108851,202,86
45,A3,109053,203,101
42,F#3,109256,203,98
45,A3,109459,203,101
42,F#3,109662,202,93
37,C#3,109864,203,90
42,F#3,110067,203,90
35,B2,110270,202,104
42,F#3,110472,203,93
47,B3,110675,203,89
42,F#3,110878,202,77
47,B3,111080,203,98
42,F#3,111283,203,98
35,B2,111486,203,101
42,F#3,111689,202,95
35,B2,111891,203,104
42,F#3,112094,203,86
47,B3,112297,202,101
42,F#3,112499,203,98
47,B3,112702,203,101
42,F#3,112905,202,93
35,B2,113107,203,90
42,F#3,113310,203,90
35,B2,113513,203,104
38,D3,113716,202,93
47,B3,113918,203,89
38,D3,114121,203,77
47,B3,114324,202,98
38,D3,114526,203,98
35,B2,114729,203,78
38,D3,114932,203,63
35,B2,115135,202,76
38,D3,115337,203,86
43,G3,115540,203,88
38,D3,115743,202,88
43,G3,115945,203,81
38,D3,116148,203,73
43,G3,116351,202,73
38,D3,116553,203,71
50,D4,116756,93,112
54,F#4,116959,93,115
57,A4,117162,92,118
54,F#4,117364,93,118
57,A4,117567,93,113
54,F#4,117770,93,113
50,D4,117972,93,109
54,F#4,118175,93,110
50,D4,118378,93,113
54,F#4,118580,93,114
57,A4,118783,93,111
54,F#4,118986,93,112
57,A4,119189,92,113
49,C#4,119999,93,112
54,F#4,120202,93,115
57,A4,120405,93,118
54,F#4,120607,93,118
57,A4,120810,93,113
54,F#4,121013,93,113
49,C#4,121216,92,109
54,F#4,121418,93,110
49,C#4,121621,93,113
54,F#4,121824,93,114
57,A4,122026,93,111
54,F#4,122229,93,112
57,A4,122432,93,113
47,B3,123243,93,112
54,F#4,123445,93,115
59,B4,123648,93,118
54,F#4,123851,93,118
59,B4,124053,93,113
54,F#4,124256,93,113
47,B3,124459,93,109
54,F#4,124662,92,110
47,B3,124864,93,113
54,F#4,125067,93,114
59,B4,125270,93,111
54,F#4,125472,93,112
59,B4,125675,93,113
43,G3,126486,93,112
50,D4,126689,92,115
55,G4,126891,93,118
50,D4,127094,93,118
55,G4,127297,93,113
50,D4,127499,93,113
43,G3,127702,93,109
50,D4,127905,93,110
43,G3,128107,93,113
50,D4,128310,93,114
55,G4,128513,93,111
50,D4,128716,92,112
55,G4,128918,93,113
38,D3,129729,203,104
42,F#3,129932,202,93
45,A3,130134,203,89
42,F#3,130337,203,77
45,A3,130540,203,98
42,F#3,130743,202,98
38,D3,130945,203,101
42,F#3,131148,203,95
38,D3,131351,202,104
42,F#3,131553,203,86
45,A3,131756,203,101
42,F#3,131959,203,98
45,A3,132162,202,101
42,F#3,132364,203,93
38,D3,132567,203,90
42,F#3,132770,202,90
37,C#3,132972,203,104
42,F#3,133175,203,93
45,A3,133378,202,89
42,F#3,133580,203,77
45,A3,133783,203,98
42,F#3,133986,203,98
37,C#3,134189,202,101
42,F#3,134391,203,95
37,C#3,134594,203,104
42,F#3,134797,202,86
45,A3,134999,203,101
42,F#3,135202,203,98
45,A3,135405,202,101
42,F#3,135607,203,93
37,C#3,135810,203,90
42,F#3,136013,203,90
35,B2,136216,202,104
38,D3,136418,203,93
42,F#3,136621,203,89
40,E3,136824,202,77
42,F#3,137026,203,98
38,D3,137229,203,98
35,B2,137432,203,101
38,D3,137635,202,95
35,B2,137837,203,104
42,F#3,138040,203,86
50,D4,138243,202,101
49,C#4,138445,203,98
50,D4,138648,203,101
42,F#3,138851,202,93
47,B3,139053,203,90
42,F#3,139256,203,90
35,B2,139459,203,104
38,D3,139662,202,93
47,B3,139864,203,89
45,A3,140067,203,77
47,B3,140270,202,98
43,G3,140472,203,98
35,B2,140675,203,78
38,D3,140878,202,63
35,B2,141080,203,76
38,D3,141283,203,86
47,B3,141486,203,88
45,A3,141689,202,88
47,B3,141891,203,81
43,G3,142094,203,73
38,D3,142297,202,73
43,G3,142499,203,71
38,D3,142702,203,104
42,F#3,142905,202,93
45,A3,143107,203,89
42,F#3,143310,203,77
45,A3,143513,203,98
42,F#3,143716,202,98
38,D3,143918,203,101
42,F#3,144121,203,95
38,D3,144324,202,104
42,F#3,144526,203,86
45,A3,144729,203,101
42,F#3,144932,202,98
45,A3,145134,203,101
42,F#3,145337,203,93
38,D3,145540,203,90
42,F#3,145743,202,90
37,C#3,145945,203,104
42,F#3,146148,203,93
45,A3,146351,202,89
42,F#3,146553,203,77
45,A3,146756,203,98
42,F#3,146959,203,98
37,C#3,147162,202,101
42,F#3,147364,203,95
37,C#3,147567,203,104
42,F#3,147770,202,86
45,A3,147972,203,101
42,F#3,148175,203,98
45,A3,148378,202,101
42,F#3,148580,203,93
37,C#3,148783,203,90
42,F#3,148986,203,90
35,B2,149189,202,104
42,F#3,149391,203,93
47,B3,149594,203,89
42,F#3,149797,202,77
47,B3,149999,203,98
42,F#3,150202,203,98
35,B2,150405,202,101
42,F#3,150607,203,95
35,B2,150810,203,104
42,F#3,151013,203,86
47,B3,151216,202,101
42,F#3,151418,203,98
47,B3,151621,203,101
42,F#3,151824,202,93
35,B2,152026,203,90
42,F#3,152229,203,90
35,B2,152432,202,104
38,D3,152634,203,93
47,B3,152837,203,89
38,D3,153040,203,77
47,B3,153243,202,98
38,D3,153445,203,98
35,B2,153648,203,78
38,D3,153851,202,63
35,B2,154053,203,76
38,D3,154256,203,86
43,G3,154459,203,88
38,D3,154662,202,88
43,G3,154864,203,81
38,D3,155067,203,73
43,G3,155270,202,73
38,D3,155472,203,71
38,D3,155675,203,104
42,F#3,155878,202,93
45,A3,156080,203,89
42,F#3,156283,203,77
45,A3,156486,203,98
42,F#3,156689,202,98
38,D3,156891,203,101
42,F#3,157094,203,95
38,D3,157297,202,104
42,F#3,157499,203,86
45,A3,157702,203,101
42,F#3,157905,202,98
45,A3,158107,203,101
42,F#3,158310,203,93
38,D3,158513,203,90
42,F#3,158716,202,90
37,C#3,158918,203,104
42,F#3,159121,203,93
45,A3,159324,202,89
42,F#3,159526,203,77
45,A3,159729,203,98
42,F#3,159932,202,98
37,C#3,160134,203,101
42,F#3,160337,203,95
37,C#3,160540,203,104
42,F#3,160743,202,86
45,A3,160945,203,101
42,F#3,161148,203,98
45,A3,161351,202,101
42,F#3,161553,203,93
37,C#3,161756,203,90
42,F#3,161959,202,90
35,B2,162161,203,104
42,F#3,162364,203,93
47,B3,162567,203,89
42,F#3,162770,202,77
47,B3,162972,203,98
42,F#3,163175,203,98
35,B2,163378,202,101
42,F#3,163580,203,95
35,B2,163783,203,104
42,F#3,163986,203,86
47,B3,164189,202,101
42,F#3,164391,203,98
47,B3,164594,203,101
42,F#3,164797,202,93
35,B2,164999,203,90
42,F#3,165202,203,90
35,B2,165405,202,104
38,D3,165607,203,93
47,B3,165810,203,89
38,D3,166013,203,77
47,B3,166216,202,98
38,D3,166418,203,98
35,B2,166621,203,78
38,D3,166824,202,63
35,B2,167026,203,76
38,D3,167229,203,86
43,G3,167432,202,88
38,D3,167634,203,88
43,G3,167837,203,81
38,D3,168040,203,73
43,G3,168243,202,73
38,D3,168445,203,71
38,D3,168648,203,104
42,F#3,168851,202,93
45,A3,169053,203,89
42,F#3,169256,203,77
45,A3,169459,202,98
42,F#3,169661,203,98
38,D3,169864,203,101
42,F#3,170067,203,95
38,D3,170270,202,104
42,F#3,170472,203,86
45,A3,170675,203,101
42,F#3,170878,202,98
45,A3,171080,203,101
42,F#3,171283,203,93
38,D3,171486,203,90
42,F#3,171689,202,90
37,C#3,171891,203,104
42,F#3,172094,203,93
45,A3,172297,202,89
42,F#3,172499,203,77
45,A3,172702,203,98
42,F#3,172905,202,98
37,C#3,173107,203,101
42,F#3,173310,203,95
37,C#3,173513,203,104
42,F#3,173716,202,86
45,A3,173918,203,101
42,F#3,174121,203,98
45,A3,174324,202,101
42,F#3,174526,203,93
37,C#3,174729,203,90
42,F#3,174932,202,90
35,B2,175134,203,104
42,F#3,175337,203,93
47,B3,175540,203,89
42,F#3,175743,202,77
47,B3,175945,203,98
42,F#3,176148,203,98
35,B2,176351,202,101
42,F#3,176553,203,95
35,B2,176756,203,104
42,F#3,176959,202,86
47,B3,177161,203,101
42,F#3,177364,203,98
47,B3,177567,203,101
42,F#3,177770,202,93
35,B2,177972,203,90
42,F#3,178175,203,90
35,B2,178378,202,104
38,D3,178580,203,93
47,B3,178783,203,89
38,D3,178986,203,77
47,B3,179189,202,98
38,D3,179391,203,98
35,B2,179594,203,78
38,D3,179797,202,63
35,B2,179999,203,76
38,D3,180202,203,86
43,G3,180405,202,88
38,D3,180607,203,88
43,G3,180810,203,81
38,D3,181013,203,73
43,G3,181216,202,73
38,D3,181418,203,71
38,D3,181621,203,104
42,F#3,181824,202,93
45,A3,182026,203,89
42,F#3,182229,203,77
45,A3,182432,202,98
42,F#3,182634,203,98
38,D3,182837,203,101
42,F#3,183040,203,95
38,D3,183243,202,104
42,F#3,183445,203,86
45,A3,183648,203,101
42,F#3,183851,202,98
45,A3,184053,203,101
42,F#3,184256,203,93
38,D3,184459,202,90
42,F#3,184661,203,90
37,C#3,184864,203,104
42,F#3,185067,203,93
45,A3,185270,202,89
42,F#3,185472,203,77
45,A3,185675,203,98
42,F#3,185878,202,98
37,C#3,186080,203,101
42,F#3,186283,203,95
37,C#3,186486,202,104
42,F#3,186688,203,86
45,A3,186891,203,101
42,F#3,187094,203,98
45,A3,187297,202,101
42,F#3,187499,203,93
37,C#3,187702,203,90
42,F#3,187905,202,90
35,B2,188107,203,104
42,F#3,188310,203,93
47,B3,188513,203,89
42,F#3,188716,202,77
47,B3,188918,203,98
42,F#3,189121,203,98
35,B2,189324,202,101
42,F#3,189526,203,95
35,B2,189729,203,104
42,F#3,189932,202,86
47,B3,190134,203,101
42,F#3,190337,203,98
47,B3,190540,203,101
42,F#3,190743,202,93
35,B2,190945,203,90
42,F#3,191148,203,90
35,B2,191351,202,104
38,D3,191553,203,93
47,B3,191756,203,89
38,D3,191959,202,77
47,B3,192161,203,98
38,D3,192364,203,98
35,B2,192567,203,78
38,D3,192770,202,63
35,B2,192972,203,76
38,D3,193175,203,86
43,G3,193378,202,88
38,D3,193580,203,88
43,G3,193783,203,81
38,D3,193986,202,73
43,G3,194188,203,73
38,D3,194391,203,71
38,D3,194594,203,104
42,F#3,194797,202,93
45,A3,194999,203,89
42,F#3,195202,203,77
45,A3,195405,202,98
42,F#3,195607,203,98
38,D3,195810,203,101
42,F#3,196013,203,95
38,D3,196216,202,104
42,F#3,196418,203,86
45,A3,196621,203,101
42,F#3,196824,202,98
45,A3,197026,203,101
42,F#3,197229,203,93
38,D3,197432,202,90
42,F#3,197634,203,90
37,C#3,197837,203,104
42,F#3,198040,203,93
45,A3,198243,202,89
42,F#3,198445,203,77
45,A3,198648,203,98
42,F#3,198851,202,98
37,C#3,199053,203,101
42,F#3,199256,203,95
37,C#3,199459,202,104
42,F#3,199661,203,86
45,A3,199864,203,101
42,F#3,200067,203,98
45,A3,200270,202,101
42,F#3,200472,203,93
37,C#3,200675,203,90
42,F#3,200878,202,90
35,B2,201080,203,104
42,F#3,201283,203,93
47,B3,201486,202,89
42,F#3,201688,203,77
47,B3,201891,203,98
42,F#3,202094,203,98
35,B2,202297,202,101
42,F#3,202499,203,95
35,B2,202702,203,104
42,F#3,202905,202,86
47,B3,203107,203,101
42,F#3,203310,203,98
47,B3,203513,203,101
42,F#3,203716,202,93
35,B2,203918,203,90
42,F#3,204121,203,90
35,B2,204324,202,104
38,D3,204526,203,93
47,B3,204729,203,89
38,D3,204932,202,77
47,B3,205134,203,98
38,D3,205337,203,98
35,B2,205540,203,78
38,D3,205743,202,63
35,B2,205945,203,76
38,D3,206148,203,86
43,G3,206351,202,88
38,D3,206553,203,88
43,G3,206756,203,81
38,D3,206959,202,73
43,G3,207161,203,73
38,D3,207364,203,71
38,D3,207567,203,104
42,F#3,207770,202,93
45,A3,207972,203,89
42,F#3,208175,203,77
45,A3,208378,202,98
42,F#3,208580,203,98
38,D3,208783,203,101
42,F#3,208986,202,95
38,D3,209188,203,104
42,F#3,209391,203,86
45,A3,209594,203,101
42,F#3,209797,202,98
45,A3,209999,203,101
42,F#3,210202,203,93
38,D3,210405,202,90
42,F#3,210607,203,90
37,C#3,210810,203,104
42,F#3,211013,203,93
45,A3,211216,202,89
42,F#3,211418,203,77
45,A3,211621,203,98
42,F#3,211824,202,98
37,C#3,212026,203,101
42,F#3,212229,203,95
37,C#3,212432,202,104
42,F#3,212634,203,86
45,A3,212837,203,101
42,F#3,213040,203,98
45,A3,213243,202,101
42,F#3,213445,203,93
37,C#3,213648,203,90
42,F#3,213851,202,90
35,B2,214053,203,104
42,F#3,214256,203,93
47,B3,214459,202,89
42,F#3,214661,203,77
47,B3,214864,203,98
42,F#3,215067,203,98
35,B2,215270,202,101
42,F#3,215472,203,95
35,B2,215675,203,104
42,F#3,215878,202,86
47,B3,216080,203,101
42,F#3,216283,203,98
47,B3,216486,202,101
42,F#3,216688,203,93
35,B2,216891,203,90
42,F#3,217094,203,90
35,B2,217297,202,104
38,D3,217499,203,93
47,B3,217702,203,89
38,D3,217905,202,77
47,B3,218107,203,98
38,D3,218310,203,98
35,B2,218513,202,78
38,D3,218715,203,63
35,B2,218918,203,76
38,D3,219121,203,86
43,G3,219324,202,88
38,D3,219526,203,88
43,G3,219729,203,81
38,D3,219932,202,73
43,G3,220134,203,73
38,D3,220337,194,71