66,F#5,57,310,120
68,G#5,367,309,110
70,A#5,676,303,102
71,B5,979,309,107
70,A#5,1288,644,113
66,F#5,1932,632,109
63,D#5,2564,631,84
61,C#5,3621,64,50
66,F#5,3685,103,50
70,A#5,3788,322,90
71,B5,4110,297,94
70,A#5,4407,341,98
66,F#5,4748,1244,85
46,A#3,8717,657,96
44,G#3,9374,644,82
46,A#3,9374,303,93
51,D#4,9999,593,105
49,C#4,10592,103,97
44,G#3,11198,630,79
47,B3,11828,606,92
51,D#4,11828,148,93
50,D4,12389,96,80
56,G#4,12485,593,106
54,F#4,13078,142,94
57,A4,13729,585,98
50,D4,14314,586,92
53,F4,14314,567,92
56,G#4,14314,322,96
54,F#4,14636,335,93
49,C#4,14971,290,84
42,F#3,15261,316,62
44,G#3,15577,309,87
49,C#4,15886,290,80
54,F#4,16176,219,105
40,E3,16440,335,50
52,E4,16775,271,99
50,D4,17091,309,94
49,C#4,17400,632,104
42,F#3,18032,289,50
47,B3,18321,174,89
47,B3,18650,445,107
42,F#3,19926,606,57
45,A3,20532,70,85
52,E4,21150,605,98
40,E3,21755,580,77
50,D4,21755,270,80
49,C#4,22064,219,103
49,C#4,22386,316,106
40,E3,22702,303,50
45,A3,23005,316,93
44,G#3,23321,335,78
43,G3,23656,483,54
42,F#3,24661,109,50
45,A3,24770,123,62
49,C#4,24893,270,84
50,D4,25163,329,80
52,E4,25492,290,94
49,C#4,25782,612,94
42,F#3,26394,309,50
47,B3,26703,297,94
49,C#4,27000,915,102
40,E3,27915,277,75
49,C#4,28211,348,79
45,A3,28559,303,83
47,B3,28862,316,99
49,C#4,29178,309,97
52,E4,29487,303,99
50,D4,29790,322,103
42,F#3,30112,322,50
45,A3,30434,316,72
50,D4,30750,296,90
49,C#4,31046,618,91
52,E4,31664,580,96
44,G#3,31664,329,75
52,E4,31993,97,98
54,F#4,32309,592,98
51,D#4,32901,579,86
47,B3,32901,567,86
47,B3,32901,315,98
54,F#4,33216,303,114
56,G#4,33538,644,92
49,C#4,34182,651,93
53,F4,34182,638,97
49,C#4,34182,129,89
54,F#4,34794,908,97
56,G#4,35702,909,96
49,C#4,35702,889,108
54,F#4,35702,290,84
56,G#4,35992,638,103
54,F#4,36630,322,89
57,A4,36952,1282,99
54,F#4,38479,656,106
56,G#4,39135,645,105
54,F#4,39135,187,94
57,A4,39753,632,98
54,F#4,40385,618,93
56,G#4,40385,284,88
54,F#4,40669,316,83
49,C#4,40985,586,92
44,G#3,41571,316,84
49,C#4,41887,328,79
54,F#4,42215,290,96
52,E4,42505,194,62
50,D4,42814,200,93
49,C#4,43111,1250,102
47,B3,44361,986,103
42,F#3,45933,651,75
45,A3,46584,593,80
52,E4,47177,579,113
50,D4,47756,323,94
49,C#4,48079,180,102
49,C#4,48433,631,114
42,F#3,49064,297,85
44,G#3,49361,348,84
41,F3,49709,1205,80
49,C#4,50959,618,96
46,A#3,51577,606,87
49,C#4,51577,174,84
47,B3,52125,289,89
49,C#4,52414,277,101
51,D#4,52414,303,88
54,F#4,52717,129,113
56,G#4,53000,316,109
54,F#4,53316,1269,94
58,A#4,54585,1268,85
49,C#4,54585,1250,81
56,G#4,54585,1263,93
49,C#4,55848,1268,87
54,F#4,55848,1238,96
42,F#3,55848,618,69
49,C#4,56466,618,87
46,A#3,56466,600,93
49,C#4,56466,103,98
54,F#4,57091,315,102
49,C#4,57406,289,91
56,G#4,57406,323,67
58,A#4,57729,225,98
59,B4,58012,97,103
61,C#5,58354,302,113
49,C#4,58656,290,57
59,B4,58946,245,89
58,A#4,59256,315,84
56,G#4,59571,625,116
49,C#4,60196,297,84
56,G#4,60493,335,102
58,A#4,60828,560,117
49,C#4,61401,200,70
58,A#4,61711,238,85
52,E4,61949,77,50
56,G#4,62026,65,84
63,D#5,62091,406,110
61,C#5,62658,141,105
59,B4,62961,341,94
58,A#4,63302,619,111
49,C#4,63921,302,50
56,G#4,64223,174,57
56,G#4,64539,1192,85
47,B3,65731,1199,92
50,D4,65731,1185,95
49,C#4,65731,64,50
52,E4,65795,39,50
56,G#4,65795,283,84
49,C#4,66420,290,110
56,G#4,66710,270,114
55,G4,67045,290,112
56,G#4,67335,290,105
58,A#4,67625,270,117
59,B4,67921,251,107
58,A#4,68230,657,94
51,D#4,68887,618,96
54,F#4,68887,645,97
51,D#4,69532,180,85
54,F#4,70498,90,50
56,G#4,70588,123,76
58,A#4,70711,328,117
59,B4,71039,322,99
58,A#4,71361,310,105
54,F#4,71671,303,105
49,C#4,71974,335,53
51,D#4,72599,322,50
54,F#4,72921,876,94
44,G#3,73810,296,102
49,C#4,74106,316,89
54,F#4,74422,264,116
45,A3,74718,335,50
52,E4,75053,290,114
45,A3,75343,342,86
49,C#4,75685,625,106
45,A3,76310,264,98
49,C#4,76574,155,113
42,F#3,76883,71,55
47,B3,76954,90,76
49,C#4,77044,471,88
42,F#3,78146,329,80
46,A#3,78475,315,104
47,B3,78475,303,80
49,C#4,78778,206,98
49,C#4,79100,915,94
46,A#3,80015,316,89
49,C#4,80331,329,93
47,B3,80660,315,88
49,C#4,80975,297,84
51,D#4,81272,303,88
56,G#4,81575,335,110
50,D4,81910,638,88
54,F#4,82548,141,97
53,F4,83173,315,88
57,A4,83488,315,96
50,D4,83488,297,86
56,G#4,83488,303,50
54,F#4,83791,303,107
49,C#4,84094,592,79
42,F#3,84686,310,50
44,G#3,84996,322,75
49,C#4,85318,283,76
54,F#4,85601,310,107
52,E4,85911,315,95
50,D4,86226,297,85
49,C#4,86523,915,78
45,A3,87438,315,98
49,C#4,87753,593,106
45,A3,88378,264,67
47,B3,88675,335,67
49,C#4,89010,322,105
47,B3,89332,870,98
45,A3,90228,315,103
42,F#3,90543,322,101
45,A3,90865,310,85
47,B3,91175,303,107
52,E4,91478,637,113
50,D4,92115,303,94
49,C#4,92431,135,114
49,C#4,92728,322,119
42,F#3,93050,283,117
39,D#3,93333,297,98
42,F#3,93630,290,117
49,C#4,93920,315,120
44,G#3,94235,264,119
54,F#4,94841,425,123
49,C#4,95485,921,120
56,G#4,96406,934,117
54,F#4,96406,909,120
49,C#4,96406,135,71
56,G#4,96747,618,116
49,C#4,97365,631,119
54,F#4,97365,606,119
54,F#4,97365,277,117
54,F#4,97668,927,102
51,D#4,98595,934,119
57,A4,98595,902,116
51,D#4,98595,271,106
56,G#4,98866,264,114
54,F#4,99201,656,110
49,C#4,99857,650,116
56,G#4,99857,644,111
54,F#4,99857,277,120
49,C#4,100476,586,113
57,A4,101062,586,110
56,G#4,101062,310,106
54,F#4,101372,322,114
49,C#4,101707,283,106
42,F#3,101990,322,75
44,G#3,102312,297,102
49,C#4,102609,315,97
40,E3,102924,315,86
54,F#4,103239,290,113
52,E4,103239,303,93
50,D4,103542,284,85
49,C#4,103838,651,105
45,A3,104489,316,67
47,B3,104805,283,111
49,C#4,105088,310,120
44,G#3,105398,509,106
44,G#3,106654,625,105
49,C#4,107279,638,99
46,A#3,107279,612,100
49,C#4,107279,632,96
44,G#3,107911,631,102
46,A#3,107911,612,100
49,C#4,107911,322,105
47,B3,108233,296,97
51,D#4,108233,168,97
54,F#4,108536,271,112
56,G#4,108833,270,114
54,F#4,109148,618,102
58,A#4,109766,625,96
49,C#4,109766,612,103
49,C#4,109766,271,80
56,G#4,110062,187,94
56,G#4,110378,296,98
49,C#4,110674,301,107
54,F#4,110674,271,107
44,G#3,110674,400,52
49,C#4,111273,90,80
49,C#4,111608,322,105
46,A#3,111930,309,102
42,F#3,111930,316,61
46,A#3,112246,283,114
49,C#4,112529,271,116
42,F#3,112529,296,85
54,F#4,112870,309,116
49,C#4,113179,296,107
56,G#4,113179,232,103
58,A#4,113501,97,113
59,B4,113785,322,114
61,C#5,114126,619,109
54,F#4,114745,605,107
63,D#5,114745,187,120
59,B4,115338,329,109
54,F#4,115667,315,100
49,C#4,115667,355,67
54,F#4,116279,129,89
49,C#4,116608,612,97
58,A#4,117220,599,105
49,C#4,117220,637,113
58,A#4,117857,625,120
56,G#4,117857,631,119
52,E4,118488,625,107
63,D#5,118488,599,114
61,C#5,118488,264,116
59,B4,118803,297,107
58,A#4,119132,277,117
47,B3,119409,335,67
49,C#4,119744,251,98
56,G#4,120047,219,116
56,G#4,120350,599,94
50,D4,120949,618,105
47,B3,120949,580,111
47,B3,120949,174,72
56,G#4,121574,921,100
49,C#4,122495,920,86
52,E4,122495,902,101
56,G#4,122495,155,116
51,D#4,122824,290,109
55,G4,123114,264,116
56,G#4,123114,290,109
58,A#4,123455,252,120
59,B4,123752,251,118
58,A#4,124048,315,116
48,C4,124363,290,108
44,G#3,124363,309,75
54,F#4,124672,271,120
44,G#3,124943,328,50
51,D#4,125271,516,110
44,G#3,125929,116,70
54,F#4,126386,103,67
56,G#4,126489,84,103
44,G#3,126573,51,50
49,C#4,126624,13,93
58,A#4,126624,245,117
59,B4,126908,264,103
58,A#4,127230,296,114
54,F#4,127526,290,116
44,G#3,127816,303,71
54,F#4,128132,187,51
56,G#4,128415,194,113
56,G#4,128738,277,120
42,F#3,129015,251,102
49,C#4,129298,122,50
49,C#4,129640,302,113
54,F#4,129942,290,117
42,F#3,129942,129,61
58,A#4,130258,334,119
49,C#4,130592,335,112
54,F#4,130592,315,118
56,G#4,130592,181,62
54,F#4,130902,32,114
49,C#4,130934,103,50
56,G#4,131204,644,123
49,C#4,131848,631,109
54,F#4,131848,322,66
49,C#4,132170,309,73
49,C#4,132170,302,112
54,F#4,132472,290,123
53,F4,132472,84,85
49,C#4,132743,347,116
53,F4,133090,336,113
51,D#4,133090,212,57
53,F4,133386,103,107
54,F#4,133708,309,117
49,C#4,134017,309,105
42,F#3,134017,252,88
49,C#4,134333,116,57
54,F#4,134629,612,120
49,C#4,135241,599,109
58,A#4,135241,347,119
54,F#4,135588,310,119
56,G#4,135588,232,109
54,F#4,135878,90,117
61,C#5,136181,617,116
54,F#4,136798,593,86
59,B4,136798,348,80
54,F#4,137146,309,50
54,F#4,137146,309,119
59,B4,137455,283,120
58,A#4,137455,335,110
54,F#4,137790,322,87
58,A#4,137790,322,119
54,F#4,138112,296,119
56,G#4,138112,206,83
54,F#4,138434,232,120
57,A4,138750,959,120
54,F#4,139709,948,116
54,F#4,139709,617,120
57,A4,140326,593,116
61,C#5,140326,303,119
54,F#4,140629,290,119
59,B4,140629,264,114
57,A4,140931,129,110
59,B4,141241,650,120
52,E4,141891,638,113
57,A4,141891,309,84
52,E4,142200,309,54
52,E4,142200,322,110
57,A4,142522,309,120
52,E4,142522,168,54
56,G#4,142799,315,123
52,E4,143114,290,109
54,F#4,143114,303,107
56,G#4,143455,284,120
57,A4,143758,361,123
57,A4,144364,328,102
52,E4,144692,316,88
52,E4,144692,322,113
57,A4,145014,309,116
57,A4,145014,334,118
52,E4,145348,322,102
57,A4,145348,316,120
52,E4,145664,303,106
54,F#4,145664,277,107
57,A4,145960,264,117
61,C#5,146276,612,120
51,D#4,146888,316,102
54,F#4,147204,264,117
61,C#5,147494,180,120
49,C#4,150258,154,117
51,D#4,150412,104,114
53,F4,150561,154,98
54,F#4,150715,155,114
56,G#4,150870,148,113
58,A#4,151018,90,117
59,B4,151186,129,93
61,C#5,151334,148,114
63,D#5,151534,225,120
61,C#5,152146,598,119
54,F#4,152744,587,120
59,B4,152744,334,116
61,C#5,153078,334,119
54,F#4,153078,316,119
59,B4,153078,342,89
54,F#4,153420,328,61
54,F#4,153420,277,112
59,B4,153697,277,117
61,C#5,153697,187,117
58,A#4,154045,606,117
54,F#4,154651,592,116
49,C#4,154651,194,110
56,G#4,154928,200,105
49,C#4,155257,277,112
56,G#4,155534,277,120
44,G#3,155534,277,70
54,F#4,155843,277,110
49,C#4,156120,276,112
47,B3,156120,258,100
42,F#3,156120,238,57
49,C#4,156462,321,117
46,A#3,156783,297,116
42,F#3,156783,296,50
49,C#4,157079,322,116
46,A#3,157401,309,116
42,F#3,157401,283,93
49,C#4,157717,315,113
54,F#4,158032,303,117
56,G#4,158032,219,110
46,A#3,158341,284,109
58,A#4,158625,270,119
59,B4,158625,329,111
61,C#5,158993,289,123
44,G#3,159282,316,67
63,D#5,159598,232,123
44,G#3,159882,90,50
59,B4,160230,302,116
54,F#4,160532,290,113
49,C#4,160532,335,80
44,G#3,160867,97,89
54,F#4,161144,232,102
49,C#4,161466,612,109
58,A#4,162078,599,116
58,A#4,162078,521,120
49,C#4,162599,509,109
52,E4,162599,78,76
56,G#4,162677,64,109
63,D#5,162741,200,116
52,E4,163044,226,89
61,C#5,163315,141,120
59,B4,163617,303,118
58,A#4,163965,277,120
54,F#4,164242,264,116
47,B3,164242,335,67
49,C#4,164577,219,106
56,G#4,164873,239,114
56,G#4,165202,271,117
50,D4,165473,257,101
47,B3,165473,322,51
50,D4,165795,136,107
56,G#4,166427,44,102
52,E4,166471,7,91
49,C#4,166471,212,50
56,G#4,167076,625,102
49,C#4,167701,625,105
51,D#4,167701,322,118
55,G4,168023,309,114
56,G#4,168023,187,106
46,A#3,168326,289,117
58,A#4,168615,277,119
59,B4,168615,252,113
58,A#4,168931,187,120
44,G#3,169208,309,61
61,C#5,169517,290,119
44,G#3,169820,310,50
61,C#5,170149,308,119
54,F#4,170457,297,112
49,C#4,170457,322,57
44,G#3,170779,109,89
49,C#4,171069,206,94
49,C#4,171404,656,109
58,A#4,172060,657,119
54,F#4,172060,638,116
49,C#4,172060,643,110
58,A#4,172703,637,117
54,F#4,172703,632,109
58,A#4,172703,328,115
54,F#4,173031,328,112
47,B3,173031,310,115
47,B3,173031,167,71
56,G#4,173314,335,119
47,B3,173649,309,110
54,F#4,173649,110,116
49,C#4,173984,580,112
58,A#4,174564,579,116
54,F#4,174564,561,112
49,C#4,174564,219,107
56,G#4,174873,251,114
56,G#4,175195,290,105
49,C#4,175485,289,113
51,D#4,175485,271,116
44,G#3,175485,270,90
54,F#4,175807,308,106
49,C#4,176115,302,99
47,B3,176115,297,96
42,F#3,176115,219,50
46,A#3,176424,302,116
49,C#4,176726,303,116
42,F#3,176726,303,50
49,C#4,177029,315,120
46,A#3,177344,303,117
42,F#3,177344,271,102
54,F#4,177673,302,120
49,C#4,177975,290,116
56,G#4,177975,309,109
58,A#4,178284,226,116
59,B4,178568,116,111
61,C#5,178903,637,120
49,C#4,179540,625,96
49,C#4,179540,302,106
59,B4,179842,303,114
58,A#4,179842,271,114
56,G#4,180151,328,117
49,C#4,180479,303,111
44,G#3,180479,309,67
56,G#4,180788,296,113
49,C#4,181084,295,109
51,D#4,181084,277,113
44,G#3,181084,84,68
58,A#4,181419,606,117
49,C#4,182025,605,112
54,F#4,182025,587,115
63,D#5,182025,612,123
54,F#4,182637,586,116
52,E4,182637,328,101
54,F#4,182965,329,115
63,D#5,182965,309,115
54,F#4,182965,58,50
52,E4,183023,148,72
61,C#5,183307,327,120
52,E4,183634,303,109
59,B4,183634,297,118
58,A#4,183950,303,116
47,B3,184253,303,81
49,C#4,184556,212,113
56,G#4,184852,232,109
56,G#4,185161,612,112
50,D4,185773,611,110
47,B3,185773,593,105
47,B3,185773,122,111
46,A#3,186166,84,50
49,C#4,186366,644,113
56,G#4,187010,650,113
52,E4,187010,638,106
56,G#4,187010,619,112
49,C#4,187629,618,100
52,E4,187629,599,105
51,D#4,187629,289,116
55,G4,187918,290,116
56,G#4,187918,360,106
51,D#4,188278,335,50
58,A#4,188278,296,120
51,D#4,188574,283,108
59,B4,188574,316,103
51,D#4,188890,302,105
58,A#4,188890,612,119
51,D#4,189502,599,112
54,F#4,189502,296,123
51,D#4,190133,361,120
51,D#4,190765,161,67
49,C#4,191390,315,112
58,A#4,191705,303,118
59,B4,191705,258,110
58,A#4,192014,310,113
54,F#4,192324,715,102
54,F#4,193264,309,93
49,C#4,193573,296,79
49,C#4,193573,168,93
49,C#4,193876,290,107
58,A#4,194166,277,116
59,B4,194166,290,103
58,A#4,194494,322,114
54,F#4,194816,555,102
49,C#4,195371,341,70
51,D#4,195712,271,105
54,F#4,196028,599,120
42,F#3,196627,303,94
44,G#3,196930,245,114
49,C#4,197220,335,110
54,F#4,197555,277,117
45,A3,197858,303,80
52,E4,198161,296,118
45,A3,198457,335,72
49,C#4,198792,593,112
45,A3,199411,296,103
49,C#4,199707,283,109
49,C#4,200048,303,113
42,F#3,200351,284,57
47,B3,200635,264,98
49,C#4,200931,284,109
44,G#3,201215,58,105
46,A#3,201273,283,111
42,F#3,201601,342,71
44,G#3,201943,270,114
49,C#4,202246,296,106
54,F#4,202542,277,114
45,A3,202858,296,85
52,E4,203154,296,110
45,A3,203450,297,76
49,C#4,203747,509,105
45,A3,204385,296,98
49,C#4,204681,290,110
49,C#4,205036,335,113
42,F#3,205396,400,75
47,B3,205796,432,99
49,C#4,206228,315,94
44,G#3,206730,142,89
46,A#3,206872,316,102
42,F#3,207374,226,75
44,G#3,207600,271,70
49,C#4,207871,238,68
54,F#4,208109,232,93
56,G#4,208386,251,50
61,C#5,208637,310,50
66,F#5,208947,348,53
73,C#6,209295,367,54
68,G#5,209713,123,50
70,A#5,209836,373,50
--end--
66,F#5,57,310,120
68,G#5,367,309,110
70,A#5,676,303,102
71,B5,979,296,107
44,G#3,1275,367,89
70,A#5,1642,342,113
51,D#4,1642,302,50
66,F#5,1944,284,109
56,G#4,2228,348,62
63,D#5,2576,631,84
61,C#5,3633,83,50
49,C#4,3716,45,50
56,G#4,3716,103,50
66,F#5,3819,103,50
70,A#5,3819,322,90
71,B5,4141,297,94
70,A#5,4438,341,98
66,F#5,4779,1244,85
30,F#2,8729,38,61
42,F#3,8767,31,70
46,A#3,8767,7,96
44,G#3,8767,644,82
46,A#3,9411,303,93
51,D#4,10036,592,105
34,A#2,10628,593,82
49,C#4,10628,103,97
32,G#2,11227,632,75
44,G#3,11859,637,79
47,B3,11859,606,92
51,D#4,11859,148,93
47,B3,12323,97,54
50,D4,12420,102,80
35,B2,12522,90,61
56,G#4,12522,593,106
54,F#4,13115,142,94
57,A4,13766,585,98
50,D4,14351,586,92
41,F3,14351,579,74
53,F4,14351,585,92
47,B3,14351,561,92
56,G#4,14351,322,96
54,F#4,14673,335,93
30,F#2,15008,289,80
49,C#4,15297,290,84
42,F#3,15297,316,62
44,G#3,15613,309,87
49,C#4,15922,290,80
28,E2,16212,264,75
54,F#4,16476,264,105
40,E3,16476,335,50
52,E4,16811,271,99
50,D4,17127,309,94
49,C#4,17436,303,104
26,D2,17739,289,75
38,D3,17739,336,50
42,F#3,18075,289,50
47,B3,18364,174,89
47,B3,18693,445,107
42,F#3,19969,611,57
35,B2,20580,600,83
45,A3,20580,70,85
52,E4,21198,599,98
28,E2,21797,598,83
40,E3,21797,580,77
50,D4,21797,270,80
49,C#4,22106,219,103
33,A2,22422,328,84
49,C#4,22750,316,106
40,E3,22750,303,50
45,A3,23053,316,93
44,G#3,23369,335,78
43,G3,23704,483,54
42,F#3,24709,109,50
45,A3,24818,52,62
26,D2,24870,71,52
49,C#4,24941,270,84
50,D4,25211,329,80
52,E4,25540,290,94
49,C#4,25830,612,94
42,F#3,26442,309,50
47,B3,26751,297,94
49,C#4,27048,309,102
25,C#2,27357,284,71
37,C#3,27641,322,50
40,E3,27963,277,75
49,C#4,28259,329,79
30,F#2,28588,328,66
37,C#3,28916,329,55
40,E3,28916,328,81
45,A3,28916,303,83
47,B3,28916,316,99
49,C#4,29232,309,97
52,E4,29541,303,99
50,D4,29844,335,103
35,B2,30179,309,82
42,F#3,30179,322,50
45,A3,30501,316,72
50,D4,30817,296,90
49,C#4,31113,335,91
25,C#2,31448,328,87
52,E4,31448,303,96
37,C#3,31448,277,54
44,G#3,31725,329,75
52,E4,32054,97,98
54,F#4,32370,289,98
27,D#2,32659,290,82
51,D#4,32659,283,86
47,B3,32659,270,86
39,D#3,32659,297,75
47,B3,32956,315,98
54,F#4,33271,303,114
56,G#4,33593,322,92
49,C#4,33915,329,93
53,F4,33915,335,97
29,F2,33915,303,89
41,F3,33915,322,80
49,C#4,34237,129,89
54,F#4,34849,295,97
56,G#4,35144,296,96
49,C#4,35144,289,108
45,A3,35144,295,109
30,F#2,35144,271,85
42,F#3,35144,303,71
45,A3,35447,309,80
54,F#4,35756,290,84
56,G#4,36046,303,103
42,F#3,36349,264,50
54,F#4,36684,322,89
57,A4,37006,316,99
39,D#3,37322,277,93
42,F#3,37599,322,75
45,A3,37921,296,89
49,C#4,38217,316,80
54,F#4,38533,302,106
56,G#4,38835,303,105
44,G#3,38835,283,101
49,C#4,38835,355,50
54,F#4,39190,187,94
49,C#4,39802,637,93
57,A4,40439,638,98
54,F#4,40439,631,93
37,C#3,40439,618,96
56,G#4,40439,284,88
54,F#4,40723,309,83
30,F#2,41032,290,57
49,C#4,41322,277,92
42,F#3,41322,309,71
44,G#3,41631,316,84
49,C#4,41947,322,79
28,E2,42269,302,85
54,F#4,42571,290,96
52,E4,42571,194,62
50,D4,42880,200,93
49,C#4,43177,322,102
26,D2,43499,303,76
38,D3,43802,322,50
42,F#3,44124,303,67
47,B3,44427,322,103
38,D3,44749,464,50
35,B2,45993,663,83
42,F#3,46656,651,75
45,A3,46656,593,80
52,E4,47249,579,113
50,D4,47828,323,94
49,C#4,48151,180,102
25,C#2,48492,335,84
49,C#4,48827,309,114
37,C#3,48827,322,67
42,F#3,49149,297,85
44,G#3,49446,348,84
41,F3,49794,1205,80
42,F#3,51037,625,84
49,C#4,51662,624,96
30,F#2,51662,618,74
46,A#3,51662,606,87
49,C#4,51662,174,84
47,B3,52210,289,89
49,C#4,52499,289,101
30,F#2,52499,271,86
51,D#4,52499,303,88
54,F#4,52802,129,113
56,G#4,53085,316,109
54,F#4,53401,1256,94
35,B2,54657,1263,77
58,A#4,54657,1262,85
49,C#4,54657,1244,81
37,C#3,54657,31,72
56,G#4,54688,32,93
49,C#4,54688,31,87
44,G#3,54688,6,72
54,F#4,54688,574,96
42,F#3,55926,612,69
34,A#2,56538,618,74
49,C#4,56538,618,87
46,A#3,56538,600,93
49,C#4,56538,103,98
54,F#4,57163,308,102
39,D#3,57471,309,79
49,C#4,57471,289,91
56,G#4,57471,323,67
58,A#4,57794,225,98
59,B4,58077,97,103
32,G#2,58406,328,71
61,C#5,58734,302,113
49,C#4,58734,290,57
59,B4,59024,245,89
58,A#4,59334,315,84
56,G#4,59649,309,116
37,C#3,59958,296,84
44,G#3,59958,322,50
49,C#4,60280,297,84
56,G#4,60577,316,102
30,F#2,60893,328,90
58,A#4,61221,290,117
42,F#3,61221,283,50
49,C#4,61504,200,70
58,A#4,61814,238,85
52,E4,62052,77,50
56,G#4,62129,77,84
30,F#2,62206,52,54
63,D#5,62206,406,110
61,C#5,62773,141,105
59,B4,63076,341,94
58,A#4,63417,277,111
35,B2,63694,264,77
42,F#3,63694,348,50
49,C#4,64042,302,50
56,G#4,64344,174,57
35,B2,64654,1082,75
56,G#4,65736,1076,85
47,B3,65736,1083,92
50,D4,65736,1063,95
46,A#3,65736,103,62
34,A#2,65839,51,71
49,C#4,65890,13,50
52,E4,65890,39,50
56,G#4,65929,283,84
46,A#3,66238,316,89
49,C#4,66554,290,110
56,G#4,66844,270,114
27,D#2,67172,303,84
55,G4,67475,290,112
56,G#4,67475,290,105
58,A#4,67765,270,117
59,B4,68061,251,107
58,A#4,68370,644,94
32,G#2,69014,643,83
48,C4,69014,644,104
51,D#4,69014,618,96
54,F#4,69014,645,97
51,D#4,69659,180,85
54,F#4,70625,90,50
56,G#4,70715,65,76
37,C#3,70780,58,51
58,A#4,70838,328,117
59,B4,71166,322,99
58,A#4,71488,310,105
54,F#4,71798,303,105
49,C#4,72101,335,53
51,D#4,72726,322,50
54,F#4,73048,309,94
30,F#2,73357,271,62
42,F#3,73628,309,61
44,G#3,73937,296,102
49,C#4,74233,310,89
40,E3,74543,308,95
54,F#4,74851,296,116
45,A3,74851,335,50
52,E4,75186,290,114
45,A3,75476,335,86
38,D3,75811,284,91
49,C#4,76095,271,106
40,E3,76095,354,50
45,A3,76449,264,98
49,C#4,76713,155,113
37,C#3,77009,96,50
42,F#3,77105,71,55
47,B3,77105,90,76
49,C#4,77195,471,88
42,F#3,78297,322,80
30,F#2,78619,329,66
46,A#3,78619,315,104
47,B3,78619,303,80
49,C#4,78922,206,98
49,C#4,79244,303,94
34,A#2,79547,284,84
42,F#3,79831,328,50
46,A#3,80159,316,89
49,C#4,80475,309,93
32,G#2,80784,342,84
42,F#3,81126,348,89
47,B3,81126,315,88
49,C#4,81126,297,84
51,D#4,81423,303,88
56,G#4,81726,315,110
35,B2,82041,677,84
50,D4,82718,638,88
54,F#4,82718,141,97
41,F3,83343,309,88
53,F4,83652,315,88
57,A4,83652,315,96
50,D4,83652,316,86
47,B3,83652,290,92
56,G#4,83652,303,50
54,F#4,83955,303,107
49,C#4,84258,302,79
30,F#2,84560,290,75
42,F#3,84850,310,50
44,G#3,85160,322,75
49,C#4,85482,283,76
54,F#4,85765,329,107
28,E2,86094,309,83
40,E3,86094,290,80
52,E4,86094,315,95
50,D4,86409,297,85
49,C#4,86706,315,78
26,D2,87021,290,77
38,D3,87311,310,50
45,A3,87621,315,98
49,C#4,87936,310,106
38,D3,88246,315,80
45,A3,88561,264,67
47,B3,88858,335,67
49,C#4,89193,315,105
25,C#2,89508,322,70
47,B3,89830,309,98
37,C#3,89830,290,52
40,E3,90120,277,85
45,A3,90417,309,103
35,B2,90726,334,89
42,F#3,91060,322,101
45,A3,91060,310,85
47,B3,91370,303,107
52,E4,91673,322,113
25,C#2,91995,315,114
50,D4,92310,303,94
49,C#4,92626,135,114
49,C#4,92923,309,119
27,D#2,93232,309,95
42,F#3,93541,283,117
39,D#3,93541,297,98
42,F#3,93838,290,117
49,C#4,94128,315,120
29,F2,94443,289,99
44,G#3,94732,296,119
41,F3,94732,283,119
37,C#3,94732,316,80
54,F#4,95048,425,123
30,F#2,95686,276,93
49,C#4,95962,270,120
56,G#4,95962,277,117
45,A3,95962,276,120
54,F#4,95962,251,120
42,F#3,95962,374,80
45,A3,96336,284,85
49,C#4,96620,135,71
56,G#4,96961,277,116
49,C#4,97238,284,119
45,A3,97238,283,113
54,F#4,97238,264,119
42,F#3,97238,309,61
54,F#4,97580,277,117
54,F#4,97883,328,102
51,D#4,98211,335,119
57,A4,98211,303,116
39,D#3,98211,283,97
45,A3,98494,316,85
51,D#4,98810,271,106
56,G#4,99081,264,114
54,F#4,99416,656,110
49,C#4,100072,650,116
56,G#4,100072,656,111
44,G#3,100072,638,111
54,F#4,100072,277,120
49,C#4,100691,586,113
57,A4,101277,592,110
44,G#3,101277,593,86
37,C#3,101277,573,87
56,G#4,101277,310,106
54,F#4,101587,328,114
30,F#2,101915,296,88
49,C#4,102211,283,106
42,F#3,102211,322,75
44,G#3,102533,297,102
49,C#4,102830,315,97
28,E2,103145,302,91
40,E3,103447,315,86
54,F#4,103447,290,113
52,E4,103447,303,93
50,D4,103750,284,85
49,C#4,104046,329,105
26,D2,104375,322,94
45,A3,104697,316,67
47,B3,105013,283,111
49,C#4,105296,310,120
44,G#3,105606,1256,106
25,C#2,106862,1257,87
41,F3,106862,1256,100
37,C#3,106862,1231,87
42,F#3,106862,637,84
44,G#3,107499,631,105
49,C#4,107499,638,99
30,F#2,107499,637,75
46,A#3,107499,612,100
49,C#4,107499,329,96
44,G#3,107828,328,102
46,A#3,107828,309,100
37,C#3,107828,297,53
42,F#3,108125,321,87
49,C#4,108446,322,105
30,F#2,108446,321,78
47,B3,108446,296,97
51,D#4,108446,168,97
54,F#4,108749,271,112
56,G#4,109046,270,114
54,F#4,109361,309,102
58,A#4,109670,316,96
49,C#4,109670,315,103
35,B2,109670,297,87
42,F#3,109670,309,84
49,C#4,109979,271,80
56,G#4,110275,187,94
56,G#4,110591,296,98
49,C#4,110887,295,107
37,C#3,110887,295,84
54,F#4,110887,271,107
44,G#3,110887,296,52
35,B2,111183,271,89
49,C#4,111486,90,80
34,A#2,111815,328,87
49,C#4,112143,329,105
46,A#3,112143,309,102
42,F#3,112143,316,61
46,A#3,112459,283,114
49,C#4,112742,271,116
42,F#3,112742,296,85
39,D#3,113077,315,102
54,F#4,113392,316,116
49,C#4,113392,296,107
56,G#4,113392,232,103
58,A#4,113714,97,113
59,B4,113998,322,114
32,G#2,114333,315,93
61,C#5,114648,316,109
54,F#4,114648,296,107
44,G#3,114648,284,80
63,D#5,114957,187,120
44,G#3,115247,297,80
37,C#3,115544,334,88
59,B4,115878,335,109
54,F#4,115878,315,100
49,C#4,115878,310,67
44,G#3,116188,154,84
54,F#4,116490,129,89
49,C#4,116819,329,97
58,A#4,117148,328,105
30,F#2,117148,309,83
42,F#3,117148,284,64
49,C#4,117432,302,113
58,A#4,117734,290,120
37,C#3,117734,161,80
56,G#4,118069,625,119
40,E3,118694,624,84
30,F#2,118694,618,75
52,E4,118694,625,107
63,D#5,118694,599,114
61,C#5,118694,264,116
59,B4,119009,297,107
58,A#4,119338,290,117
35,B2,119628,264,93
47,B3,119628,335,67
49,C#4,119963,251,98
56,G#4,120266,219,116
56,G#4,120569,599,94
50,D4,121168,605,105
35,B2,121168,606,62
42,F#3,121168,605,50
47,B3,121168,580,111
47,B3,121168,174,72
42,F#3,121484,290,62
34,A#2,121774,44,84
56,G#4,121818,25,100
46,A#3,121818,7,106
49,C#4,121818,289,86
52,E4,122107,277,101
42,F#3,122107,342,79
46,A#3,122449,283,112
56,G#4,122732,155,116
39,D#3,123035,26,106
51,D#4,123061,283,109
46,A#3,123344,284,112
55,G4,123344,264,116
56,G#4,123344,290,109
58,A#4,123685,303,120
39,D#3,123988,290,96
59,B4,123988,251,118
32,G#2,124284,302,98
58,A#4,124586,315,116
48,C4,124586,290,108
44,G#3,124586,309,75
54,F#4,124895,271,120
44,G#3,125166,328,50
51,D#4,125494,516,110
44,G#3,126152,116,70
54,F#4,126609,103,67
56,G#4,126712,84,103
44,G#3,126796,45,50
37,C#3,126841,38,78
49,C#4,126841,13,93
58,A#4,126841,245,117
59,B4,127125,264,103
58,A#4,127447,296,114
54,F#4,127743,290,116
44,G#3,128033,303,71
54,F#4,128349,187,51
56,G#4,128632,194,113
56,G#4,128955,277,120
42,F#3,129232,289,102
35,B2,129521,277,106
49,C#4,129521,122,50
49,C#4,129863,302,113
54,F#4,130165,290,117
42,F#3,130165,308,61
35,B2,130473,297,58
42,F#3,130473,38,110
58,A#4,130511,31,119
35,B2,130511,25,105
49,C#4,130511,7,112
54,F#4,130511,257,118
56,G#4,130826,181,62
42,F#3,131129,45,84
54,F#4,131174,32,114
49,C#4,131174,103,50
56,G#4,131444,322,123
49,C#4,131766,309,109
34,A#2,131766,329,97
42,F#3,132095,315,97
54,F#4,132095,322,66
49,C#4,132417,309,73
49,C#4,132417,257,112
54,F#4,132674,245,123
34,A#2,132674,52,80
42,F#3,132726,38,75
53,F4,132726,84,85
49,C#4,132997,341,116
39,D#3,133338,347,117
53,F4,133338,336,113
51,D#4,133338,212,57
39,D#3,133634,322,97
53,F4,133956,322,107
54,F#4,133956,309,117
49,C#4,134265,309,105
42,F#3,134265,322,88
35,B2,134587,309,99
49,C#4,134587,116,57
54,F#4,134883,290,120
49,C#4,135173,277,109
42,F#3,135173,328,84
35,B2,135501,316,80
42,F#3,135501,328,113
58,A#4,135829,335,119
49,C#4,135829,334,115
35,B2,135829,334,109
54,F#4,135829,310,119
56,G#4,135829,232,109
54,F#4,136119,308,117
42,F#3,136427,297,104
61,C#5,136427,315,116
49,C#4,136742,315,112
54,F#4,136742,297,86
27,D#2,136742,302,94
39,D#3,137044,290,116
59,B4,137044,341,80
49,C#4,137385,335,70
54,F#4,137385,309,50
54,F#4,137385,302,119
49,C#4,137687,303,115
59,B4,137687,283,120
58,A#4,137687,335,110
49,C#4,138022,328,87
54,F#4,138022,322,87
58,A#4,138022,309,119
49,C#4,138331,315,112
27,D#2,138331,316,108
54,F#4,138331,296,119
56,G#4,138331,206,83
54,F#4,138653,315,120
27,D#2,138968,316,97
52,E4,138968,309,105
57,A4,139277,315,120
54,F#4,139277,303,116
38,D3,139277,341,113
26,D2,139618,342,99
50,D4,139618,148,50
54,F#4,139921,301,120
57,A4,140222,296,116
50,D4,140222,289,112
52,E4,140222,271,116
26,D2,140222,327,83
38,D3,140549,303,52
61,C#5,140549,303,119
26,D2,140852,296,104
54,F#4,140852,302,119
50,D4,140852,303,108
38,D3,140852,277,109
59,B4,140852,264,114
57,A4,141154,322,110
26,D2,141476,297,107
59,B4,141476,308,120
52,E4,141784,297,113
25,C#2,141784,347,102
37,C#3,142131,335,106
52,E4,142131,309,54
57,A4,142440,309,84
52,E4,142440,322,110
57,A4,142762,315,120
25,C#2,142762,309,104
52,E4,142762,168,54
56,G#4,143039,309,123
42,F#3,143348,308,113
52,E4,143348,308,109
30,F#2,143348,284,108
54,F#4,143348,303,107
56,G#4,143689,309,120
30,F#2,143998,296,109
57,A4,143998,297,123
35,B2,144295,322,113
45,A3,144617,296,111
57,A4,144617,328,102
52,E4,144945,316,88
52,E4,144945,322,113
57,A4,145267,309,116
57,A4,145267,315,118
52,E4,145582,303,102
47,B3,145582,25,107
37,C#3,145607,44,105
57,A4,145607,7,120
52,E4,145607,303,106
54,F#4,145910,277,107
57,A4,146206,328,117
37,C#3,146534,303,106
61,C#5,146534,277,120
47,B3,146811,348,114
39,D#3,147159,322,117
51,D#4,147159,316,102
54,F#4,147475,264,117
61,C#5,147765,180,120
41,F3,147990,2558,84
44,G#3,150548,2519,80
49,C#4,150548,154,117
51,D#4,150702,104,114
53,F4,150851,154,98
54,F#4,151005,155,114
56,G#4,151160,148,113
58,A#4,151308,90,117
59,B4,151476,129,93
61,C#5,151624,148,114
30,F#2,151798,26,98
63,D#5,151824,225,120
42,F#3,152133,303,66
61,C#5,152436,315,119
54,F#4,152751,303,120
42,F#3,152751,284,67
59,B4,153035,334,116
61,C#5,153369,334,119
30,F#2,153369,328,83
54,F#4,153369,316,119
59,B4,153369,335,89
54,F#4,153704,322,61
42,F#3,153704,289,84
54,F#4,153993,283,112
59,B4,153993,277,117
61,C#5,153993,187,117
35,B2,154341,283,87
58,A#4,154624,290,117
54,F#4,154624,277,116
42,F#3,154624,315,80
49,C#4,154939,194,110
56,G#4,155216,200,105
37,C#3,155532,302,94
49,C#4,155834,289,112
56,G#4,155834,277,120
44,G#3,155834,277,70
35,B2,156124,44,84
54,F#4,156168,7,110
49,C#4,156168,270,112
47,B3,156438,258,100
42,F#3,156438,238,57
49,C#4,156780,315,117
34,A#2,157095,315,97
46,A#3,157095,297,116
42,F#3,157095,296,50
49,C#4,157391,322,116
46,A#3,157713,309,116
42,F#3,157713,283,93
39,D#3,158009,45,97
49,C#4,158054,6,113
54,F#4,158054,303,117
56,G#4,158357,219,110
46,A#3,158666,284,109
58,A#4,158950,270,119
59,B4,158950,329,111
32,G#2,159311,303,97
61,C#5,159614,289,123
44,G#3,159614,316,67
63,D#5,159930,232,123
44,G#3,160214,90,50
37,C#3,160555,309,89
59,B4,160864,308,116
54,F#4,160864,290,113
49,C#4,160864,335,80
44,G#3,161199,97,89
54,F#4,161476,232,102
49,C#4,161798,335,109
30,F#2,162133,328,70
58,A#4,162133,322,116
42,F#3,162133,277,62
58,A#4,162410,295,120
49,C#4,162705,284,109
37,C#3,162705,174,50
52,E4,162930,78,76
56,G#4,163008,70,109
40,E3,163078,71,93
30,F#2,163078,51,69
63,D#5,163078,200,116
52,E4,163381,226,89
40,E3,163645,316,83
61,C#5,163961,302,120
59,B4,163961,303,118
35,B2,164309,270,93
58,A#4,164579,277,120
54,F#4,164579,264,116
47,B3,164579,335,67
49,C#4,164914,219,106
56,G#4,165210,239,114
35,B2,165533,276,99
56,G#4,165809,277,117
50,D4,165809,257,101
47,B3,165809,322,51
50,D4,166131,136,107
42,F#3,166428,200,66
56,G#4,166763,31,102
46,A#3,166794,32,116
34,A#2,166794,31,109
52,E4,166794,7,91
49,C#4,166794,212,50
42,F#3,167084,315,70
56,G#4,167399,283,102
49,C#4,167682,290,105
46,A#3,167682,277,116
42,F#3,167682,174,60
46,A#3,168017,328,116
51,D#4,168345,329,118
39,D#3,168345,322,106
55,G4,168345,309,114
56,G#4,168345,187,106
46,A#3,168648,289,117
58,A#4,168937,277,119
59,B4,168937,252,113
32,G#2,169240,302,98
58,A#4,169542,277,120
44,G#3,169542,309,61
61,C#5,169851,290,119
44,G#3,170154,310,50
37,C#3,170476,316,88
61,C#5,170792,315,119
54,F#4,170792,297,112
49,C#4,170792,322,57
44,G#3,171114,109,89
49,C#4,171404,206,94
30,F#2,171726,38,88
49,C#4,171764,31,109
58,A#4,171764,7,119
54,F#4,171764,264,116
42,F#3,172060,342,50
49,C#4,172402,321,110
54,F#4,172723,315,109
58,A#4,172723,309,117
37,C#3,172723,142,50
30,F#2,173046,322,106
58,A#4,173368,328,115
54,F#4,173368,328,112
47,B3,173368,310,115
47,B3,173368,167,71
56,G#4,173651,329,119
42,F#3,173980,328,105
47,B3,173980,309,110
54,F#4,173980,110,116
35,B2,174309,302,88
49,C#4,174611,303,112
58,A#4,174611,302,116
54,F#4,174611,277,112
42,F#3,174611,284,50
49,C#4,174895,219,107
56,G#4,175204,251,114
37,C#3,175520,295,97
56,G#4,175815,296,105
49,C#4,175815,295,113
51,D#4,175815,271,116
44,G#3,175815,270,90
35,B2,176124,328,81
54,F#4,176452,321,106
49,C#4,176452,315,99
47,B3,176452,297,96
42,F#3,176452,219,50
34,A#2,176748,328,100
49,C#4,177076,315,116
46,A#3,177076,303,116
42,F#3,177076,303,50
49,C#4,177379,315,120
46,A#3,177694,303,117
42,F#3,177694,271,102
39,D#3,178003,45,100
54,F#4,178048,6,120
49,C#4,178048,290,116
56,G#4,178338,303,109
39,D#3,178641,295,105
58,A#4,178936,284,116
59,B4,178936,116,111
32,G#2,179258,315,89
61,C#5,179573,308,120
49,C#4,179573,284,96
44,G#3,179573,341,71
49,C#4,179914,302,106
59,B4,180216,303,114
58,A#4,180216,271,114
56,G#4,180525,322,117
37,C#3,180847,321,93
49,C#4,180847,303,111
44,G#3,180847,309,67
56,G#4,181156,296,113
49,C#4,181452,295,109
51,D#4,181452,277,113
44,G#3,181452,84,68
58,A#4,181787,284,117
49,C#4,182071,283,112
54,F#4,182071,277,115
30,F#2,182071,265,87
42,F#3,182071,322,89
63,D#5,182393,264,123
54,F#4,182657,238,116
42,F#3,182657,155,81
30,F#2,182992,31,84
40,E3,183023,32,92
52,E4,183023,31,101
54,F#4,183023,7,115
63,D#5,183023,296,115
54,F#4,183332,58,50
52,E4,183390,148,72
40,E3,183661,38,99
61,C#5,183699,12,120
52,E4,183699,232,109
59,B4,184002,297,118
58,A#4,184318,308,116
35,B2,184626,297,92
47,B3,184626,303,81
49,C#4,184929,212,113
56,G#4,185225,232,109
56,G#4,185534,283,112
35,B2,185817,290,89
50,D4,185817,289,110
47,B3,185817,271,105
42,F#3,185817,303,71
47,B3,186139,122,111
42,F#3,186442,90,71
46,A#3,186532,84,50
34,A#2,186712,45,71
49,C#4,186757,25,113
56,G#4,186757,6,113
52,E4,186757,290,106
46,A#3,187047,277,116
42,F#3,187047,348,70
46,A#3,187395,302,117
56,G#4,187697,303,112
49,C#4,187697,302,100
52,E4,187697,277,105
42,F#3,187697,110,105
39,D#3,188013,302,116
51,D#4,188315,296,116
55,G4,188315,290,116
56,G#4,188315,360,106
51,D#4,188675,335,50
58,A#4,188675,296,120
51,D#4,188971,289,108
46,A#3,188971,283,113
59,B4,188971,316,103
51,D#4,189287,302,105
32,G#2,189287,283,88
58,A#4,189570,290,119
48,C4,189570,283,106
51,D#4,189570,277,112
44,G#3,189570,322,75
54,F#4,189892,303,123
44,G#3,190195,328,60
51,D#4,190523,316,120
44,G#3,190839,277,50
51,D#4,191155,161,67
44,G#3,191458,322,67
37,C#3,191780,309,103
49,C#4,192089,315,112
58,A#4,192089,303,118
59,B4,192089,258,110
58,A#4,192398,310,113
54,F#4,192708,715,102
54,F#4,193648,309,93
49,C#4,193957,296,79
49,C#4,193957,168,93
32,G#2,194247,303,97
42,F#3,194550,302,105
49,C#4,194550,303,107
58,A#4,194550,277,116
59,B4,194550,290,103
58,A#4,194878,322,114
54,F#4,195200,271,102
44,G#3,195471,296,102
37,C#3,195767,271,78
49,C#4,195767,341,70
51,D#4,196108,271,105
54,F#4,196424,303,120
30,F#2,196727,296,102
42,F#3,197023,303,94
44,G#3,197326,245,114
49,C#4,197616,328,110
40,E3,197944,316,99
54,F#4,198260,303,117
45,A3,198260,303,80
52,E4,198563,296,118
45,A3,198859,322,72
38,D3,199181,309,99
49,C#4,199490,283,112
40,E3,199490,336,50
45,A3,199826,296,103
49,C#4,200122,283,109
37,C#3,200451,327,99
49,C#4,200778,303,113
42,F#3,200778,284,57
47,B3,201062,264,98
49,C#4,201358,284,109
44,G#3,201642,58,105
46,A#3,201700,341,111
30,F#2,202041,315,75
42,F#3,202041,342,71
44,G#3,202383,270,114
49,C#4,202686,290,106
40,E3,202976,328,94
54,F#4,203304,316,114
45,A3,203304,296,85
52,E4,203600,296,110
45,A3,203896,297,76
49,C#4,204193,315,105
38,D3,204508,303,92
40,E3,204508,329,62
45,A3,204837,296,98
49,C#4,205133,290,110
37,C#3,205481,374,84
49,C#4,205855,360,113
42,F#3,205855,400,75
47,B3,206255,432,99
49,C#4,206687,315,94
44,G#3,207189,26,89
30,F#2,207215,116,71
46,A#3,207331,251,102
37,C#3,207582,251,61
42,F#3,207833,226,75
44,G#3,208059,271,70
49,C#4,208330,238,68
54,F#4,208568,232,93
56,G#4,208845,251,50
61,C#5,209096,310,50
66,F#5,209406,348,53
73,C#6,209754,367,54
68,G#5,210172,91,50
61,C#5,210263,38,50
54,F#4,210301,26,50
70,A#5,210301,373,50