53,F4,0,410,126
57,A4,410,410,126
50,D4,410,308,126
53,F4,820,410,126
57,A4,1230,410,126
50,D4,1230,308,126
53,F4,1640,410,126
57,A4,2050,410,126
50,D4,2050,308,126
53,F4,2460,410,126
57,A4,2870,410,126
50,D4,2870,308,126
53,F4,3280,410,126
58,A#4,3690,410,126
50,D4,3690,308,126
53,F4,4100,410,126
58,A#4,4510,410,126
50,D4,4510,308,126
53,F4,4920,410,126
58,A#4,5330,410,126
50,D4,5330,308,126
53,F4,5740,410,126
58,A#4,6150,410,126
48,C4,6150,410,126
60,C5,6560,410,126
53,F4,6560,410,126
57,A4,6970,410,126
48,C4,6970,308,126
53,F4,7380,410,126
57,A4,7790,410,126
48,C4,7790,308,126
53,F4,8200,410,126
57,A4,8610,410,126
48,C4,8610,308,126
53,F4,9020,410,126
57,A4,9430,410,126
48,C4,9430,308,126
52,E4,9840,410,126
55,G4,10250,410,126
48,C4,10250,308,126
52,E4,10660,410,126
55,G4,11070,410,126
48,C4,11070,308,126
52,E4,11480,410,126
55,G4,11890,410,126
48,C4,11890,308,126
52,E4,12300,410,126
55,G4,12710,410,126
48,C4,12710,308,126
53,F4,13120,410,126
57,A4,13530,410,126
50,D4,13530,308,126
53,F4,13940,410,126
57,A4,14350,410,126
50,D4,14350,308,126
53,F4,14760,410,126
57,A4,15170,410,126
50,D4,15170,308,126
53,F4,15580,410,126
57,A4,15990,410,126
50,D4,15990,308,126
53,F4,16400,410,126
58,A#4,16810,410,126
50,D4,16810,308,126
53,F4,17220,410,126
58,A#4,17630,410,126
50,D4,17630,308,126
53,F4,18040,410,126
58,A#4,18450,410,126
50,D4,18450,308,126
53,F4,18860,410,126
58,A#4,19270,410,126
48,C4,19270,410,126
60,C5,19680,410,126
53,F4,19680,410,126
57,A4,20090,410,126
48,C4,20090,308,126
53,F4,20500,410,126
57,A4,20910,410,126
48,C4,20910,308,126
53,F4,21320,410,126
57,A4,21730,410,126
48,C4,21730,308,126
57,A4,22140,410,126
53,F4,22550,410,126
48,C4,22550,308,126
52,E4,22960,410,126
55,G4,23370,410,126
48,C4,23370,308,126
52,E4,23780,410,126
55,G4,24190,410,126
48,C4,24190,308,126
52,E4,24600,410,126
55,G4,25010,410,126
48,C4,25010,308,126
52,E4,25420,410,126
55,G4,25830,410,126
48,C4,25830,308,126
53,F4,26240,410,126
57,A4,26650,410,126
50,D4,26650,308,126
53,F4,27060,410,126
57,A4,27470,410,126
50,D4,27470,308,126
53,F4,27880,410,126
50,D4,28290,410,126
50,D4,28290,410,126
55,G4,28700,410,126
50,D4,28700,410,126
53,F4,29110,410,126
50,D4,29110,821,126
60,C5,29931,821,126
53,F4,29931,1027,126
50,D4,30958,1027,126
57,A4,30958,1027,126
50,D4,30958,102,126
50,D4,31162,410,126
53,F4,31572,410,126
50,D4,31572,410,126
55,G4,31982,410,126
50,D4,31982,410,126
53,F4,32392,410,126
48,C4,32392,821,126
60,C5,33213,821,126
48,C4,33213,1027,126
57,A4,34240,1027,126
48,C4,34240,102,126
48,C4,34444,410,126
53,F4,34854,410,126
48,C4,34854,410,126
55,G4,35264,410,126
48,C4,35264,410,126
53,F4,35674,410,126
48,C4,35674,821,126
57,A4,36495,821,126
48,C4,36495,821,126
57,A4,37316,821,126
48,C4,37316,410,126
57,A4,37726,410,126
48,C4,37726,821,126
57,A4,38547,821,126
48,C4,38547,410,126
55,G4,38957,410,126
53,F4,38957,308,126
50,D4,39778,308,126
53,F4,40188,308,126
50,D4,40598,308,126
50,D4,41008,410,126
53,F4,41418,410,126
50,D4,41418,410,126
55,G4,41828,410,126
50,D4,41828,410,126
53,F4,42238,410,126
50,D4,42238,821,126
60,C5,43059,821,126
53,F4,43059,1027,126
50,D4,44086,1027,126
57,A4,44086,1027,126
50,D4,44086,102,126
50,D4,44290,410,126
53,F4,44700,410,126
50,D4,44700,410,126
55,G4,45110,410,126
50,D4,45110,410,126
53,F4,45520,410,126
48,C4,45520,821,126
60,C5,46341,821,126
57,A4,46341,1027,126
48,C4,47368,1027,126
48,C4,47368,102,126
48,C4,47572,410,126
53,F4,47982,410,126
48,C4,47982,410,126
55,G4,48392,410,126
48,C4,48392,410,126
53,F4,48802,410,126
48,C4,48802,821,126
57,A4,49623,821,126
48,C4,49623,821,126
57,A4,50444,821,126
48,C4,50444,410,126
57,A4,50854,410,126
48,C4,50854,821,126
57,A4,51675,821,126
48,C4,51675,410,126
55,G4,52085,410,126
53,F4,52085,719,126
50,D4,52906,308,126
53,F4,53316,308,126
50,D4,53726,308,126
50,D4,54136,410,126
53,F4,54546,410,126
50,D4,54546,410,126
55,G4,54956,410,126
50,D4,54956,410,126
53,F4,55366,410,126
50,D4,55366,821,126
60,C5,56187,821,126
53,F4,56187,1027,126
50,D4,57214,1027,126
57,A4,57214,1027,126
50,D4,57214,102,126
50,D4,57418,410,126
53,F4,57828,410,126
50,D4,57828,410,126
55,G4,58238,410,126
50,D4,58238,410,126
53,F4,58648,410,126
48,C4,58648,821,126
60,C5,59469,821,126
48,C4,59469,1027,126
57,A4,60496,1027,126
48,C4,60496,102,126
48,C4,60700,410,126
53,F4,61110,410,126
48,C4,61110,410,126
55,G4,61520,410,126
48,C4,61520,410,126
53,F4,61930,410,126
48,C4,61930,821,126
57,A4,62751,821,126
48,C4,62751,821,126
57,A4,63572,821,126
48,C4,63572,410,126
57,A4,63982,410,126
48,C4,63982,821,126
57,A4,64803,821,126
48,C4,64803,410,126
55,G4,65213,410,126
53,F4,65213,719,126
50,D4,66034,308,126
53,F4,66444,308,126
50,D4,66854,308,126
50,D4,67264,410,126
53,F4,67674,410,126
50,D4,67674,410,126
55,G4,68084,410,126
50,D4,68084,410,126
53,F4,68494,410,126
50,D4,68494,821,126
60,C5,69315,821,126
53,F4,69315,1027,126
50,D4,70342,1027,126
57,A4,70342,1027,126
50,D4,70342,102,126
50,D4,70546,410,126
53,F4,70956,410,126
50,D4,70956,410,126
55,G4,71366,410,126
50,D4,71366,410,126
53,F4,71776,410,126
60,C5,71776,821,126
48,C4,72597,821,126
48,C4,72597,1027,126
57,A4,73624,1027,126
48,C4,73624,102,126
48,C4,73828,410,126
53,F4,74238,410,126
48,C4,74238,410,126
55,G4,74648,410,126
48,C4,74648,410,126
53,F4,75058,410,126
48,C4,75058,821,126
57,A4,75879,821,126
48,C4,75879,821,126
57,A4,76700,821,126
48,C4,76700,410,126
57,A4,77110,410,126
48,C4,77110,821,126
57,A4,77931,821,126
48,C4,77931,410,126
55,G4,78341,410,126
53,F4,78341,308,126
50,D4,79162,308,126
53,F4,79572,308,126
58,A#4,79982,821,126
53,F4,80803,821,126
65,F5,80803,821,126
58,A#4,80803,410,126
53,F4,81213,410,126
62,D5,81213,410,126
60,C5,81213,308,126
58,A#4,81623,821,126
53,F4,82444,821,126
65,F5,82444,821,126
58,A#4,82444,410,126
53,F4,82854,410,126
62,D5,82854,410,126
60,C5,82854,308,126
58,A#4,83264,821,126
53,F4,84085,821,126
65,F5,84085,821,126
53,F4,84085,821,126
62,D5,84906,821,126
58,A#4,84906,821,126
53,F4,84906,821,126
60,C5,85727,821,126
48,C4,85727,308,126
53,F4,86137,308,126
48,C4,86547,308,126
53,F4,86957,410,126
57,A4,87367,410,126
53,F4,87367,410,126
60,C5,87777,410,126
53,F4,87777,410,126
57,A4,88187,410,126
53,F4,88187,821,126
62,D5,89008,821,126
48,C4,89008,410,126
57,A4,89418,410,126
48,C4,89418,410,126
57,A4,89828,410,126
48,C4,89828,410,126
57,A4,90238,410,126
57,A4,90238,821,126
48,C4,91059,821,126
48,C4,91059,410,126
55,G4,91469,410,126
53,F4,91469,719,126
50,D4,92290,308,126
53,F4,92700,308,126
58,A#4,93110,821,126
53,F4,93931,821,126
65,F5,93931,821,126
58,A#4,93931,410,126
53,F4,94341,410,126
62,D5,94341,410,126
60,C5,94341,308,126
58,A#4,94751,821,126
53,F4,95572,821,126
65,F5,95572,821,126
58,A#4,95572,410,126
53,F4,95982,410,126
62,D5,95982,410,126
60,C5,95982,308,126
65,F5,96392,821,126
58,A#4,97213,821,126
53,F4,97213,821,126
58,A#4,97213,821,126
53,F4,98034,821,126
62,D5,98034,821,126
53,F4,98034,821,126
60,C5,98855,821,126
48,C4,98855,308,126
53,F4,99265,308,126
48,C4,99675,308,126
53,F4,100085,410,126
57,A4,100495,410,126
53,F4,100495,410,126
60,C5,100905,410,126
53,F4,100905,410,126
57,A4,101315,410,126
53,F4,101315,821,126
62,D5,102136,821,126
48,C4,102136,410,126
57,A4,102546,410,126
57,A4,102546,410,126
48,C4,102956,410,126
48,C4,102956,410,126
57,A4,103366,410,126
48,C4,103366,821,126
57,A4,104187,821,126
48,C4,104187,410,126
55,G4,104597,410,126
53,F4,104597,308,126
48,C4,105007,821,126
52,E4,105828,821,126
43,G3,105828,410,126
48,C4,106238,410,126
40,E3,106238,308,126
43,G3,106648,410,126
48,C4,107058,410,126
40,E3,107058,308,126
43,G3,107468,410,126
48,C4,107878,410,126
40,E3,107878,308,126
43,G3,108288,410,126
46,A#3,108698,410,126
48,C4,108698,410,126
48,C4,108698,410,126
58,A#4,109108,410,126
48,C4,109108,410,126
58,A#4,109518,410,126
52,E4,109518,308,126
48,C4,109928,410,126
58,A#4,110338,410,126
48,C4,110338,410,126
58,A#4,110748,410,126
48,C4,110748,410,126
58,A#4,111158,410,126
58,A#4,111158,616,126
48,C4,111774,616,126
57,A4,111774,102,126
48,C4,111978,410,126
53,F4,112388,410,126
53,F4,112388,410,126
57,A4,112798,410,126
48,C4,112798,308,126
57,A4,113208,410,126
53,F4,113618,410,126
48,C4,113618,308,126
53,F4,114028,410,126
57,A4,114438,410,126
48,C4,114438,308,126
53,F4,114848,410,126
58,A#4,115258,410,126
50,D4,115258,308,126
53,F4,115668,410,126
58,A#4,116078,410,126
50,D4,116078,308,126
53,F4,116488,410,126
58,A#4,116898,410,126
50,D4,116898,308,126
53,F4,117308,410,126
58,A#4,117718,410,126
48,C4,117718,410,126
60,C5,118128,410,126
53,F4,118128,410,126
57,A4,118538,410,126
48,C4,118538,308,126
53,F4,118948,410,126
57,A4,119358,410,126
48,C4,119358,308,126
53,F4,119768,410,126
57,A4,120178,410,126
48,C4,120178,308,126
53,F4,120588,410,126
57,A4,120998,410,126
48,C4,120998,308,126
53,F4,121408,410,126
57,A4,121818,410,126
48,C4,121818,308,126
53,F4,122228,410,126
57,A4,122638,410,126
48,C4,122638,308,126
53,F4,123048,410,126
57,A4,123458,410,126
48,C4,123458,308,126
53,F4,123868,410,126
57,A4,124278,410,126
48,C4,124278,308,126
53,F4,124688,410,126
57,A4,125098,410,126
50,D4,125098,308,126
53,F4,125508,410,126
57,A4,125918,410,126
50,D4,125918,308,126
53,F4,126328,410,126
57,A4,126738,410,126
50,D4,126738,308,126
53,F4,127148,410,126
57,A4,127558,410,126
50,D4,127558,308,126
53,F4,127968,410,126
58,A#4,128378,410,126
50,D4,128378,308,126
53,F4,128788,410,126
58,A#4,129198,410,126
50,D4,129198,308,126
53,F4,129608,410,126
58,A#4,130018,410,126
50,D4,130018,308,126
53,F4,130428,410,126
58,A#4,130838,410,126
48,C4,130838,410,126
60,C5,131248,410,126
53,F4,131248,410,126
57,A4,131658,410,126
48,C4,131658,308,126
53,F4,132068,410,126
57,A4,132478,410,126
48,C4,132478,308,126
53,F4,132888,410,126
57,A4,133298,410,126
48,C4,133298,308,126
53,F4,133708,410,126
57,A4,134118,410,126
48,C4,134118,308,126
52,E4,134528,410,126
55,G4,134938,410,126
48,C4,134938,308,126
52,E4,135348,410,126
55,G4,135758,410,126
48,C4,135758,308,126
52,E4,136168,410,126
55,G4,136578,410,126
48,C4,136578,308,126
52,E4,136988,410,126
55,G4,137398,410,126
48,C4,137398,308,126
53,F4,137808,410,126
57,A4,138218,410,126
50,D4,138218,308,126
53,F4,138628,410,126
57,A4,139038,410,126
50,D4,139038,308,126
50,D4,139448,410,126
53,F4,139858,410,126
50,D4,139858,410,126
55,G4,140268,410,126
50,D4,140268,410,126
53,F4,140678,410,126
60,C5,140678,821,126
50,D4,141499,821,126
53,F4,141499,410,126
50,D4,141909,410,126
57,A4,141909,410,126
46,A#3,141909,821,126
41,F3,142730,821,126
53,F4,142730,821,126
50,D4,142730,410,126
53,F4,143140,410,126
50,D4,143140,410,126
55,G4,143550,410,126
50,D4,143550,410,126
53,F4,143960,410,126
60,C5,143960,821,126
48,C4,144781,821,126
48,C4,144781,410,126
57,A4,145191,410,126
48,C4,145191,821,126
45,A3,146012,821,126
48,C4,146012,410,126
53,F4,146422,410,126
55,G4,146422,410,126
48,C4,146832,410,126
48,C4,146832,410,126
53,F4,147242,410,126
57,A4,147242,821,126
48,C4,148063,821,126
57,A4,148063,821,126
48,C4,148884,821,126
48,C4,148884,410,126
57,A4,149294,410,126
57,A4,149294,821,126
48,C4,150115,821,126
48,C4,150115,410,126
55,G4,150525,410,126
53,F4,150525,719,126
45,A3,151346,410,126
50,D4,151756,410,126
45,A3,151756,410,126
50,D4,152166,410,126
45,A3,152166,410,126
50,D4,152576,410,126
53,F4,152576,410,126
50,D4,152986,410,126
50,D4,152986,410,126
55,G4,153396,410,126
50,D4,153396,410,126
53,F4,153806,410,126
60,C5,153806,821,126
50,D4,154627,821,126
53,F4,154627,410,126
50,D4,155037,410,126
57,A4,155037,410,126
46,A#3,155037,821,126
41,F3,155858,821,126
53,F4,155858,821,126
50,D4,155858,410,126
53,F4,156268,410,126
50,D4,156268,410,126
55,G4,156678,410,126
50,D4,156678,410,126
53,F4,157088,410,126
48,C4,157088,821,126
60,C5,157909,821,126
48,C4,157909,410,126
57,A4,158319,410,126
48,C4,158319,821,126
45,A3,159140,821,126
48,C4,159140,410,126
53,F4,159550,410,126
48,C4,159550,410,126
55,G4,159960,410,126
48,C4,159960,410,126
53,F4,160370,410,126
48,C4,160370,821,126
57,A4,161191,821,126
57,A4,161191,821,126
48,C4,162012,821,126
48,C4,162012,410,126
57,A4,162422,410,126
57,A4,162422,821,126
48,C4,163243,821,126
48,C4,163243,410,126
55,G4,163653,410,126
53,F4,163653,719,126
45,A3,164474,410,126
50,D4,164884,410,126
45,A3,164884,410,126
50,D4,165294,410,126
45,A3,165294,410,126
50,D4,165704,410,126
50,D4,165704,410,126
53,F4,166114,410,126
50,D4,166114,410,126
55,G4,166524,410,126
50,D4,166524,410,126
53,F4,166934,410,126
60,C5,166934,821,126
50,D4,167755,821,126
53,F4,167755,410,126
50,D4,168165,410,126
57,A4,168165,410,126
46,A#3,168165,821,126
41,F3,168986,821,126
50,D4,168986,821,126
53,F4,168986,410,126
50,D4,169396,410,126
50,D4,169396,410,126
55,G4,169806,410,126
50,D4,169806,410,126
53,F4,170216,410,126
48,C4,170216,821,126
60,C5,171037,821,126
48,C4,171037,410,126
57,A4,171447,410,126
48,C4,171447,821,126
45,A3,172268,821,126
48,C4,172268,410,126
53,F4,172678,410,126
48,C4,172678,410,126
55,G4,173088,410,126
48,C4,173088,410,126
53,F4,173498,410,126
48,C4,173498,821,126
57,A4,174319,821,126
57,A4,174319,821,126
48,C4,175140,821,126
48,C4,175140,410,126
57,A4,175550,410,126
57,A4,175550,821,126
48,C4,176371,821,126
48,C4,176371,410,126
55,G4,176781,410,126
53,F4,176781,719,126
45,A3,177602,410,126
50,D4,178012,410,126
45,A3,178012,410,126
50,D4,178422,410,126
45,A3,178422,410,126
50,D4,178832,410,126
50,D4,178832,410,126
53,F4,179242,410,126
50,D4,179242,410,126
55,G4,179652,410,126
50,D4,179652,410,126
53,F4,180062,410,126
60,C5,180062,821,126
50,D4,180883,821,126
53,F4,180883,410,126
50,D4,181293,410,126
57,A4,181293,410,126
46,A#3,181293,821,126
41,F3,182114,821,126
50,D4,182114,821,126
50,D4,182114,410,126
53,F4,182524,410,126
50,D4,182524,410,126
55,G4,182934,410,126
50,D4,182934,410,126
53,F4,183344,410,126
48,C4,183344,821,126
60,C5,184165,821,126
48,C4,184165,410,126
57,A4,184575,410,126
48,C4,184575,821,126
45,A3,185396,821,126
48,C4,185396,410,126
53,F4,185806,410,126
55,G4,185806,410,126
48,C4,186216,410,126
48,C4,186216,410,126
53,F4,186626,410,126
48,C4,186626,821,126
57,A4,187447,821,126
57,A4,187447,821,126
48,C4,188268,821,126
48,C4,188268,410,126
57,A4,188678,410,126
57,A4,188678,821,126
48,C4,189499,821,126
48,C4,189499,410,126
55,G4,189909,410,126
53,F4,189909,719,126
41,F3,190730,308,126
46,A#3,191140,410,126
50,D4,191550,410,126
58,A#4,191550,821,126
53,F4,192371,821,126
65,F5,192371,821,126
62,D5,192371,410,126
58,A#4,192781,410,126
53,F4,192781,410,126
60,C5,192781,308,126
65,F5,193191,821,126
58,A#4,194012,821,126
53,F4,194012,821,126
58,A#4,194012,410,126
53,F4,194422,410,126
62,D5,194422,410,126
60,C5,194422,308,126
58,A#4,194832,821,126
53,F4,195653,821,126
65,F5,195653,821,126
62,D5,195653,821,126
58,A#4,196474,821,126
53,F4,196474,821,126
60,C5,196474,821,126
53,F4,197295,821,126
45,A3,197295,308,126
48,C4,197705,410,126
53,F4,198115,410,126
45,A3,198115,308,126
53,F4,198525,410,126
57,A4,198935,410,126
53,F4,198935,410,126
60,C5,199345,410,126
53,F4,199345,410,126
57,A4,199755,410,126
62,D5,199755,821,126
53,F4,200576,821,126
48,C4,200576,410,126
57,A4,200986,410,126
48,C4,200986,410,126
57,A4,201396,410,126
48,C4,201396,410,126
57,A4,201806,410,126
57,A4,201806,821,126
48,C4,202627,821,126
48,C4,202627,410,126
55,G4,203037,410,126
53,F4,203037,719,126
41,F3,203858,308,126
46,A#3,204268,410,126
50,D4,204678,410,126
58,A#4,204678,821,126
53,F4,205499,821,126
65,F5,205499,821,126
58,A#4,205499,410,126
53,F4,205909,410,126
62,D5,205909,410,126
60,C5,205909,308,126
65,F5,206319,821,126
58,A#4,207140,821,126
53,F4,207140,821,126
58,A#4,207140,410,126
53,F4,207550,410,126
62,D5,207550,410,126
60,C5,207550,308,126
58,A#4,207960,821,126
53,F4,208781,821,126
65,F5,208781,821,126
58,A#4,208781,821,126
53,F4,209602,821,126
62,D5,209602,821,126
60,C5,209602,821,126
53,F4,210423,821,126
45,A3,210423,308,126
48,C4,210833,410,126
53,F4,211243,410,126
45,A3,211243,308,126
53,F4,211653,410,126
57,A4,212063,410,126
53,F4,212063,410,126
60,C5,212473,410,126
53,F4,212473,410,126
57,A4,212883,410,126
62,D5,212883,821,126
53,F4,213704,821,126
48,C4,213704,410,126
57,A4,214114,410,126
48,C4,214114,410,126
57,A4,214524,410,126
48,C4,214524,410,126
57,A4,214934,410,126
48,C4,214934,410,126
57,A4,215344,410,126
48,C4,215344,410,126
55,G4,215754,410,126
48,C4,215754,410,126
53,F4,216164,410,126
52,E4,216164,821,126
48,C4,216985,821,126
40,E3,216985,308,126
43,G3,217395,410,126
48,C4,217805,410,126
40,E3,217805,308,126
43,G3,218215,410,126
48,C4,218625,410,126
40,E3,218625,308,126
43,G3,219035,410,126
48,C4,219445,410,126
40,E3,219445,308,126
43,G3,219855,410,126
48,C4,220265,410,126
58,A#4,220265,410,126
48,C4,220675,410,126
48,C4,220675,410,126
58,A#4,221085,410,126
52,E4,221085,308,126
48,C4,221495,410,126
58,A#4,221905,410,126
48,C4,221905,410,126
58,A#4,222315,410,126
48,C4,222315,410,126
58,A#4,222725,410,126
58,A#4,222725,616,126
48,C4,223341,616,126
48,C4,223341,102,126
53,F4,223545,308,126
48,C4,223955,410,126
45,A3,224365,410,126
53,F4,224365,410,126
48,C4,224365,410,126
45,A3,224775,410,126
53,F4,224775,410,126
53,F4,224775,410,126
48,C4,225185,410,126
45,A3,225185,410,126
48,C4,225185,410,126
45,A3,225595,410,126
53,F4,225595,410,126
48,C4,225595,410,126
45,A3,226005,410,126
53,F4,226005,410,126
48,C4,226005,410,126
45,A3,226415,410,126
53,F4,226415,410,126
50,D4,226415,410,126
46,A#3,226825,410,126
41,F3,226825,410,126
53,F4,226825,410,126
50,D4,226825,410,126
46,A#3,227235,410,126
41,F3,227235,410,126
53,F4,227235,410,126
41,F3,227235,410,126
53,F4,227645,410,126
50,D4,227645,410,126
46,A#3,227645,410,126
48,C4,227645,410,126
41,F3,228055,410,126
53,F4,228055,410,126
48,C4,228055,410,126
41,F3,228465,410,126
53,F4,228465,410,126
48,C4,228465,410,126
41,F3,228875,410,126
53,F4,228875,410,126
46,A#3,228875,410,126
41,F3,229285,410,126
53,F4,229285,410,126
46,A#3,229285,410,126
41,F3,229695,410,126
53,F4,229695,410,126
48,C4,229695,410,126
45,A3,230105,410,126
53,F4,230105,410,126
53,F4,230105,410,126
48,C4,230515,410,126
45,A3,230515,410,126
48,C4,230515,410,126
45,A3,230925,410,126
53,F4,230925,410,126
48,C4,230925,410,126
45,A3,231335,410,126
53,F4,231335,410,126
48,C4,231335,410,126
45,A3,231745,410,126
53,F4,231745,410,126
48,C4,231745,410,126
45,A3,232155,410,126
53,F4,232155,410,126
48,C4,232155,410,126
45,A3,232565,410,126
53,F4,232565,410,126
48,C4,232565,410,126
45,A3,232975,410,126
53,F4,232975,410,126
55,G4,232975,410,126
48,C4,233385,410,126
45,A3,233385,410,126
48,C4,233385,410,126
45,A3,233795,410,126
55,G4,233795,410,126
48,C4,233795,410,126
45,A3,234205,410,126
55,G4,234205,410,126
48,C4,234205,410,126
45,A3,234615,410,126
55,G4,234615,410,126
48,C4,234615,410,126
45,A3,235025,410,126
55,G4,235025,410,126
48,C4,235025,410,126
45,A3,235435,410,126
55,G4,235435,410,126
48,C4,235435,410,126
45,A3,235845,410,126
55,G4,235845,410,126
55,G4,235845,410,126
48,C4,236255,410,126
45,A3,236255,410,126
48,C4,236255,410,126
45,A3,236665,410,126
53,F4,236665,410,126
48,C4,236665,410,126
45,A3,237075,410,126
53,F4,237075,410,126
48,C4,237075,410,126
45,A3,237485,410,126
53,F4,237485,410,126
48,C4,237485,410,126
45,A3,237895,410,126
53,F4,237895,410,126
48,C4,237895,410,126
45,A3,238305,410,126
53,F4,238305,410,126
48,C4,238305,410,126
45,A3,238715,410,126
53,F4,238715,410,126
53,F4,238715,410,126
48,C4,239125,410,126
45,A3,239125,410,126
48,C4,239125,410,126
45,A3,239535,410,126
53,F4,239535,410,126
50,D4,239535,410,126
45,A3,239945,410,126
41,F3,239945,410,126
53,F4,239945,410,126
50,D4,239945,410,126
45,A3,240355,410,126
41,F3,240355,410,126
53,F4,240355,410,126
50,D4,240355,410,126
45,A3,240765,410,126
41,F3,240765,410,126
53,F4,240765,410,126
48,C4,240765,410,126
41,F3,241175,410,126
53,F4,241175,410,126
53,F4,241175,410,126
48,C4,241585,410,126
41,F3,241585,410,126
48,C4,241585,410,126
41,F3,241995,410,126
53,F4,241995,410,126
46,A#3,241995,410,126
53,F4,242405,410,126
46,A#3,242405,410,126
53,F4,242815,410,126
48,C4,242815,410,126
45,A3,243225,410,126
53,F4,243225,410,126
48,C4,243225,410,126
45,A3,243635,410,126
53,F4,243635,410,126
48,C4,243635,410,126
45,A3,244045,410,126
53,F4,244045,410,126
48,C4,244045,410,126
45,A3,244455,410,126
53,F4,244455,410,126
48,C4,244455,410,126
45,A3,244865,410,126
53,F4,244865,410,126
48,C4,244865,410,126
45,A3,245275,410,126
53,F4,245275,410,126
48,C4,245275,410,126
45,A3,245685,410,126
53,F4,245685,410,126
48,C4,245685,410,126
45,A3,246095,410,126
53,F4,246095,410,126
48,C4,246095,410,126
45,A3,246505,410,126
55,G4,246505,410,126
48,C4,246505,410,126
45,A3,246915,410,126
55,G4,246915,410,126
48,C4,246915,410,126
45,A3,247325,410,126
55,G4,247325,410,126
48,C4,247325,410,126
45,A3,247735,410,126
55,G4,247735,410,126
48,C4,247735,410,126
45,A3,248145,410,126
55,G4,248145,410,126
48,C4,248145,410,126
45,A3,248555,410,126
55,G4,248555,410,126
48,C4,248555,410,126
45,A3,248965,410,126
55,G4,248965,410,126
48,C4,248965,410,126
45,A3,249375,410,126
55,G4,249375,410,126
48,C4,249375,410,126
45,A3,249785,410,126
53,F4,249785,410,126
48,C4,249785,410,126
45,A3,250195,410,126
53,F4,250195,410,126
48,C4,250195,410,126
45,A3,250605,410,126
53,F4,250605,410,126
48,C4,250605,410,126
45,A3,251015,410,126
53,F4,251015,410,126
48,C4,251015,410,126
45,A3,251425,410,126
53,F4,251425,410,126
48,C4,251425,410,126
45,A3,251835,410,126
53,F4,251835,410,126
60,C5,251835,410,126
69,A5,252245,821,126
57,A4,253066,821,126
50,D4,253066,410,126
45,A3,253476,410,126
41,F3,253476,410,126
53,F4,253476,410,126
41,F3,253476,410,126
53,F4,253886,410,126
50,D4,253886,410,126
45,A3,253886,410,126
48,C4,253886,410,126
41,F3,254296,410,126
53,F4,254296,410,126
48,C4,254296,410,126
41,F3,254706,410,126
53,F4,254706,410,126
55,G4,254706,410,126
67,G5,255116,410,126
53,F4,255116,410,126
65,F5,255526,410,126
50,D4,255526,410,126
62,D5,255936,410,126
53,F4,255936,821,126
48,C4,256757,821,126
60,C5,256757,821,126
48,C4,256757,410,126
45,A3,257167,410,126
53,F4,257167,410,126
53,F4,257167,410,126
48,C4,257577,410,126
45,A3,257577,410,126
48,C4,257577,410,126
45,A3,257987,410,126
53,F4,257987,410,126
48,C4,257987,410,126
45,A3,258397,410,126
53,F4,258397,410,126
48,C4,258397,410,126
45,A3,258807,410,126
53,F4,258807,410,126
48,C4,258807,410,126
45,A3,259217,410,126
53,F4,259217,410,126
48,C4,259217,410,126
45,A3,259627,410,126
55,G4,259627,410,126
48,C4,259627,410,126
45,A3,260037,410,126
55,G4,260037,410,126
55,G4,260037,410,126
48,C4,260447,410,126
45,A3,260447,410,126
48,C4,260447,410,126
45,A3,260857,410,126
55,G4,260857,410,126
48,C4,260857,410,126
45,A3,261267,410,126
55,G4,261267,410,126
48,C4,261267,410,126
45,A3,261677,410,126
55,G4,261677,410,126
48,C4,261677,410,126
45,A3,262087,410,126
55,G4,262087,410,126
48,C4,262087,410,126
45,A3,262497,410,126
55,G4,262497,410,126
48,C4,262497,410,126
45,A3,262907,410,126
53,F4,262907,410,126
53,F4,262907,410,126
48,C4,263317,410,126
45,A3,263317,410,126
48,C4,263317,410,126
45,A3,263727,410,126
53,F4,263727,410,126
48,C4,263727,410,126
45,A3,264137,410,126
53,F4,264137,410,126
48,C4,264137,410,126
45,A3,264547,410,126
53,F4,264547,410,126
48,C4,264547,410,126
45,A3,264957,410,126
53,F4,264957,410,126
60,C5,264957,410,126
69,A5,265367,821,126
57,A4,266188,821,126
50,D4,266188,410,126
45,A3,266598,410,126
41,F3,266598,410,126
53,F4,266598,410,126
50,D4,266598,410,126
45,A3,267008,410,126
41,F3,267008,410,126
53,F4,267008,410,126
48,C4,267008,410,126
41,F3,267418,410,126
53,F4,267418,410,126
48,C4,267418,410,126
41,F3,267828,410,126
53,F4,267828,410,126
55,G4,267828,410,126
67,G5,268238,410,126
53,F4,268238,410,126
65,F5,268648,410,126
50,D4,268648,410,126
62,D5,269058,410,126
53,F4,269058,821,126
48,C4,269879,821,126
60,C5,269879,821,126
45,A3,269879,410,126
53,F4,270289,410,126
48,C4,270289,410,126
48,C4,270289,410,126
45,A3,270699,410,126
53,F4,270699,410,126
48,C4,270699,410,126
45,A3,271109,410,126
53,F4,271109,410,126
48,C4,271109,410,126
45,A3,271519,410,126
53,F4,271519,410,126
48,C4,271519,410,126
45,A3,271929,410,126
53,F4,271929,410,126
48,C4,271929,410,126
45,A3,272339,410,126
53,F4,272339,410,126
48,C4,272339,410,126
45,A3,272749,410,126
55,G4,272749,410,126
45,A3,272749,410,126
55,G4,273159,410,126
48,C4,273159,410,126
48,C4,273159,410,126
45,A3,273569,410,126
55,G4,273569,410,126
48,C4,273569,410,126
45,A3,273979,410,126
55,G4,273979,410,126
48,C4,273979,410,126
45,A3,274389,410,126
55,G4,274389,410,126
48,C4,274389,410,126
45,A3,274799,410,126
55,G4,274799,410,126
48,C4,274799,410,126
45,A3,275209,410,126
55,G4,275209,410,126
48,C4,275209,410,126
45,A3,275619,410,126
55,G4,275619,410,126
45,A3,275619,410,126
53,F4,276029,410,126
48,C4,276029,410,126
48,C4,276029,410,126
45,A3,276439,410,126
53,F4,276439,410,126
48,C4,276439,410,126
45,A3,276849,410,126
50,D4,276849,410,126
48,C4,276849,410,126
45,A3,277259,410,126
53,F4,277259,410,126
48,C4,277259,410,126
45,A3,277669,410,126
53,F4,277669,410,126
48,C4,277669,410,126
45,A3,278079,410,126
53,F4,278079,410,126
60,C5,278079,410,126
69,A5,278489,821,126
57,A4,279310,821,126
41,F3,279310,410,126
53,F4,279720,410,126
50,D4,279720,410,126
45,A3,279720,410,126
50,D4,279720,410,126
45,A3,280130,410,126
41,F3,280130,410,126
53,F4,280130,410,126
48,C4,280130,410,126
41,F3,280540,410,126
53,F4,280540,410,126
48,C4,280540,410,126
41,F3,280950,410,126
53,F4,280950,410,126
55,G4,280950,410,126
67,G5,281360,410,126
53,F4,281360,410,126
65,F5,281770,410,126
50,D4,281770,410,126
62,D5,282180,410,126
53,F4,282180,821,126
48,C4,283001,821,126
60,C5,283001,821,126
48,C4,283001,410,126
45,A3,283411,410,126
53,F4,283411,410,126
48,C4,283411,410,126
45,A3,283821,410,126
53,F4,283821,410,126
48,C4,283821,410,126
45,A3,284231,410,126
53,F4,284231,410,126
48,C4,284231,410,126
45,A3,284641,410,126
53,F4,284641,410,126
48,C4,284641,410,126
45,A3,285051,410,126
53,F4,285051,410,126
48,C4,285051,410,126
45,A3,285461,410,126
53,F4,285461,410,126
48,C4,285461,410,126
45,A3,285871,410,126
55,G4,285871,410,126
48,C4,285871,410,126
45,A3,286281,410,126
55,G4,286281,410,126
48,C4,286281,410,126
45,A3,286691,410,126
55,G4,286691,410,126
48,C4,286691,410,126
45,A3,287101,410,126
55,G4,287101,410,126
48,C4,287101,410,126
45,A3,287511,410,126
55,G4,287511,410,126
48,C4,287511,410,126
45,A3,287921,410,126
55,G4,287921,410,126
48,C4,287921,410,126
45,A3,288331,410,126
55,G4,288331,410,126
48,C4,288331,410,126
45,A3,288741,410,126
55,G4,288741,410,126
48,C4,288741,821,126
45,A3,289562,821,126
53,F4,289562,821,126
53,F4,289562,616,126
48,C4,290178,616,126
45,A3,290178,616,126
53,F4,290178,1027,126
48,C4,291205,1027,126
45,A3,291205,1027,126
60,C5,291205,410,126
69,A5,291615,1232,126
57,A4,292847,1232,126
46,A#3,292847,616,126
41,F3,293463,616,126
50,D4,293463,616,126
46,A#3,293463,616,126
41,F3,294079,616,126
48,C4,294079,616,126
55,G4,294079,410,126
67,G5,294489,410,126
65,F5,294489,410,126
53,F4,294899,410,126
50,D4,294899,410,126
62,D5,295309,410,126
48,C4,295309,102,126
53,F4,295411,102,126
60,C5,295513,1335,126
48,C4,296950,3184,126
45,A3,300134,3184,126
41,F3,300134,3184,126
53,F4,300134,3184,126
--end--
