74,D6,1376,172,126
76,E6,1548,172,126
72,C6,1720,172,126
69,A5,1892,344,126
71,B5,2236,172,126
67,G5,2408,344,126
62,D5,2752,172,126
64,E5,2924,172,126
60,C5,3096,172,126
57,A4,3268,344,126
59,B4,3612,172,126
55,G4,3784,344,126
50,D4,4128,172,126
52,E4,4300,172,126
48,C4,4472,206,126
67,G5,6191,344,126
62,D5,6535,344,126
59,B4,6535,344,126
55,G4,6535,344,126
50,D4,6535,172,126
51,D#4,6707,172,126
52,E4,6879,172,126
60,C5,7051,344,126
52,E4,7395,172,126
60,C5,7567,344,126
52,E4,7911,172,126
60,C5,8083,860,126
64,E5,9115,172,126
60,C5,9287,172,126
72,C6,9287,172,126
65,F5,9287,172,126
62,D5,9459,172,126
74,D6,9459,172,126
66,F#5,9459,172,126
75,D#6,9631,172,126
67,G5,9631,172,126
64,E5,9803,172,126
76,E6,9803,172,126
60,C5,9803,172,126
72,C6,9975,172,126
64,E5,9975,172,126
65,F5,9975,172,126
74,D6,10147,172,126
67,G5,10147,344,126
76,E6,10491,344,126
62,D5,10491,172,126
59,B4,10663,172,126
71,B5,10663,172,126
65,F5,10663,344,126
62,D5,11007,344,126
74,D6,11007,344,126
64,E5,11007,1032,126
60,C5,12039,1032,126
72,C6,12039,1032,126
50,D4,12039,172,126
51,D#4,12211,172,126
52,E4,12383,172,126
60,C5,12555,344,126
52,E4,12899,172,126
60,C5,13071,344,126
52,E4,13415,172,126
60,C5,13587,1112,126
69,A5,14790,172,126
60,C5,14962,172,126
67,G5,14962,172,126
60,C5,15134,172,126
66,F#5,15134,172,126
60,C5,15306,172,126
69,A5,15306,172,126
72,C6,15478,172,126
76,E6,15650,344,126
62,D5,15994,172,126
74,D6,16166,172,126
72,C6,16166,172,126
69,A5,16338,172,126
65,F5,16510,1032,126
62,D5,17542,1032,126
74,D6,17542,1032,126
50,D4,17542,172,126
51,D#4,17714,172,126
52,E4,17886,172,126
60,C5,18058,344,126
52,E4,18402,172,126
60,C5,18574,344,126
52,E4,18918,172,126
60,C5,19090,860,126
64,E5,20122,172,126
60,C5,20294,172,126
72,C6,20294,172,126
65,F5,20294,172,126
62,D5,20466,172,126
74,D6,20466,172,126
66,F#5,20466,172,126
75,D#6,20638,172,126
67,G5,20638,172,126
64,E5,20810,172,126
76,E6,20810,172,126
64,E5,20810,172,126
60,C5,20982,172,126
72,C6,20982,172,126
65,F5,20982,172,126
74,D6,21154,172,126
67,G5,21154,344,126
76,E6,21498,344,126
71,B5,21498,172,126
62,D5,21670,172,126
65,F5,21670,344,126
74,D6,22014,344,126
64,E5,22014,1032,126
60,C5,23046,1032,126
72,C6,23046,1032,126
72,C6,23046,172,126
74,D6,23218,172,126
64,E5,23390,172,126
76,E6,23562,172,126
60,C5,23562,172,126
72,C6,23734,172,126
74,D6,23734,172,126
76,E6,23906,344,126
72,C6,24250,172,126
60,C5,24422,172,126
74,D6,24422,172,126
72,C6,24594,172,126
64,E5,24766,172,126
76,E6,24938,172,126
60,C5,24938,172,126
72,C6,25110,172,126
74,D6,25110,172,126
76,E6,25282,344,126
60,C5,25626,172,126
72,C6,25798,172,126
74,D6,25798,172,126
72,C6,25970,172,126
67,G5,26142,172,126
64,E5,26314,172,126
76,E6,26314,172,126
64,E5,26314,172,126
60,C5,26486,172,126
72,C6,26486,172,126
74,D6,26486,172,126
65,F5,26658,172,126
67,G5,26658,344,126
76,E6,27002,344,126
71,B5,27002,172,126
62,D5,27174,172,126
65,F5,27174,344,126
74,D6,27518,344,126
64,E5,27518,1032,126
60,C5,28550,1032,126
72,C6,28550,1032,126
50,D4,28550,172,126
51,D#4,28722,172,126
52,E4,28894,172,126
60,C5,29066,344,126
52,E4,29410,172,126
60,C5,29582,344,126
52,E4,29926,172,126
60,C5,30098,860,126
60,C5,31130,172,126
72,C6,31302,172,126
64,E5,31302,172,126
65,F5,31302,172,126
62,D5,31474,172,126
74,D6,31474,172,126
66,F#5,31474,172,126
75,D#6,31646,172,126
67,G5,31646,172,126
64,E5,31818,172,126
76,E6,31818,172,126
64,E5,31818,172,126
60,C5,31990,172,126
72,C6,31990,172,126
65,F5,31990,172,126
74,D6,32162,172,126
67,G5,32162,344,126
76,E6,32506,344,126
62,D5,32506,172,126
59,B4,32678,172,126
71,B5,32678,172,126
74,D6,32678,344,126
65,F5,33022,344,126
62,D5,33022,344,126
64,E5,33022,1032,126
60,C5,34054,1032,126
72,C6,34054,1032,126
50,D4,34054,172,126
51,D#4,34226,172,126
52,E4,34398,172,126
60,C5,34570,344,126
52,E4,34914,172,126
60,C5,35086,344,126
52,E4,35430,172,126
60,C5,35602,1112,126
69,A5,36805,172,126
60,C5,36977,172,126
67,G5,36977,172,126
60,C5,37149,172,126
66,F#5,37149,172,126
60,C5,37321,172,126
69,A5,37321,172,126
72,C6,37493,172,126
76,E6,37665,344,126
62,D5,38009,172,126
74,D6,38181,172,126
72,C6,38181,172,126
69,A5,38353,172,126
65,F5,38525,1032,126
62,D5,39557,1032,126
74,D6,39557,1032,126
50,D4,39557,172,126
51,D#4,39729,172,126
52,E4,39901,172,126
60,C5,40073,344,126
52,E4,40417,172,126
60,C5,40589,344,126
52,E4,40933,172,126
60,C5,41105,860,126
64,E5,42137,172,126
60,C5,42309,172,126
72,C6,42309,172,126
65,F5,42309,172,126
62,D5,42481,172,126
74,D6,42481,172,126
66,F#5,42481,172,126
75,D#6,42653,172,126
67,G5,42653,172,126
64,E5,42825,172,126
76,E6,42825,172,126
64,E5,42825,172,126
60,C5,42997,172,126
72,C6,42997,172,126
65,F5,42997,172,126
74,D6,43169,172,126
67,G5,43169,344,126
76,E6,43513,344,126
71,B5,43513,172,126
62,D5,43685,172,126
65,F5,43685,344,126
74,D6,44029,344,126
72,C6,44029,1032,126
64,E5,45061,1032,126
60,C5,45061,1032,126
72,C6,45061,172,126
74,D6,45233,172,126
64,E5,45405,172,126
76,E6,45577,172,126
60,C5,45577,172,126
72,C6,45749,172,126
74,D6,45749,172,126
76,E6,45921,344,126
60,C5,46265,172,126
72,C6,46437,172,126
74,D6,46437,172,126
72,C6,46609,172,126
64,E5,46781,172,126
76,E6,46953,172,126
60,C5,46953,172,126
72,C6,47125,172,126
74,D6,47125,172,126
76,E6,47297,344,126
60,C5,47641,172,126
72,C6,47813,172,126
74,D6,47813,172,126
72,C6,47985,172,126
67,G5,48157,172,126
64,E5,48329,172,126
76,E6,48329,172,126
64,E5,48329,172,126
60,C5,48501,172,126
72,C6,48501,172,126
65,F5,48501,172,126
74,D6,48673,172,126
67,G5,48673,344,126
76,E6,49017,344,126
71,B5,49017,172,126
62,D5,49189,172,126
65,F5,49189,344,126
74,D6,49533,344,126
60,C5,49533,860,126
72,C6,50393,860,126
64,E5,50393,860,126
60,C5,50393,172,126
52,E4,50565,172,126
64,E5,50565,172,126
62,D5,50565,172,126
53,F4,50737,172,126
65,F5,50737,172,126
63,D#5,50737,172,126
66,F#5,50909,172,126
64,E5,50909,344,126
55,G4,51253,344,126
67,G5,51253,344,126
69,A5,51253,172,126
64,E5,51425,172,126
64,E5,51425,344,126
67,G5,51769,344,126
60,C5,51769,172,126
52,E4,51941,172,126
64,E5,51941,172,126
65,F5,51941,172,126
62,D5,52113,172,126
53,F4,52113,172,126
63,D#5,52113,172,126
66,F#5,52285,172,126
64,E5,52285,344,126
55,G4,52629,344,126
67,G5,52629,344,126
69,A5,52629,172,126
64,E5,52801,172,126
64,E5,52801,344,126
67,G5,53145,344,126
64,E5,53145,172,126
60,C5,53317,172,126
55,G4,53489,172,126
57,A4,53661,172,126
59,B4,53833,172,126
60,C5,54005,172,126
62,D5,54177,172,126
64,E5,54349,172,126
62,D5,54521,172,126
60,C5,54693,172,126
62,D5,54865,172,126
55,G4,55037,172,126
64,E5,55209,172,126
65,F5,55381,172,126
67,G5,55553,172,126
69,A5,55725,172,126
67,G5,55897,172,126
64,E5,56069,172,126
65,F5,56241,172,126
64,E5,56413,344,126
55,G4,56757,344,126
67,G5,56757,344,126
69,A5,56757,172,126
64,E5,56929,172,126
64,E5,56929,344,126
67,G5,57273,344,126
60,C5,57273,172,126
52,E4,57445,172,126
64,E5,57445,172,126
62,D5,57445,172,126
53,F4,57617,172,126
65,F5,57617,172,126
63,D#5,57617,172,126
66,F#5,57789,172,126
64,E5,57789,344,126
55,G4,58133,344,126
67,G5,58133,344,126
69,A5,58133,172,126
64,E5,58305,172,126
64,E5,58305,344,126
67,G5,58649,344,126
67,G5,58649,172,126
69,A5,58821,172,126
70,A#5,58993,172,126
67,G5,59165,172,126
62,D5,59337,172,126
71,B5,59337,172,126
62,D5,59337,344,126
71,B5,59681,344,126
67,G5,59681,344,126
66,F#5,59681,344,126
60,C5,60025,344,126
71,B5,60025,344,126
69,A5,60025,172,126
60,C5,60197,172,126
66,F#5,60369,172,126
62,D5,60369,172,126
59,B4,60541,860,126
67,G5,61401,860,126
60,C5,61401,172,126
52,E4,61573,172,126
64,E5,61573,172,126
62,D5,61573,172,126
53,F4,61745,172,126
65,F5,61745,172,126
63,D#5,61745,172,126
66,F#5,61917,172,126
55,G4,61917,344,126
67,G5,62261,344,126
64,E5,62261,344,126
69,A5,62261,172,126
64,E5,62433,172,126
64,E5,62433,344,126
67,G5,62777,344,126
60,C5,62777,172,126
52,E4,62949,172,126
64,E5,62949,172,126
62,D5,62949,172,126
53,F4,63121,172,126
65,F5,63121,172,126
63,D#5,63121,172,126
66,F#5,63293,172,126
64,E5,63293,344,126
55,G4,63637,344,126
67,G5,63637,344,126
69,A5,63637,172,126
64,E5,63809,172,126
64,E5,63809,344,126
67,G5,64153,344,126
64,E5,64153,172,126
60,C5,64325,172,126
55,G4,64497,172,126
57,A4,64669,172,126
59,B4,64841,172,126
60,C5,65013,172,126
62,D5,65185,172,126
64,E5,65357,172,126
62,D5,65529,172,126
60,C5,65701,172,126
62,D5,65873,172,126
60,C5,66045,802,126
55,G4,66904,172,126
54,F#4,67076,172,126
55,G4,67248,172,126
60,C5,67420,344,126
57,A4,67764,172,126
60,C5,67936,344,126
57,A4,68280,172,126
60,C5,68452,172,126
57,A4,68624,172,126
55,G4,68796,172,126
60,C5,68968,172,126
64,E5,69140,172,126
67,G5,69312,292,126
64,E5,69655,172,126
60,C5,69827,172,126
55,G4,69999,172,126
54,F#4,70171,344,126
57,A4,70515,344,126
60,C5,70515,344,126
54,F#4,70859,344,126
64,E5,70859,172,126
53,F4,71031,172,126
62,D5,71031,344,126
53,F4,71375,344,126
60,C5,71375,1032,126
52,E4,72407,1032,126
72,C6,72407,172,126
64,E5,72579,172,126
76,E6,72579,172,126
74,D6,72579,172,126
65,F5,72751,172,126
77,F6,72751,172,126
75,D#6,72751,172,126
78,F#6,72923,172,126
76,E6,72923,344,126
67,G5,73267,344,126
79,G6,73267,344,126
81,A6,73267,172,126
76,E6,73439,172,126
76,E6,73439,344,126
79,G6,73783,344,126
72,C6,73783,172,126
64,E5,73955,172,126
76,E6,73955,172,126
74,D6,73955,172,126
65,F5,74127,172,126
77,F6,74127,172,126
75,D#6,74127,172,126
78,F#6,74299,172,126
76,E6,74299,344,126
67,G5,74643,344,126
79,G6,74643,344,126
81,A6,74643,172,126
76,E6,74815,172,126
76,E6,74815,344,126
79,G6,75159,344,126
76,E6,75159,172,126
72,C6,75331,172,126
67,G5,75503,172,126
69,A5,75675,172,126
71,B5,75847,172,126
72,C6,76019,172,126
74,D6,76191,172,126
76,E6,76363,172,126
74,D6,76535,172,126
72,C6,76707,172,126
74,D6,76879,172,126
67,G5,77051,172,126
76,E6,77223,172,126
77,F6,77395,172,126
79,G6,77567,172,126
81,A6,77739,172,126
79,G6,77911,172,126
76,E6,78083,172,126
77,F6,78255,172,126
67,G5,78427,344,126
79,G6,78771,344,126
76,E6,78771,344,126
81,A6,78771,172,126
76,E6,78943,172,126
76,E6,78943,344,126
79,G6,79287,344,126
72,C6,79287,172,126
64,E5,79459,172,126
76,E6,79459,172,126
74,D6,79459,172,126
65,F5,79631,172,126
77,F6,79631,172,126
75,D#6,79631,172,126
78,F#6,79803,172,126
76,E6,79803,344,126
67,G5,80147,344,126
79,G6,80147,344,126
81,A6,80147,172,126
76,E6,80319,172,126
76,E6,80319,344,126
79,G6,80663,344,126
79,G6,80663,172,126
81,A6,80835,172,126
82,A#6,81007,172,126
79,G6,81179,172,126
74,D6,81351,172,126
83,B6,81351,172,126
79,G6,81351,344,126
74,D6,81695,344,126
83,B6,81695,344,126
78,F#6,81695,344,126
72,C6,82039,344,126
83,B6,82039,344,126
81,A6,82039,172,126
72,C6,82211,172,126
78,F#6,82383,172,126
74,D6,82383,172,126
71,B5,82555,860,126
79,G6,83415,860,126
64,E5,83415,172,126
76,E6,83587,172,126
72,C6,83587,172,126
74,D6,83587,172,126
65,F5,83759,172,126
77,F6,83759,172,126
75,D#6,83759,172,126
78,F#6,83931,172,126
76,E6,83931,344,126
67,G5,84275,344,126
79,G6,84275,344,126
81,A6,84275,172,126
76,E6,84447,172,126
76,E6,84447,344,126
79,G6,84791,344,126
72,C6,84791,172,126
64,E5,84963,172,126
76,E6,84963,172,126
74,D6,84963,172,126
65,F5,85135,172,126
77,F6,85135,172,126
78,F#6,85135,172,126
75,D#6,85307,172,126
76,E6,85307,344,126
67,G5,85651,344,126
79,G6,85651,344,126
81,A6,85651,172,126
76,E6,85823,172,126
76,E6,85823,344,126
79,G6,86167,344,126
76,E6,86167,172,126
72,C6,86339,172,126
67,G5,86511,172,126
69,A5,86683,172,126
71,B5,86855,172,126
72,C6,87027,172,126
74,D6,87199,172,126
76,E6,87371,172,126
74,D6,87543,172,126
72,C6,87715,172,126
74,D6,87887,172,126
72,C6,88059,802,126
67,G5,88918,172,126
66,F#5,89090,172,126
67,G5,89262,172,126
72,C6,89434,344,126
69,A5,89778,172,126
72,C6,89950,344,126
69,A5,90294,172,126
72,C6,90466,172,126
69,A5,90638,172,126
67,G5,90810,172,126
72,C6,90982,172,126
76,E6,91154,172,126
79,G6,91326,292,126
76,E6,91669,172,126
72,C6,91841,172,126
67,G5,92013,172,126
69,A5,92185,344,126
66,F#5,92529,344,126
66,F#5,92529,344,126
72,C6,92873,344,126
76,E6,92873,172,126
65,F5,93045,172,126
65,F5,93045,344,126
74,D6,93389,344,126
64,E5,93389,1204,126
72,C6,94593,1204,126
50,D4,94593,172,126
51,D#4,94765,172,126
52,E4,94937,172,126
60,C5,95109,344,126
52,E4,95453,172,126
60,C5,95625,344,126
52,E4,95969,172,126
60,C5,96141,860,126
64,E5,97173,172,126
60,C5,97345,172,126
72,C6,97345,172,126
65,F5,97345,172,126
62,D5,97517,172,126
74,D6,97517,172,126
66,F#5,97517,172,126
75,D#6,97689,172,126
67,G5,97689,172,126
64,E5,97861,172,126
76,E6,97861,172,126
64,E5,97861,172,126
60,C5,98033,172,126
72,C6,98033,172,126
65,F5,98033,172,126
74,D6,98205,172,126
67,G5,98205,344,126
76,E6,98549,344,126
62,D5,98549,172,126
59,B4,98721,172,126
71,B5,98721,172,126
65,F5,98721,344,126
62,D5,99065,344,126
74,D6,99065,344,126
60,C5,99065,1032,126
72,C6,100097,1032,126
64,E5,100097,1032,126
50,D4,100097,172,126
51,D#4,100269,172,126
52,E4,100441,172,126
60,C5,100613,344,126
52,E4,100957,172,126
60,C5,101129,344,126
52,E4,101473,172,126
60,C5,101645,1112,126
69,A5,102848,172,126
60,C5,103020,172,126
67,G5,103020,172,126
60,C5,103192,172,126
66,F#5,103192,172,126
60,C5,103364,172,126
69,A5,103364,172,126
72,C6,103536,172,126
76,E6,103708,344,126
62,D5,104052,172,126
74,D6,104224,172,126
72,C6,104224,172,126
69,A5,104396,172,126
65,F5,104568,1032,126
62,D5,105600,1032,126
74,D6,105600,1032,126
50,D4,105600,172,126
51,D#4,105772,172,126
52,E4,105944,172,126
60,C5,106116,344,126
52,E4,106460,172,126
60,C5,106632,344,126
52,E4,106976,172,126
60,C5,107148,860,126
64,E5,108180,172,126
60,C5,108352,172,126
72,C6,108352,172,126
65,F5,108352,172,126
62,D5,108524,172,126
74,D6,108524,172,126
75,D#6,108524,172,126
66,F#5,108696,172,126
67,G5,108696,172,126
64,E5,108868,172,126
76,E6,108868,172,126
64,E5,108868,172,126
60,C5,109040,172,126
72,C6,109040,172,126
65,F5,109040,172,126
74,D6,109212,172,126
67,G5,109212,344,126
76,E6,109556,344,126
71,B5,109556,172,126
62,D5,109728,172,126
65,F5,109728,344,126
74,D6,110072,344,126
64,E5,110072,1032,126
60,C5,111104,1032,126
72,C6,111104,1032,126
72,C6,111104,172,126
74,D6,111276,172,126
64,E5,111448,172,126
76,E6,111620,172,126
60,C5,111620,172,126
72,C6,111792,172,126
74,D6,111792,172,126
76,E6,111964,344,126
60,C5,112308,172,126
72,C6,112480,172,126
74,D6,112480,172,126
72,C6,112652,172,126
64,E5,112824,172,126
76,E6,112996,172,126
60,C5,112996,172,126
72,C6,113168,172,126
74,D6,113168,172,126
76,E6,113340,344,126
60,C5,113684,172,126
72,C6,113856,172,126
74,D6,113856,172,126
72,C6,114028,172,126
67,G5,114200,172,126
64,E5,114372,172,126
76,E6,114372,172,126
64,E5,114372,172,126
60,C5,114544,172,126
72,C6,114544,172,126
65,F5,114544,172,126
74,D6,114716,172,126
67,G5,114716,344,126
76,E6,115060,344,126
71,B5,115060,172,126
62,D5,115232,172,126
65,F5,115232,344,126
74,D6,115576,344,126
64,E5,115576,688,126
60,C5,116264,688,126
72,C6,116264,688,126
64,E5,116264,688,126
60,C5,116952,688,126
72,C6,116952,688,126
65,F5,116952,172,126
69,A5,117124,172,126
68,G#5,117124,172,126
65,F5,117296,688,126
69,A5,117984,688,126
69,A5,117984,344,126
65,F5,118328,344,126
72,C6,118328,344,126
70,A#5,118328,1032,126
65,F5,119360,1032,126
74,D6,119360,1032,126
62,D5,119360,344,126
62,D5,119704,172,126
65,F5,119876,172,126
64,E5,119876,172,126
62,D5,120048,688,126
65,F5,120736,688,126
65,F5,120736,344,126
69,A5,121080,344,126
67,G5,121080,860,126
62,D5,121940,860,126
70,A#5,121940,860,126
57,A4,121940,172,126
58,A#4,122112,172,126
67,G5,122284,172,126
62,D5,122456,344,126
67,G5,122800,172,126
62,D5,122972,344,126
67,G5,123316,172,126
62,D5,123488,344,126
60,C5,123832,688,126
65,F5,124520,613,126
64,E5,125207,172,126
68,G#5,125379,172,126
71,B5,125551,172,126
76,E6,125723,344,126
74,D6,126067,172,126
71,B5,126239,172,126
72,C6,126411,172,126
69,A5,126583,688,126
70,A#5,127271,613,126
65,F5,127958,172,126
69,A5,128130,172,126
68,G#5,128130,172,126
65,F5,128302,688,126
69,A5,128990,688,126
69,A5,128990,344,126
65,F5,129334,344,126
72,C6,129334,344,126
70,A#5,129334,1032,126
65,F5,130366,1032,126
74,D6,130366,1032,126
62,D5,130366,344,126
62,D5,130710,172,126
65,F5,130882,172,126
64,E5,130882,172,126
62,D5,131054,688,126
65,F5,131742,688,126
65,F5,131742,344,126
69,A5,132086,344,126
67,G5,132086,860,126
62,D5,132946,860,126
70,A#5,132946,860,126
57,A4,132946,172,126
58,A#4,133118,172,126
67,G5,133290,172,126
62,D5,133462,344,126
67,G5,133806,172,126
62,D5,133978,344,126
67,G5,134322,172,126
62,D5,134494,344,126
60,C5,134838,688,126
59,B4,135526,516,126
56,G#4,136042,516,126
65,F5,136042,516,126
65,F5,136042,172,126
69,A5,136214,172,126
60,C5,136386,172,126
72,C6,136386,344,126
67,G5,136730,344,126
58,A#4,137074,344,126
60,C5,137074,172,126
58,A#4,137246,172,126
62,D5,137418,172,126
64,E5,137418,172,126
57,A4,137590,344,126
65,F5,137934,344,126
59,B4,137934,172,126
60,C5,138106,172,126
62,D5,138278,172,126
64,E5,138450,172,126
65,F5,138622,172,126
67,G5,138794,172,126
65,F5,138966,172,126
69,A5,139138,172,126
68,G#5,139138,172,126
65,F5,139310,688,126
69,A5,139998,688,126
65,F5,139998,344,126
72,C6,140342,344,126
69,A5,140342,344,126
70,A#5,140342,1032,126
65,F5,141374,1032,126
74,D6,141374,1032,126
62,D5,141374,344,126
62,D5,141718,172,126
65,F5,141890,172,126
64,E5,141890,172,126
62,D5,142062,688,126
65,F5,142750,688,126
65,F5,142750,344,126
69,A5,143094,344,126
67,G5,143094,860,126
62,D5,143954,860,126
70,A#5,143954,860,126
57,A4,143954,172,126
58,A#4,144126,172,126
67,G5,144298,172,126
62,D5,144470,344,126
67,G5,144814,172,126
62,D5,144986,344,126
67,G5,145330,172,126
62,D5,145502,344,126
60,C5,145846,688,126
65,F5,146534,613,126
64,E5,147221,172,126
68,G#5,147393,172,126
71,B5,147565,172,126
76,E6,147737,344,126
74,D6,148081,172,126
71,B5,148253,172,126
72,C6,148425,172,126
69,A5,148597,688,126
70,A#5,149285,613,126
65,F5,149972,172,126
69,A5,150144,172,126
68,G#5,150144,172,126
65,F5,150316,688,126
69,A5,151004,688,126
72,C6,151004,344,126
69,A5,151348,344,126
65,F5,151348,344,126
70,A#5,151348,1032,126
65,F5,152380,1032,126
74,D6,152380,1032,126
62,D5,152380,344,126
62,D5,152724,172,126
65,F5,152896,172,126
64,E5,152896,172,126
62,D5,153068,688,126
65,F5,153756,688,126
65,F5,153756,344,126
69,A5,154100,344,126
67,G5,154100,860,126
62,D5,154960,860,126
70,A#5,154960,860,126
57,A4,154960,172,126
58,A#4,155132,172,126
67,G5,155304,172,126
62,D5,155476,344,126
67,G5,155820,172,126
62,D5,155992,344,126
67,G5,156336,172,126
62,D5,156508,344,126
60,C5,156852,688,126
59,B4,157540,516,126
56,G#4,158056,516,126
65,F5,158056,516,126
65,F5,158056,172,126
69,A5,158228,172,126
60,C5,158400,172,126
72,C6,158400,344,126
58,A#4,158744,344,126
67,G5,159088,344,126
60,C5,159088,172,126
58,A#4,159260,172,126
62,D5,159432,172,126
64,E5,159432,172,126
57,A4,159604,688,126
65,F5,160292,688,126
72,C6,160292,688,126
69,A5,160980,688,126
65,F5,160980,688,126
77,F6,160980,688,126
60,C5,160980,292,126
57,A4,161323,172,126
60,C5,161495,344,126
57,A4,161839,172,126
60,C5,162011,172,126
57,A4,162183,172,126
55,G4,162355,172,126
60,C5,162527,172,126
64,E5,162699,172,126
67,G5,162871,344,126
64,E5,163215,172,126
60,C5,163387,172,126
55,G4,163559,172,126
57,A4,163731,344,126
54,F#4,164075,344,126
54,F#4,164075,344,126
60,C5,164419,344,126
64,E5,164419,172,126
53,F4,164591,172,126
62,D5,164591,344,126
53,F4,164935,344,126
60,C5,164935,860,126
52,E4,165795,860,126
67,G5,165795,688,126
64,E5,166483,688,126
60,C5,166483,688,126
72,C6,166483,688,126
53,F4,166483,344,126
50,D4,166827,344,126
52,E4,166827,172,126
49,C#4,166999,172,126
53,F4,166999,344,126
50,D4,167343,344,126
52,E4,167343,172,126
49,C#4,167515,172,126
50,D4,167515,516,126
53,F4,168031,516,126
57,A4,168031,172,126
62,D5,168203,172,126
53,F4,168375,172,126
57,A4,168375,172,126
60,C5,168547,172,126
62,D5,168719,172,126
60,C5,168891,172,126
57,A4,169063,172,126
55,G4,169235,344,126
52,E4,169579,344,126
54,F#4,169579,172,126
51,D#4,169751,172,126
55,G4,169751,344,126
52,E4,170095,344,126
54,F#4,170095,172,126
51,D#4,170267,172,126
55,G4,170267,516,126
52,E4,170783,516,126
60,C5,170783,172,126
55,G4,170955,172,126
64,E5,171127,172,126
60,C5,171127,172,126
62,D5,171299,172,126
64,E5,171471,172,126
62,D5,171643,172,126
60,C5,171815,172,126
59,B4,171987,344,126
62,D5,172331,344,126
58,A#4,172331,172,126
61,C#5,172503,172,126
59,B4,172503,344,126
62,D5,172847,344,126
58,A#4,172847,172,126
61,C#5,173019,172,126
59,B4,173019,516,126
62,D5,173535,516,126
65,F5,173535,172,126
59,B4,173707,172,126
69,A5,173879,172,126
65,F5,173879,172,126
67,G5,174051,172,126
69,A5,174223,172,126
67,G5,174395,172,126
65,F5,174567,172,126
60,C5,174739,172,126
72,C6,174911,172,126
60,C5,174911,172,126
72,C6,175083,172,126
60,C5,175083,688,126
72,C6,175771,688,126
60,C5,175771,344,126
69,A5,176115,344,126
67,G5,176115,344,126
60,C5,176459,344,126
55,G4,176459,172,126
52,E4,176631,172,126
55,G4,176631,172,126
52,E4,176803,172,126
52,E4,176803,344,126
55,G4,177147,344,126
55,G4,177147,344,126
52,E4,177491,344,126
53,F4,177491,344,126
50,D4,177835,344,126
52,E4,177835,172,126
49,C#4,178007,172,126
53,F4,178007,344,126
50,D4,178351,344,126
52,E4,178351,172,126
49,C#4,178523,172,126
53,F4,178523,516,126
50,D4,179039,516,126
57,A4,179039,172,126
62,D5,179211,172,126
53,F4,179383,172,126
57,A4,179383,172,126
60,C5,179555,172,126
62,D5,179727,172,126
60,C5,179899,172,126
57,A4,180071,172,126
55,G4,180243,344,126
52,E4,180587,344,126
54,F#4,180587,172,126
51,D#4,180759,172,126
55,G4,180759,344,126
52,E4,181103,344,126
54,F#4,181103,172,126
51,D#4,181275,172,126
55,G4,181275,516,126
52,E4,181791,516,126
60,C5,181791,172,126
55,G4,181963,172,126
64,E5,182135,172,126
60,C5,182135,172,126
62,D5,182307,172,126
64,E5,182479,172,126
62,D5,182651,172,126
60,C5,182823,172,126
57,A4,182995,172,126
56,G#4,183167,172,126
57,A4,183339,172,126
67,G5,183511,344,126
57,A4,183855,344,126
57,A4,183855,344,126
65,F5,184199,344,126
57,A4,184199,172,126
60,C5,184371,172,126
55,G4,184371,172,126
64,E5,184543,172,126
63,D#5,184543,172,126
64,E5,184715,172,126
69,A5,184887,344,126
72,C6,185231,172,126
67,G5,185403,172,126
64,E5,185575,172,126
60,C5,185747,344,126
54,F#4,186091,344,126
60,C5,186091,344,126
54,F#4,186435,344,126
64,E5,186435,172,126
59,B4,186607,172,126
53,F4,186607,172,126
62,D5,186607,344,126
59,B4,186951,344,126
53,F4,186951,344,126
60,C5,186951,516,126
55,G4,187467,516,126
52,E4,187467,516,126
55,G4,187467,172,126
52,E4,187639,172,126
55,G4,187639,172,126
52,E4,187811,172,126
55,G4,187811,344,126
52,E4,188155,344,126
55,G4,188155,344,126
52,E4,188499,344,126
53,F4,188499,344,126
50,D4,188843,344,126
49,C#4,188843,172,126
52,E4,189015,172,126
53,F4,189015,344,126
50,D4,189359,344,126
52,E4,189359,172,126
49,C#4,189531,172,126
53,F4,189531,516,126
50,D4,190047,516,126
57,A4,190047,172,126
62,D5,190219,172,126
53,F4,190391,172,126
57,A4,190391,172,126
60,C5,190563,172,126
62,D5,190735,172,126
60,C5,190907,172,126
57,A4,191079,172,126
55,G4,191251,344,126
52,E4,191595,344,126
54,F#4,191595,172,126
51,D#4,191767,172,126
52,E4,191767,344,126
55,G4,192111,344,126
54,F#4,192111,172,126
51,D#4,192283,172,126
55,G4,192283,516,126
52,E4,192799,516,126
60,C5,192799,172,126
55,G4,192971,172,126
64,E5,193143,172,126
60,C5,193143,172,126
62,D5,193315,172,126
64,E5,193487,172,126
62,D5,193659,172,126
60,C5,193831,172,126
59,B4,194003,344,126
62,D5,194347,344,126
58,A#4,194347,172,126
61,C#5,194519,172,126
59,B4,194519,344,126
62,D5,194863,344,126
61,C#5,194863,172,126
58,A#4,195035,172,126
59,B4,195035,516,126
62,D5,195551,516,126
65,F5,195551,172,126
59,B4,195723,172,126
69,A5,195895,172,126
65,F5,195895,172,126
67,G5,196067,172,126
69,A5,196239,172,126
67,G5,196411,172,126
65,F5,196583,172,126
60,C5,196755,172,126
72,C6,196927,172,126
60,C5,196927,172,126
72,C6,197099,172,126
60,C5,197099,688,126
72,C6,197787,688,126
60,C5,197787,344,126
69,A5,198131,344,126
60,C5,198131,344,126
67,G5,198475,344,126
55,G4,198475,172,126
52,E4,198647,172,126
55,G4,198647,172,126
52,E4,198819,172,126
55,G4,198819,344,126
52,E4,199163,344,126
55,G4,199163,344,126
52,E4,199507,344,126
53,F4,199507,344,126
50,D4,199851,344,126
52,E4,199851,172,126
49,C#4,200023,172,126
53,F4,200023,344,126
50,D4,200367,344,126
52,E4,200367,172,126
49,C#4,200539,172,126
53,F4,200539,516,126
50,D4,201055,516,126
57,A4,201055,172,126
62,D5,201227,172,126
53,F4,201399,172,126
57,A4,201399,172,126
60,C5,201571,172,126
62,D5,201743,172,126
60,C5,201915,172,126
57,A4,202087,172,126
55,G4,202259,344,126
52,E4,202603,344,126
54,F#4,202603,172,126
51,D#4,202775,172,126
55,G4,202775,344,126
52,E4,203119,344,126
54,F#4,203119,172,126
51,D#4,203291,172,126
55,G4,203291,516,126
52,E4,203807,516,126
60,C5,203807,172,126
55,G4,203979,172,126
64,E5,204151,172,126
60,C5,204151,172,126
62,D5,204323,172,126
64,E5,204495,172,126
62,D5,204667,172,126
60,C5,204839,172,126
57,A4,205011,172,126
56,G#4,205183,172,126
57,A4,205355,172,126
67,G5,205527,344,126
57,A4,205871,344,126
57,A4,205871,344,126
65,F5,206215,344,126
57,A4,206215,172,126
60,C5,206387,172,126
55,G4,206387,172,126
64,E5,206559,172,126
63,D#5,206559,172,126
64,E5,206731,172,126
69,A5,206903,344,126
72,C6,207247,172,126
67,G5,207419,172,126
64,E5,207591,172,126
60,C5,207763,344,126
54,F#4,208107,344,126
60,C5,208107,344,126
54,F#4,208451,344,126
64,E5,208451,172,126
59,B4,208623,172,126
53,F4,208623,172,126
62,D5,208623,344,126
59,B4,208967,344,126
53,F4,208967,344,126
60,C5,208967,860,126
55,G4,209827,860,126
52,E4,209827,860,126
67,G5,209827,332,126
64,E5,210159,332,126
60,C5,210159,332,126
72,C6,210159,332,126
--end--
45,A3,3268,344,126
47,B3,3612,172,126
43,G3,3784,344,126
38,D3,4128,172,126
40,E3,4300,172,126
36,C3,4472,172,126
33,A2,4644,344,126
35,B2,4988,172,126
33,A2,5160,172,126
32,G#2,5332,172,126
31,G2,5504,332,126
31,G2,6191,688,126
19,G1,6879,688,126
36,C3,6879,275,126
40,E3,7222,344,126
43,G3,7566,344,126
31,G2,7566,344,126
43,G3,7910,344,126
43,G3,7910,344,126
46,A#3,8254,344,126
29,F2,8254,344,126
41,F3,8598,344,126
45,A3,8598,177,126
28,E2,8941,344,126
40,E3,9285,344,126
43,G3,9285,177,126
31,G2,9628,275,126
40,E3,9971,344,126
43,G3,10315,344,126
31,G2,10315,275,126
43,G3,10658,344,126
41,F3,11002,344,126
47,B3,11002,344,126
36,C3,11002,275,126
40,E3,11345,344,126
43,G3,11689,344,126
40,E3,11689,344,126
43,G3,12033,344,126
43,G3,12033,344,126
47,B3,12377,344,126
36,C3,12377,275,126
40,E3,12720,344,126
43,G3,13064,344,126
31,G2,13064,344,126
43,G3,13408,344,126
43,G3,13408,344,126
46,A#3,13752,344,126
29,F2,13752,344,126
41,F3,14096,344,126
45,A3,14096,177,126
28,E2,14439,344,126
40,E3,14783,344,126
27,D#2,14783,344,126
39,D#3,15127,344,126
26,D2,15127,344,126
38,D3,15471,344,126
42,F#3,15471,344,126
38,D3,15815,344,126
45,A3,15815,344,126
38,D3,15815,275,126
42,F#3,16158,344,126
45,A3,16502,344,126
43,G3,16502,344,126
47,B3,16846,344,126
31,G2,16846,344,126
43,G3,17190,344,126
33,A2,17190,344,126
45,A3,17534,344,126
35,B2,17534,344,126
47,B3,17878,344,126
36,C3,17878,275,126
40,E3,18221,344,126
43,G3,18565,344,126
31,G2,18565,344,126
43,G3,18909,344,126
43,G3,18909,344,126
46,A#3,19253,344,126
29,F2,19253,344,126
41,F3,19597,344,126
45,A3,19597,177,126
40,E3,19940,344,126
28,E2,20284,344,126
43,G3,20284,177,126
31,G2,20627,275,126
40,E3,20970,344,126
43,G3,21314,344,126
31,G2,21314,275,126
43,G3,21657,344,126
41,F3,22001,344,126
47,B3,22001,344,126
36,C3,22001,275,126
40,E3,22344,344,126
43,G3,22688,344,126
43,G3,22688,275,126
36,C3,23375,275,126
43,G3,23718,177,126
34,A#2,24061,344,126
46,A#3,24405,344,126
43,G3,24405,177,126
33,A2,24748,344,126
45,A3,25092,344,126
45,A3,25092,177,126
32,G#2,25435,344,126
44,G#3,25779,344,126
44,G#3,25779,177,126
31,G2,26122,344,126
43,G3,26466,344,126
43,G3,26466,177,126
31,G2,26809,275,126
43,G3,27152,344,126
47,B3,27496,344,126
36,C3,27496,344,126
43,G3,27840,344,126
31,G2,27840,344,126
43,G3,28184,344,126
33,A2,28184,344,126
45,A3,28528,344,126
35,B2,28528,344,126
47,B3,28872,344,126
36,C3,28872,275,126
40,E3,29215,344,126
43,G3,29559,344,126
31,G2,29559,344,126
43,G3,29903,344,126
43,G3,29903,344,126
46,A#3,30247,344,126
29,F2,30247,344,126
41,F3,30591,344,126
45,A3,30591,177,126
28,E2,30934,344,126
40,E3,31278,344,126
43,G3,31278,177,126
31,G2,31621,275,126
40,E3,31964,344,126
43,G3,32308,344,126
31,G2,32308,275,126
43,G3,32651,344,126
41,F3,32995,344,126
47,B3,32995,344,126
36,C3,32995,275,126
40,E3,33338,344,126
43,G3,33682,344,126
40,E3,33682,344,126
43,G3,34026,344,126
43,G3,34026,344,126
47,B3,34370,344,126
36,C3,34370,275,126
40,E3,34713,344,126
43,G3,35057,344,126
31,G2,35057,344,126
43,G3,35401,344,126
43,G3,35401,344,126
46,A#3,35745,344,126
29,F2,35745,344,126
41,F3,36089,344,126
45,A3,36089,177,126
28,E2,36432,344,126
40,E3,36776,344,126
27,D#2,36776,344,126
39,D#3,37120,344,126
26,D2,37120,344,126
38,D3,37464,344,126
42,F#3,37464,344,126
38,D3,37808,344,126
45,A3,37808,344,126
38,D3,37808,275,126
42,F#3,38151,344,126
45,A3,38495,344,126
43,G3,38495,344,126
47,B3,38839,344,126
31,G2,38839,344,126
43,G3,39183,344,126
33,A2,39183,344,126
45,A3,39527,344,126
35,B2,39527,344,126
47,B3,39871,344,126
36,C3,39871,275,126
40,E3,40214,344,126
43,G3,40558,344,126
31,G2,40558,344,126
43,G3,40902,344,126
43,G3,40902,344,126
46,A#3,41246,344,126
29,F2,41246,344,126
41,F3,41590,344,126
45,A3,41590,177,126
28,E2,41933,344,126
40,E3,42277,344,126
43,G3,42277,177,126
31,G2,42620,275,126
40,E3,42963,344,126
43,G3,43307,344,126
31,G2,43307,275,126
43,G3,43650,344,126
41,F3,43994,344,126
47,B3,43994,344,126
36,C3,43994,275,126
40,E3,44337,344,126
43,G3,44681,344,126
43,G3,44681,275,126
36,C3,45368,275,126
43,G3,45711,177,126
34,A#2,46054,344,126
46,A#3,46398,344,126
43,G3,46398,177,126
33,A2,46741,344,126
45,A3,47085,344,126
45,A3,47085,177,126
32,G#2,47428,344,126
44,G#3,47772,344,126
44,G#3,47772,177,126
31,G2,48115,344,126
43,G3,48459,344,126
43,G3,48459,177,126
31,G2,48802,275,126
47,B3,49145,344,126
43,G3,49489,344,126
43,G3,49489,344,126
36,C3,49833,344,126
43,G3,49833,344,126
31,G2,50177,344,126
36,C3,50177,688,126
24,C2,50865,688,126
36,C3,50865,344,126
24,C2,51209,344,126
43,G3,51209,177,126
31,G2,51552,280,126
43,G3,51895,177,126
36,C3,52238,280,126
43,G3,52581,177,126
31,G2,52924,280,126
43,G3,53267,177,126
29,F2,53610,280,126
45,A3,53953,177,126
41,F3,54296,280,126
44,G#3,54639,177,126
40,E3,54982,280,126
43,G3,55325,177,126
31,G2,55668,280,126
43,G3,56011,177,126
36,C3,56354,280,126
43,G3,56697,177,126
31,G2,57040,280,126
43,G3,57383,177,126
36,C3,57726,280,126
43,G3,58069,177,126
40,E3,58412,280,126
39,D#3,58755,229,126
38,D3,59098,280,126
43,G3,59441,344,126
47,B3,59785,344,126
38,D3,59785,280,126
45,A3,60128,177,126
47,B3,60471,344,126
43,G3,60815,344,126
41,F3,60815,344,126
29,F2,61159,344,126
40,E3,61159,344,126
28,E2,61503,344,126
38,D3,61503,344,126
26,D2,61847,344,126
36,C3,61847,344,126
24,C2,62191,344,126
43,G3,62191,177,126
31,G2,62534,280,126
43,G3,62877,177,126
36,C3,63220,280,126
43,G3,63563,177,126
31,G2,63906,280,126
40,E3,64249,177,126
29,F2,64592,280,126
45,A3,64935,177,126
41,F3,65278,280,126
44,G#3,65621,177,126
40,E3,65964,280,126
43,G3,66307,177,126
36,C3,66650,280,126
46,A#3,66993,177,126
41,F3,67336,344,126
45,A3,67680,344,126
41,F3,67680,344,126
45,A3,68024,344,126
42,F#3,68024,344,126
45,A3,68368,344,126
42,F#3,68368,344,126
45,A3,68712,344,126
43,G3,68712,280,126
43,G3,69055,206,126
43,G3,69398,280,126
43,G3,69741,206,126
38,D3,70084,280,126
38,D3,70427,344,126
45,A3,70771,344,126
43,G3,70771,344,126
47,B3,71115,344,126
43,G3,71115,344,126
47,B3,71459,344,126
36,C3,71459,280,126
43,G3,71802,344,126
31,G2,72146,344,126
40,E3,72146,344,126
28,E2,72490,344,126
38,D3,72490,344,126
26,D2,72834,344,126
36,C3,72834,344,126
24,C2,73178,344,126
43,G3,73178,177,126
31,G2,73521,280,126
43,G3,73864,177,126
36,C3,74207,280,126
43,G3,74550,177,126
31,G2,74893,280,126
43,G3,75236,177,126
29,F2,75579,280,126
45,A3,75922,177,126
41,F3,76265,280,126
44,G#3,76608,177,126
40,E3,76951,280,126
43,G3,77294,177,126
31,G2,77637,280,126
43,G3,77980,177,126
36,C3,78323,280,126
43,G3,78666,177,126
31,G2,79009,280,126
43,G3,79352,177,126
36,C3,79695,280,126
43,G3,80038,177,126
40,E3,80381,280,126
39,D#3,80724,229,126
38,D3,81067,280,126
43,G3,81410,344,126
47,B3,81754,344,126
38,D3,81754,280,126
45,A3,82097,177,126
47,B3,82440,344,126
43,G3,82784,344,126
41,F3,82784,344,126
29,F2,83128,344,126
40,E3,83128,344,126
28,E2,83472,344,126
38,D3,83472,344,126
26,D2,83816,344,126
36,C3,83816,344,126
24,C2,84160,344,126
43,G3,84160,177,126
31,G2,84503,280,126
43,G3,84846,177,126
36,C3,85189,280,126
43,G3,85532,177,126
31,G2,85875,280,126
40,E3,86218,177,126
29,F2,86561,280,126
45,A3,86904,177,126
41,F3,87247,280,126
44,G#3,87590,177,126
40,E3,87933,280,126
43,G3,88276,177,126
36,C3,88619,280,126
46,A#3,88962,177,126
41,F3,89305,344,126
45,A3,89649,344,126
41,F3,89649,344,126
45,A3,89993,344,126
42,F#3,89993,344,126
45,A3,90337,344,126
42,F#3,90337,344,126
45,A3,90681,344,126
43,G3,90681,280,126
43,G3,91024,206,126
43,G3,91367,280,126
43,G3,91710,206,126
38,D3,92053,280,126
38,D3,92396,344,126
45,A3,92740,344,126
43,G3,92740,344,126
47,B3,93084,344,126
43,G3,93084,344,126
47,B3,93428,344,126
36,C3,93428,280,126
43,G3,93771,344,126
31,G2,94115,344,126
36,C3,94115,688,126
24,C2,94803,688,126
36,C3,94803,275,126
40,E3,95146,344,126
43,G3,95490,344,126
31,G2,95490,344,126
43,G3,95834,344,126
43,G3,95834,344,126
46,A#3,96178,344,126
29,F2,96178,344,126
41,F3,96522,344,126
45,A3,96522,177,126
28,E2,96865,344,126
40,E3,97209,344,126
43,G3,97209,177,126
31,G2,97552,275,126
40,E3,97895,344,126
43,G3,98239,344,126
31,G2,98239,275,126
43,G3,98582,344,126
41,F3,98926,344,126
47,B3,98926,344,126
36,C3,98926,275,126
43,G3,99269,344,126
40,E3,99613,344,126
40,E3,99613,344,126
43,G3,99957,344,126
43,G3,99957,344,126
47,B3,100301,344,126
36,C3,100301,275,126
40,E3,100644,344,126
43,G3,100988,344,126
31,G2,100988,344,126
43,G3,101332,344,126
43,G3,101332,344,126
46,A#3,101676,344,126
29,F2,101676,344,126
41,F3,102020,344,126
45,A3,102020,177,126
28,E2,102363,344,126
40,E3,102707,344,126
27,D#2,102707,344,126
39,D#3,103051,344,126
26,D2,103051,344,126
38,D3,103395,344,126
42,F#3,103395,344,126
38,D3,103739,344,126
45,A3,103739,344,126
38,D3,103739,275,126
42,F#3,104082,344,126
45,A3,104426,344,126
43,G3,104426,344,126
47,B3,104770,344,126
31,G2,104770,344,126
43,G3,105114,344,126
33,A2,105114,344,126
45,A3,105458,344,126
35,B2,105458,344,126
47,B3,105802,344,126
36,C3,105802,275,126
40,E3,106145,344,126
43,G3,106489,344,126
31,G2,106489,344,126
43,G3,106833,344,126
43,G3,106833,344,126
46,A#3,107177,344,126
29,F2,107177,344,126
41,F3,107521,344,126
45,A3,107521,177,126
28,E2,107864,344,126
40,E3,108208,344,126
43,G3,108208,177,126
31,G2,108551,275,126
40,E3,108894,344,126
43,G3,109238,344,126
31,G2,109238,275,126
41,F3,109581,344,126
47,B3,109925,344,126
43,G3,109925,344,126
36,C3,109925,275,126
40,E3,110268,344,126
43,G3,110612,344,126
43,G3,110612,275,126
36,C3,111299,275,126
43,G3,111642,177,126
34,A#2,111985,344,126
46,A#3,112329,344,126
43,G3,112329,177,126
33,A2,112672,344,126
45,A3,113016,344,126
45,A3,113016,177,126
32,G#2,113359,344,126
44,G#3,113703,344,126
44,G#3,113703,177,126
31,G2,114046,344,126
43,G3,114390,344,126
43,G3,114390,177,126
31,G2,114733,275,126
43,G3,115076,344,126
47,B3,115420,344,126
43,G3,115420,344,126
36,C3,115764,344,126
43,G3,115764,344,126
31,G2,116108,344,126
24,C2,116108,688,126
36,C3,116796,688,126
29,F2,116796,286,126
45,A3,117139,183,126
36,C3,117482,286,126
45,A3,117825,183,126
34,A#2,118168,286,126
46,A#3,118511,183,126
41,F3,118854,286,126
46,A#3,119197,183,126
26,D2,119540,286,126
45,A3,119883,183,126
33,A2,120226,286,126
45,A3,120569,183,126
31,G2,120912,286,126
43,G3,121255,344,126
46,A#3,121599,344,126
38,D3,121599,286,126
43,G3,121942,344,126
46,A#3,122286,344,126
34,A#2,122286,344,126
46,A#3,122630,344,126
46,A#3,122630,183,126
31,G2,122973,344,126
43,G3,123317,344,126
32,G#2,123317,344,126
44,G#3,123661,344,126
45,A3,123661,344,126
33,A2,124005,344,126
45,A3,124005,183,126
38,D3,124348,286,126
45,A3,124691,183,126
40,E3,125034,286,126
47,B3,125377,183,126
44,G#3,125720,286,126
47,B3,126063,183,126
45,A3,126406,579,126
43,G3,127093,344,126
36,C3,127437,258,126
29,F2,127781,286,126
45,A3,128124,183,126
36,C3,128467,286,126
45,A3,128810,183,126
34,A#2,129153,286,126
46,A#3,129496,183,126
41,F3,129839,286,126
46,A#3,130182,183,126
26,D2,130525,286,126
45,A3,130868,183,126
33,A2,131211,286,126
45,A3,131554,183,126
31,G2,131897,286,126
43,G3,132240,344,126
46,A#3,132584,344,126
38,D3,132584,286,126
43,G3,132927,344,126
46,A#3,133271,344,126
34,A#2,133271,344,126
46,A#3,133615,344,126
46,A#3,133615,183,126
31,G2,133958,344,126
43,G3,134302,344,126
32,G#2,134302,344,126
44,G#3,134646,344,126
33,A2,134646,172,126
41,F3,134818,172,126
29,F2,134990,172,126
28,E2,134990,172,126
38,D3,135162,172,126
26,D2,135334,172,126
37,C#3,135334,688,126
25,C#2,136022,688,126
36,C3,136022,344,126
24,C2,136366,344,126
45,A3,136366,183,126
36,C3,136709,344,126
36,C3,137053,344,126
24,C2,137397,344,126
29,F2,137397,1376,126
41,F3,138773,1376,126
29,F2,138773,286,126
45,A3,139116,183,126
36,C3,139459,286,126
45,A3,139802,183,126
34,A#2,140145,286,126
46,A#3,140488,183,126
41,F3,140831,286,126
46,A#3,141174,183,126
26,D2,141517,286,126
45,A3,141860,183,126
33,A2,142203,286,126
45,A3,142546,183,126
31,G2,142889,286,126
43,G3,143232,344,126
46,A#3,143576,344,126
38,D3,143576,286,126
43,G3,143919,344,126
46,A#3,144263,344,126
34,A#2,144263,344,126
46,A#3,144607,344,126
46,A#3,144607,183,126
31,G2,144950,344,126
43,G3,145294,344,126
32,G#2,145294,344,126
44,G#3,145638,344,126
33,A2,145638,344,126
45,A3,145982,344,126
45,A3,145982,183,126
38,D3,146325,286,126
45,A3,146668,183,126
40,E3,147011,286,126
47,B3,147354,183,126
44,G#3,147697,286,126
47,B3,148040,183,126
45,A3,148383,579,126
43,G3,149070,344,126
36,C3,149414,258,126
29,F2,149758,286,126
45,A3,150101,183,126
36,C3,150444,286,126
45,A3,150787,183,126
34,A#2,151130,286,126
46,A#3,151473,183,126
41,F3,151816,286,126
46,A#3,152159,183,126
26,D2,152502,286,126
45,A3,152845,183,126
33,A2,153188,286,126
45,A3,153531,183,126
31,G2,153874,286,126
43,G3,154217,344,126
46,A#3,154561,344,126
38,D3,154561,286,126
43,G3,154904,344,126
46,A#3,155248,344,126
46,A#3,155248,344,126
34,A#2,155592,344,126
46,A#3,155592,183,126
31,G2,155935,344,126
43,G3,156279,344,126
32,G#2,156279,344,126
44,G#3,156623,344,126
33,A2,156623,172,126
41,F3,156795,172,126
29,F2,156967,172,126
28,E2,156967,172,126
38,D3,157139,172,126
26,D2,157311,172,126
37,C#3,157311,688,126
25,C#2,157999,688,126
36,C3,157999,344,126
24,C2,158343,344,126
45,A3,158343,183,126
36,C3,158686,344,126
36,C3,159030,344,126
24,C2,159374,344,126
29,F2,159374,688,126
41,F3,160062,688,126
29,F2,160062,688,126
17,F1,160750,688,126
41,F3,160750,344,126
45,A3,161094,344,126
45,A3,161094,344,126
41,F3,161438,344,126
42,F#3,161438,344,126
45,A3,161782,344,126
42,F#3,161782,344,126
45,A3,162126,344,126
43,G3,162126,286,126
43,G3,162469,246,126
43,G3,162812,286,126
43,G3,163155,246,126
38,D3,163498,286,126
38,D3,163841,344,126
45,A3,164185,344,126
43,G3,164185,344,126
47,B3,164529,344,126
43,G3,164529,344,126
47,B3,164873,344,126
36,C3,164873,527,126
36,C3,165560,688,126
24,C2,166248,688,126
29,F2,166248,344,126
45,A3,166592,344,126
41,F3,166936,344,126
33,A2,166936,344,126
45,A3,167280,344,126
41,F3,167624,344,126
29,F2,167624,344,126
41,F3,167968,344,126
45,A3,168312,344,126
33,A2,168312,344,126
45,A3,168656,344,126
41,F3,169000,344,126
36,C3,169000,344,126
43,G3,169344,344,126
40,E3,169688,344,126
31,G2,169688,344,126
43,G3,170032,344,126
40,E3,170376,344,126
36,C3,170376,344,126
43,G3,170720,344,126
40,E3,171064,344,126
31,G2,171064,344,126
43,G3,171408,344,126
40,E3,171752,344,126
31,G2,171752,344,126
43,G3,172096,344,126
41,F3,172440,344,126
47,B3,172440,344,126
35,B2,172440,344,126
43,G3,172784,344,126
41,F3,173128,344,126
47,B3,173128,344,126
31,G2,173128,344,126
41,F3,173472,344,126
47,B3,173816,344,126
43,G3,173816,344,126
38,D3,173816,344,126
43,G3,174160,344,126
41,F3,174504,344,126
47,B3,174504,344,126
39,D#3,174504,344,126
42,F#3,174848,344,126
39,D#3,174848,688,126
42,F#3,175536,688,126
39,D#3,175536,344,126
42,F#3,175880,344,126
40,E3,175880,1376,126
43,G3,177256,1376,126
29,F2,177256,344,126
45,A3,177600,344,126
41,F3,177944,344,126
33,A2,177944,344,126
45,A3,178288,344,126
41,F3,178632,344,126
29,F2,178632,344,126
45,A3,178976,344,126
41,F3,179320,344,126
33,A2,179320,344,126
45,A3,179664,344,126
41,F3,180008,344,126
36,C3,180008,344,126
40,E3,180352,344,126
43,G3,180696,344,126
31,G2,180696,344,126
43,G3,181040,344,126
40,E3,181384,344,126
36,C3,181384,344,126
43,G3,181728,344,126
40,E3,182072,344,126
31,G2,182072,344,126
43,G3,182416,344,126
40,E3,182760,344,126
41,F3,182760,344,126
29,F2,183104,344,126
38,D3,183104,344,126
26,D2,183448,344,126
40,E3,183448,344,126
28,E2,183792,344,126
41,F3,183792,344,126
29,F2,184136,344,126
31,G2,184136,344,126
43,G3,184480,344,126
43,G3,184480,275,126
42,F#3,184823,344,126
43,G3,185167,275,126
45,A3,185510,344,126
33,A2,185854,344,126
38,D3,185854,344,126
26,D2,186198,344,126
43,G3,186198,344,126
31,G2,186542,344,126
47,B3,186542,344,126
35,B2,186886,344,126
36,C3,186886,332,126
29,F2,188261,344,126
45,A3,188605,344,126
41,F3,188949,344,126
33,A2,188949,344,126
45,A3,189293,344,126
41,F3,189637,344,126
29,F2,189637,344,126
45,A3,189981,344,126
41,F3,190325,344,126
33,A2,190325,344,126
45,A3,190669,344,126
41,F3,191013,344,126
36,C3,191013,344,126
43,G3,191357,344,126
40,E3,191701,344,126
31,G2,191701,344,126
43,G3,192045,344,126
40,E3,192389,344,126
36,C3,192389,344,126
43,G3,192733,344,126
40,E3,193077,344,126
31,G2,193077,344,126
43,G3,193421,344,126
40,E3,193765,344,126
31,G2,193765,344,126
43,G3,194109,344,126
41,F3,194453,344,126
47,B3,194453,344,126
35,B2,194453,344,126
43,G3,194797,344,126
41,F3,195141,344,126
47,B3,195141,344,126
31,G2,195141,344,126
43,G3,195485,344,126
41,F3,195829,344,126
47,B3,195829,344,126
38,D3,195829,344,126
43,G3,196173,344,126
41,F3,196517,344,126
47,B3,196517,344,126
39,D#3,196517,344,126
42,F#3,196861,344,126
39,D#3,196861,688,126
42,F#3,197549,688,126
39,D#3,197549,344,126
42,F#3,197893,344,126
40,E3,197893,1376,126
43,G3,199269,1376,126
29,F2,199269,344,126
45,A3,199613,344,126
41,F3,199957,344,126
33,A2,199957,344,126
45,A3,200301,344,126
41,F3,200645,344,126
29,F2,200645,344,126
45,A3,200989,344,126
41,F3,201333,344,126
33,A2,201333,344,126
45,A3,201677,344,126
41,F3,202021,344,126
36,C3,202021,344,126
43,G3,202365,344,126
40,E3,202709,344,126
31,G2,202709,344,126
43,G3,203053,344,126
40,E3,203397,344,126
36,C3,203397,344,126
43,G3,203741,344,126
40,E3,204085,344,126
31,G2,204085,344,126
43,G3,204429,344,126
40,E3,204773,344,126
41,F3,204773,344,126
29,F2,205117,344,126
38,D3,205117,344,126
26,D2,205461,344,126
40,E3,205461,344,126
28,E2,205805,344,126
41,F3,205805,344,126
29,F2,206149,344,126
31,G2,206149,344,126
43,G3,206493,344,126
43,G3,206493,275,126
42,F#3,206836,344,126
43,G3,207180,275,126
45,A3,207523,344,126
33,A2,207867,344,126
38,D3,207867,344,126
26,D2,208211,344,126
43,G3,208211,344,126
31,G2,208555,344,126
47,B3,208555,344,126
35,B2,208899,344,126
36,C3,208899,344,126
43,G3,209243,344,126
31,G2,209587,344,126
36,C3,209587,332,126
24,C2,209919,332,126