56,G#4,0,300,68
57,A4,300,300,82
52,E4,600,1200,66
49,C#4,1800,1200,66
49,C#4,1800,150,74
49,C#4,1950,150,76
49,C#4,2100,300,78
52,E4,2400,300,81
59,B4,2700,450,95
57,A4,3150,956,72
52,E4,4200,300,64
57,A4,4500,300,88
59,B4,4800,300,80
61,C#5,5100,300,82
57,A4,5400,1106,69
52,E4,6600,300,66
57,A4,6900,300,86
59,B4,7200,299,80
57,A4,7499,301,72
61,C#5,7800,600,84
59,B4,8400,1200,71
52,E4,9600,1200,71
56,G#4,9600,300,70
57,A4,9900,300,80
52,E4,10200,1200,67
49,C#4,11400,1200,67
49,C#4,11400,300,71
50,D4,11700,300,79
52,E4,12000,300,79
59,B4,12300,450,93
57,A4,12750,956,73
52,E4,13800,300,64
57,A4,14100,300,86
59,B4,14400,300,82
57,A4,14700,299,71
61,C#5,14999,601,83
59,B4,15600,300,71
59,B4,15900,300,75
57,A4,16200,300,72
57,A4,16500,806,75
52,E4,17400,300,67
61,C#5,17700,600,93
56,G#4,18300,600,93
56,G#4,18300,600,73
59,B4,18900,600,73
59,B4,18900,300,78
56,G#4,19200,300,78
61,C#5,19200,300,81
56,G#4,19500,300,81
56,G#4,19500,300,81
62,D5,19800,300,81
56,G#4,19800,1800,83
64,E5,21600,1800,83
61,C#5,21600,300,67
64,E5,21900,300,67
64,E5,21900,300,77
61,C#5,22200,300,77
64,E5,22200,600,76
61,C#5,22800,600,76
62,D5,22800,300,71
62,D5,23100,300,73
61,C#5,23400,600,73
61,C#5,24000,537,76
54,F#4,24600,300,64
64,E5,24900,300,95
62,D5,25200,300,74
62,D5,25500,300,75
61,C#5,25800,300,73
62,D5,26100,300,80
61,C#5,26400,300,73
59,B4,26700,300,68
50,D4,27000,1800,72
54,F#4,28800,1800,72
57,A4,28800,1800,72
57,A4,28800,300,66
59,B4,29100,300,81
61,C#5,29400,837,83
59,B4,30300,300,75
52,E4,30600,600,72
57,A4,31200,600,72
57,A4,31200,300,74
59,B4,31500,300,80
61,C#5,31800,600,80
62,D5,32400,300,80
64,E5,32700,300,81
57,A4,33000,1350,63
54,F#4,34350,1350,63
54,F#4,34350,150,71
64,E5,34500,300,95
62,D5,34800,300,74
61,C#5,35100,300,71
62,D5,35400,300,80
61,C#5,35700,300,73
62,D5,36000,300,76
64,E5,36300,300,79
56,G#4,36600,1800,75
59,B4,38400,1800,75
64,E5,38400,1800,75
57,A4,38400,300,68
61,C#5,38700,300,87
64,E5,39000,300,82
66,F#5,39300,600,85
57,A4,39900,600,85
61,C#5,39900,300,67
56,G#4,40200,900,68
59,B4,41100,900,68
56,G#4,41100,300,88
64,E5,41400,300,88
56,G#4,41400,900,75
64,E5,42300,900,75
59,B4,42300,300,67
54,F#4,42600,1350,69
57,A4,43950,1350,69
54,F#4,43950,150,69
64,E5,44100,300,96
54,F#4,44400,300,96
62,D5,44400,300,73
54,F#4,44700,300,73
54,F#4,44700,300,77
62,D5,45000,300,77
54,F#4,45000,300,74
61,C#5,45300,300,74
59,B4,45300,300,75
52,E4,45600,300,75
57,A4,45600,300,68
52,E4,45900,300,68
52,E4,45900,150,83
59,B4,46050,150,83
57,A4,46050,300,73
61,C#5,46350,1650,82
52,E4,48000,1650,82
57,A4,48000,300,66
61,C#5,48300,300,88
64,E5,48600,300,81
66,F#5,48900,600,85
57,A4,49500,600,85
61,C#5,49500,300,65
56,G#4,49800,900,70
59,B4,50700,900,70
56,G#4,50700,300,87
64,E5,51000,300,87
56,G#4,51000,600,76
64,E5,51600,600,76
64,E5,51600,300,77
59,B4,51900,300,65
57,A4,52200,1350,67
54,F#4,53550,1350,67
54,F#4,53550,150,70
64,E5,53700,300,94
62,D5,54000,537,74
61,C#5,54600,300,73
59,B4,54900,300,73
57,A4,55200,300,71
59,B4,55500,300,80
52,E4,55800,2400,81
61,C#5,58200,2400,81
54,F#4,58200,300,68
54,F#4,58500,300,93
64,E5,58800,300,93
54,F#4,58800,300,72
62,D5,59100,300,72
54,F#4,59100,300,77
62,D5,59400,300,77
61,C#5,59400,300,72
56,G#4,59700,600,71
59,B4,60300,600,71
57,A4,60300,300,74
56,G#4,60600,600,69
52,E4,61200,3600,80
57,A4,64800,3600,80
56,G#4,64800,300,70
57,A4,65100,300,80
52,E4,65400,1200,64
49,C#4,66600,1200,64
49,C#4,66600,150,73
49,C#4,66750,150,72
49,C#4,66900,300,78
52,E4,67200,300,81
59,B4,67500,450,94
57,A4,67950,956,71
52,E4,69000,300,64
57,A4,69300,300,86
59,B4,69600,300,80
61,C#5,69900,300,82
57,A4,70200,1106,66
52,E4,71400,300,63
57,A4,71700,300,87
59,B4,72000,300,80
57,A4,72300,300,71
61,C#5,72600,600,82
52,E4,73200,1200,70
59,B4,74400,1200,70
56,G#4,74400,300,66
57,A4,74700,300,80
49,C#4,75000,1200,65
52,E4,76200,1200,65
49,C#4,76200,300,68
50,D4,76500,300,81
52,E4,76800,300,82
59,B4,77100,450,95
57,A4,77550,956,73
52,E4,78600,300,64
57,A4,78900,300,88
59,B4,79200,300,82
57,A4,79500,300,70
61,C#5,79800,600,84
59,B4,80400,300,71
59,B4,80700,300,74
57,A4,81000,300,69
57,A4,81300,806,76
52,E4,82200,300,64
61,C#5,82500,600,91
56,G#4,83100,600,91
56,G#4,83100,600,72
59,B4,83700,600,72
59,B4,83700,300,81
56,G#4,84000,300,81
61,C#5,84000,300,81
56,G#4,84300,300,81
56,G#4,84300,300,79
62,D5,84600,300,79
56,G#4,84600,1800,82
64,E5,86400,1800,82
61,C#5,86400,300,70
64,E5,86700,300,70
61,C#5,86700,300,76
64,E5,87000,300,76
61,C#5,87000,600,78
64,E5,87600,600,78
62,D5,87600,300,71
62,D5,87900,300,74
61,C#5,88200,600,73
61,C#5,88800,537,74
54,F#4,89400,300,60
64,E5,89700,300,93
62,D5,90000,300,72
62,D5,90300,300,76
61,C#5,90600,300,71
62,D5,90900,300,82
61,C#5,91200,300,73
59,B4,91500,300,71
50,D4,91800,1800,69
54,F#4,93600,1800,69
57,A4,93600,1800,69
57,A4,93600,300,68
59,B4,93900,300,83
61,C#5,94200,837,80
59,B4,95100,300,76
52,E4,95400,600,69
57,A4,96000,600,69
57,A4,96000,300,75
59,B4,96300,300,80
61,C#5,96600,600,81
62,D5,97200,300,81
64,E5,97500,300,82
54,F#4,97800,1350,60
57,A4,99150,1350,60
54,F#4,99150,150,70
64,E5,99300,300,94
62,D5,99600,300,73
61,C#5,99900,300,71
62,D5,100200,300,77
61,C#5,100500,300,74
62,D5,100800,300,79
64,E5,101100,300,78
56,G#4,101400,1800,75
59,B4,103200,1800,75
64,E5,103200,1800,75
57,A4,103200,300,67
61,C#5,103500,300,87
64,E5,103800,300,85
66,F#5,104100,600,83
57,A4,104700,600,83
61,C#5,104700,300,65
56,G#4,105000,900,70
59,B4,105900,900,70
56,G#4,105900,300,88
64,E5,106200,300,88
56,G#4,106200,900,76
64,E5,107100,900,76
59,B4,107100,300,69
54,F#4,107400,1350,68
57,A4,108750,1350,68
54,F#4,108750,150,71
64,E5,108900,300,94
54,F#4,109200,300,94
62,D5,109200,300,75
54,F#4,109500,300,75
54,F#4,109500,300,78
62,D5,109800,300,78
54,F#4,109800,300,71
61,C#5,110100,300,71
59,B4,110100,300,74
52,E4,110400,300,74
57,A4,110400,300,69
52,E4,110700,300,69
52,E4,110700,150,84
59,B4,110850,150,84
57,A4,110850,300,72
61,C#5,111150,1650,83
52,E4,112800,1650,83
57,A4,112800,300,66
61,C#5,113100,300,85
64,E5,113400,300,84
66,F#5,113700,600,82
57,A4,114300,600,82
61,C#5,114300,300,67
56,G#4,114600,900,69
59,B4,115500,900,69
56,G#4,115500,300,86
64,E5,115800,299,86
56,G#4,115800,600,77
64,E5,116400,601,77
64,E5,116400,300,75
59,B4,116700,300,67
54,F#4,117000,1350,69
57,A4,118350,1350,69
54,F#4,118350,150,69
64,E5,118500,300,96
62,D5,118800,537,75
61,C#5,119400,300,72
59,B4,119700,299,71
57,A4,119999,301,69
59,B4,120300,300,79
52,E4,120600,2400,82
61,C#5,123000,2400,82
54,F#4,123000,300,68
54,F#4,123300,300,96
64,E5,123600,299,96
54,F#4,123600,300,75
62,D5,123900,301,75
54,F#4,123900,300,77
62,D5,124200,300,77
61,C#5,124200,299,70
56,G#4,124499,600,70
59,B4,125099,601,70
57,A4,125099,299,73
56,G#4,125398,601,69
52,E4,125999,2100,80
57,A4,128099,2100,80
64,E5,128099,300,91
54,F#4,128399,300,91
54,F#4,128399,300,73
62,D5,128699,300,73
54,F#4,128699,300,75
62,D5,128999,300,75
61,C#5,128999,300,74
59,B4,129299,600,68
56,G#4,129899,600,68
57,A4,129899,300,71
56,G#4,130199,600,71
52,E4,130799,900,80
57,A4,131699,900,80
57,A4,131699,300,79
56,G#4,131999,300,73
57,A4,132299,300,80
59,B4,132599,1381,78
52,E4,134099,300,66
57,A4,134399,300,81
59,B4,134699,300,82
61,C#5,134999,837,80
64,E5,135899,300,85
56,G#4,136199,900,66
59,B4,137099,900,66
61,C#5,137099,300,82
54,F#4,137399,1500,70
58,A#4,138899,1500,70
58,A#4,138899,300,80
59,B4,139199,300,77
61,C#5,139499,300,83
64,E5,139799,600,81
62,D5,140399,300,73
62,D5,140699,300,75
61,C#5,140999,300,73
62,D5,141299,806,77
54,F#4,142199,300,62
64,E5,142499,300,93
62,D5,142799,300,73
61,C#5,143099,300,70
62,D5,143399,300,78
61,C#5,143699,300,75
62,D5,143999,300,79
64,E5,144299,300,80
56,G#4,144599,1800,77
59,B4,146399,1800,77
64,E5,146399,1800,77
57,A4,146399,300,69
61,C#5,146699,300,87
64,E5,146999,300,85
66,F#5,147299,600,83
57,A4,147899,600,83
61,C#5,147899,300,65
56,G#4,148199,900,68
59,B4,149099,900,68
56,G#4,149099,300,87
64,E5,149399,300,87
56,G#4,149399,900,78
64,E5,150299,900,78
59,B4,150299,300,70
54,F#4,150599,1350,67
57,A4,151949,1350,67
54,F#4,151949,150,68
64,E5,152099,300,95
54,F#4,152399,300,95
62,D5,152399,300,74
54,F#4,152699,300,74
54,F#4,152699,300,75
62,D5,152999,300,75
54,F#4,152999,300,73
61,C#5,153299,300,73
59,B4,153299,300,73
52,E4,153599,300,73
57,A4,153599,300,71
52,E4,153899,300,71
52,E4,153899,150,81
59,B4,154049,150,81
57,A4,154049,300,71
61,C#5,154349,1650,82
52,E4,155999,1650,82
57,A4,155999,300,69
61,C#5,156299,300,87
64,E5,156599,300,83
66,F#5,156899,600,84
57,A4,157499,600,84
61,C#5,157499,300,66
56,G#4,157799,900,69
59,B4,158699,900,69
56,G#4,158699,300,86
64,E5,158999,300,86
56,G#4,158999,600,75
64,E5,159599,600,75
64,E5,159599,300,76
59,B4,159899,300,65
54,F#4,160199,1350,69
57,A4,161549,1350,69
54,F#4,161549,150,69
64,E5,161699,300,96
62,D5,161999,537,75
61,C#5,162599,300,72
59,B4,162899,300,72
57,A4,163199,300,71
59,B4,163499,300,79
61,C#5,163799,300,82
52,E4,164099,300,82
52,E4,164099,2100,81
61,C#5,166199,2100,81
54,F#4,166199,300,69
54,F#4,166499,300,93
64,E5,166799,300,93
54,F#4,166799,300,73
62,D5,167099,300,73
54,F#4,167099,300,78
62,D5,167399,300,78
61,C#5,167399,300,74
56,G#4,167699,600,68
59,B4,168299,600,68
57,A4,168299,300,74
56,G#4,168599,600,71
52,E4,169199,2100,79
57,A4,171299,2100,79
57,A4,171299,2281,101
64,E5,173580,2281,101
69,A5,173580,2281,101
--end--
33,A2,900,537,70
45,A3,1500,1681,94
30,F#2,3300,537,61
42,F#3,3900,1681,93
35,B2,5700,537,67
47,B3,6300,1681,93
40,E3,8100,300,69
44,G#3,8400,300,82
47,B3,8700,1681,85
33,A2,10500,300,57
40,E3,10800,300,86
45,A3,11100,1681,87
30,F#2,12900,300,58
37,C#3,13200,300,87
42,F#3,13500,1681,89
35,B2,15300,300,68
42,F#3,15600,300,87
47,B3,15900,1081,85
47,B3,17100,537,76
40,E3,17700,300,66
44,G#3,18000,300,82
47,B3,18300,537,84
38,D3,18900,300,62
44,G#3,19200,300,87
47,B3,19500,537,85
37,C#3,20100,300,61
44,G#3,20400,300,84
47,B3,20700,300,85
49,C#4,21000,1381,80
42,F#3,22500,300,66
49,C#4,22800,300,85
54,F#4,23100,1081,86
49,C#4,24300,537,66
35,B2,24900,300,59
42,F#3,25200,300,85
47,B3,25500,300,88
50,D4,25800,300,85
54,F#4,26100,537,87
50,D4,26700,537,69
38,D3,27300,300,55
42,F#3,27600,300,82
45,A3,27900,300,84
50,D4,28200,1381,86
33,A2,29700,299,59
40,E3,29999,301,87
45,A3,30300,537,87
49,C#4,30899,1082,85
30,F#2,32100,300,59
37,C#3,32400,300,86
42,F#3,32700,537,87
45,A3,33300,537,86
49,C#4,33900,537,85
35,B2,34500,300,62
42,F#3,34800,300,86
47,B3,35100,537,87
38,D3,35700,300,62
42,F#3,36000,300,81
45,A3,36300,537,82
28,E2,36900,300,61
35,B2,37200,300,87
40,E3,37500,300,86
44,G#3,37800,300,88
47,B3,38100,1200,93
52,E4,39300,1200,93
38,D3,39300,300,63
42,F#3,39600,300,81
45,A3,39900,537,82
40,E3,40500,300,71
44,G#3,40800,300,84
47,B3,41100,537,82
37,C#3,41700,300,63
40,E3,42000,300,80
44,G#3,42300,537,86
42,F#3,42900,300,74
45,A3,43200,300,82
49,C#4,43500,537,86
35,B2,44100,300,60
42,F#3,44400,300,85
47,B3,44700,537,88
40,E3,45300,300,68
44,G#3,45600,300,83
47,B3,45900,537,83
33,A2,46500,300,58
40,E3,46800,300,84
45,A3,47100,300,86
49,C#4,47400,300,85
52,E4,47700,1081,84
38,D3,48900,300,58
42,F#3,49200,300,80
45,A3,49500,537,84
40,E3,50100,300,69
44,G#3,50400,300,85
47,B3,50700,537,85
37,C#3,51300,300,63
40,E3,51600,300,80
44,G#3,51900,537,84
42,F#3,52500,300,76
45,A3,52800,300,79
49,C#4,53100,537,85
35,B2,53700,300,57
42,F#3,54000,300,86
47,B3,54300,537,85
40,E3,54900,300,66
44,G#3,55200,300,80
47,B3,55500,537,82
33,A2,56100,300,59
40,E3,56400,300,84
45,A3,56700,300,86
49,C#4,57000,300,85
52,E4,57300,1081,83
38,D3,58500,300,59
42,F#3,58800,300,78
45,A3,59100,537,85
40,E3,59700,299,69
44,G#3,59999,301,85
47,B3,60300,537,81
33,A2,60899,301,57
40,E3,61200,300,87
45,A3,61500,299,86
49,C#4,61799,301,85
52,E4,62100,1081,85
33,A2,65700,537,60
45,A3,66300,1681,92
30,F#2,68100,537,60
42,F#3,68700,1681,92
35,B2,70500,537,68
47,B3,71100,1681,95
40,E3,72900,300,68
44,G#3,73200,300,81
47,B3,73500,1681,85
33,A2,75300,300,61
40,E3,75600,300,84
45,A3,75900,1681,88
30,F#2,77700,300,58
37,C#3,78000,300,87
42,F#3,78300,1681,89
35,B2,80100,300,68
42,F#3,80400,300,89
47,B3,80700,1081,85
47,B3,81900,537,77
40,E3,82500,300,66
44,G#3,82800,300,82
47,B3,83100,537,83
38,D3,83700,300,62
44,G#3,84000,300,85
47,B3,84300,537,84
37,C#3,84900,300,63
44,G#3,85200,300,85
47,B3,85500,300,82
49,C#4,85800,1381,82
42,F#3,87300,300,64
49,C#4,87600,300,88
54,F#4,87900,1081,89
49,C#4,89100,537,67
35,B2,89700,300,58
42,F#3,90000,300,84
47,B3,90300,300,85
50,D4,90600,300,83
54,F#4,90900,537,83
50,D4,91500,537,71
38,D3,92100,300,58
42,F#3,92400,300,80
45,A3,92700,300,83
50,D4,93000,1381,87
33,A2,94500,300,57
40,E3,94800,300,85
45,A3,95100,537,86
49,C#4,95700,1081,88
30,F#2,96900,300,62
37,C#3,97200,300,86
42,F#3,97500,537,89
45,A3,98100,537,85
49,C#4,98700,537,87
35,B2,99300,300,59
42,F#3,99600,300,86
47,B3,99900,537,86
38,D3,100500,300,64
42,F#3,100800,300,80
45,A3,101100,537,81
28,E2,101700,300,59
35,B2,102000,300,87
40,E3,102300,300,87
44,G#3,102600,300,85
47,B3,102900,1200,94
52,E4,104100,1200,94
38,D3,104100,300,59
42,F#3,104400,300,80
45,A3,104700,537,81
40,E3,105300,300,71
44,G#3,105600,300,84
47,B3,105900,537,85
37,C#3,106500,300,62
40,E3,106800,300,81
44,G#3,107100,537,85
42,F#3,107700,300,74
45,A3,108000,300,83
49,C#4,108300,537,82
35,B2,108900,300,57
42,F#3,109200,300,86
47,B3,109500,537,85
40,E3,110100,300,66
44,G#3,110400,300,82
47,B3,110700,537,82
33,A2,111300,300,57
40,E3,111600,300,85
45,A3,111900,300,88
49,C#4,112200,300,85
52,E4,112500,1081,85
38,D3,113700,300,61
42,F#3,114000,300,79
45,A3,114300,537,82
40,E3,114899,301,68
44,G#3,115200,300,82
47,B3,115500,537,83
37,C#3,116100,300,63
40,E3,116400,300,79
44,G#3,116700,537,85
42,F#3,117300,300,76
45,A3,117600,300,80
49,C#4,117900,537,84
35,B2,118500,300,59
42,F#3,118800,300,84
47,B3,119100,537,85
40,E3,119700,299,69
44,G#3,119999,301,81
47,B3,120300,537,83
33,A2,120899,301,60
40,E3,121200,300,88
45,A3,121500,299,89
49,C#4,121799,301,88
52,E4,122100,1081,82
38,D3,123300,299,58
42,F#3,123599,301,82
45,A3,123900,537,84
40,E3,124499,301,70
44,G#3,124800,300,85
47,B3,125100,537,83
33,A2,125700,300,57
40,E3,126000,300,88
45,A3,126300,300,88
49,C#4,126600,300,85
52,E4,126900,1081,86
38,D3,128100,300,58
42,F#3,128400,300,79
45,A3,128700,537,83
40,E3,129300,300,71
44,G#3,129600,300,81
47,B3,129900,537,83
45,A3,130499,600,85
49,C#4,131099,601,85
49,C#4,131099,600,77
45,A3,131699,600,77
49,C#4,131699,600,75
45,A3,132299,600,75
45,A3,132299,600,74
49,C#4,132899,600,74
47,B3,132899,600,73
44,G#3,133499,600,73
47,B3,133499,600,74
44,G#3,134099,600,74
47,B3,134099,600,77
44,G#3,134699,600,77
44,G#3,134699,600,76
47,B3,135299,600,76
45,A3,135299,300,75
49,C#4,135599,300,83
52,E4,135899,537,83
44,G#3,136499,300,65
49,C#4,136799,300,81
52,E4,137099,537,85
42,F#3,137699,300,62
45,A3,137999,300,78
49,C#4,138299,300,83
54,F#4,138599,1381,88
35,B2,140099,300,59
42,F#3,140399,300,84
47,B3,140699,300,87
50,D4,140999,300,84
54,F#4,141299,537,87
50,D4,141899,537,68
26,D2,142499,300,58
33,A2,142799,300,84
38,D3,143099,300,87
42,F#3,143399,300,87
45,A3,143699,300,88
50,D4,143999,300,87
54,F#4,144299,537,85
28,E2,144899,300,60
35,B2,145199,300,85
40,E3,145499,300,88
44,G#3,145799,300,84
52,E4,146099,1200,90
47,B3,147299,1200,90
38,D3,147299,300,61
42,F#3,147599,300,81
45,A3,147899,537,84
40,E3,148499,300,70
44,G#3,148799,300,82
47,B3,149099,537,84
37,C#3,149699,300,62
40,E3,149999,300,79
44,G#3,150299,537,82
42,F#3,150899,300,74
45,A3,151199,300,82
49,C#4,151499,537,85
35,B2,152099,300,60
42,F#3,152399,300,86
47,B3,152699,537,86
40,E3,153299,300,66
44,G#3,153599,300,82
47,B3,153899,537,85
33,A2,154499,300,60
40,E3,154799,300,87
45,A3,155099,300,87
49,C#4,155399,300,84
52,E4,155699,1081,85
38,D3,156899,300,60
42,F#3,157199,300,79
45,A3,157499,537,81
40,E3,158099,300,70
44,G#3,158399,300,81
47,B3,158699,537,84
37,C#3,159299,300,61
40,E3,159599,300,79
44,G#3,159899,537,86
42,F#3,160499,300,75
45,A3,160799,300,82
49,C#4,161099,537,83
35,B2,161699,300,58
42,F#3,161999,300,86
47,B3,162299,537,88
40,E3,162899,300,66
44,G#3,163199,300,81
47,B3,163499,537,82
33,A2,164099,300,60
40,E3,164399,300,85
45,A3,164699,300,88
49,C#4,164999,300,85
52,E4,165299,1081,82
38,D3,166499,300,59
42,F#3,166799,300,78
45,A3,167099,537,84
40,E3,167699,300,69
44,G#3,167999,300,84
47,B3,168299,537,85
33,A2,168899,300,58
40,E3,169199,300,88
45,A3,169499,300,85
49,C#4,169799,300,86
52,E4,170099,1081,84
52,E4,171299,2281,81
45,A3,173580,2281,81
49,C#4,173580,2281,81