67,G5,0,465,126
68,G#5,516,465,126
60,C5,1032,465,126
67,G5,1548,982,126
68,G#5,2581,1396,126
67,G5,4132,465,126
68,G#5,4648,465,126
60,C5,5164,465,126
68,G#5,5680,982,126
67,G5,6713,931,126
58,A#4,7747,465,126
65,F5,8263,465,126
67,G5,8779,465,126
58,A#4,9295,465,126
65,F5,9811,982,126
67,G5,10844,931,126
58,A#4,11878,465,126
63,D#5,12394,1862,126
61,C#5,14462,1862,126
67,G5,16530,465,126
68,G#5,17046,465,126
60,C5,17562,465,126
67,G5,18078,982,126
68,G#5,19111,1396,126
68,G#5,20662,465,126
67,G5,21178,465,126
60,C5,21694,465,126
68,G#5,22210,982,126
67,G5,23243,931,126
58,A#4,24277,465,126
65,F5,24793,465,126
67,G5,25309,465,126
58,A#4,25825,465,126
65,F5,26341,982,126
67,G5,27374,931,126
58,A#4,28408,465,126
63,D#5,28924,1862,126
58,A#4,30992,1551,126
62,D5,32543,1551,126
53,F4,32543,1551,126
46,A#3,32543,465,126
48,C4,33059,517,126
55,G4,33576,517,126
56,G#4,33576,465,126
48,C4,34092,413,126
48,C4,34608,1034,126
55,G4,35642,1034,126
56,G#4,35642,517,126
48,C4,36159,465,126
48,C4,36675,465,126
48,C4,37191,517,126
56,G#4,37708,517,126
46,A#3,37708,517,126
55,G4,38225,517,126
44,G#3,38225,517,126
48,C4,38742,517,126
44,G#3,38742,1034,126
56,G#4,39776,1034,126
55,G4,39776,517,126
44,G#3,40293,465,126
44,G#3,40809,465,126
53,F4,41325,517,126
46,A#3,41842,517,126
55,G4,41842,465,126
46,A#3,42358,465,126
53,F4,42874,982,126
55,G4,43907,517,126
44,G#3,44424,465,126
43,G3,44940,465,126
51,D#4,45456,931,126
41,F3,46490,931,126
49,C#4,47524,931,126
39,D#3,48558,517,126
46,A#3,49075,465,126
55,G4,49591,517,126
48,C4,50108,517,126
56,G#4,50108,517,126
48,C4,50625,517,126
48,C4,50625,465,126
48,C4,51141,1034,126
56,G#4,52175,1034,126
55,G4,52175,931,126
46,A#3,53209,517,126
51,D#4,53726,517,126
51,D#4,53726,517,126
56,G#4,54243,465,126
48,C4,54759,465,126
48,C4,55275,1034,126
56,G#4,56309,1034,126
55,G4,56309,517,126
44,G#3,56826,465,126
44,G#3,57342,517,126
46,A#3,57859,517,126
53,F4,57859,517,126
44,G#3,58376,517,126
55,G4,58376,465,126
46,A#3,58892,465,126
53,F4,59408,982,126
51,D#4,60441,517,126
46,A#3,60958,465,126
51,D#4,61474,517,126
44,G#3,61991,517,126
46,A#3,61991,1034,126
51,D#4,63025,1034,126
44,G#3,63025,931,126
48,C4,64059,1034,126
50,D4,65093,1034,126
44,G#3,65093,465,126
43,G3,65609,465,126
48,C4,67160,465,126
48,C4,67676,931,126
51,D#4,68710,931,126
44,G#3,69744,1034,126
53,F4,70778,1034,126
51,D#4,70778,1034,126
44,G#3,71812,1034,126
48,C4,71812,982,126
51,D#4,72845,931,126
51,D#4,73879,931,126
51,D#4,74913,517,126
43,G3,75430,517,126
51,D#4,75430,517,126
43,G3,75947,517,126
49,C#4,75947,1034,126
41,F3,76981,1034,126
48,C4,76981,931,126
49,C#4,78015,465,126
51,D#4,78531,2068,126
48,C4,80599,2068,126
41,F3,80599,2068,126
49,C#4,80599,1862,126
48,C4,82667,931,126
48,C4,83701,465,126
48,C4,84217,465,126
46,A#3,84733,465,126
44,G#3,85249,931,126
46,A#3,86283,1448,126
46,A#3,87834,465,126
48,C4,88350,465,126
46,A#3,88866,465,126
44,G#3,89382,1396,126
41,F3,90933,3724,126
58,A#4,95070,1034,126
65,F5,96104,1034,126
58,A#4,96104,1034,126
65,F5,97138,1034,126
63,D#5,97138,1034,126
70,A#5,98172,1034,126
63,D#5,98172,2068,126
70,A#5,100240,2068,126
58,A#4,100240,517,126
51,D#4,100757,517,126
58,A#4,100757,1034,126
51,D#4,101791,1034,126
58,A#4,101791,1034,126
63,D#5,102825,1034,126
58,A#4,102825,1034,126
63,D#5,103859,1034,126
58,A#4,103859,1034,126
51,D#4,104893,1034,126
58,A#4,104893,1034,126
51,D#4,105927,1034,126
58,A#4,105927,1551,126
65,F5,107478,1551,126
58,A#4,107478,1034,126
53,F4,108512,1034,126
65,F5,108512,1034,126
58,A#4,108512,517,126
65,F5,109029,517,126
56,G#4,109029,517,126
63,D#5,109546,517,126
58,A#4,109546,517,126
65,F5,110063,517,126
58,A#4,110063,1034,126
65,F5,111097,1034,126
56,G#4,111097,517,126
63,D#5,111614,517,126
58,A#4,111614,517,126
65,F5,112131,517,126
58,A#4,112131,1034,126
67,G5,113165,1034,126
68,G#5,113165,1034,126
60,C5,114199,1034,126
58,A#4,114199,1034,126
67,G5,115233,1034,126
58,A#4,115233,517,126
67,G5,115750,517,126
63,D#5,115750,517,126
58,A#4,116267,517,126
55,G4,116267,517,126
67,G5,116267,517,126
58,A#4,116267,1034,126
51,D#4,117301,1034,126
51,D#4,117301,1034,126
58,A#4,118335,1034,126
58,A#4,118335,1034,126
63,D#5,119369,1034,126
58,A#4,119369,1034,126
63,D#5,120403,1034,126
51,D#4,120403,1034,126
58,A#4,121437,1034,126
51,D#4,121437,1034,126
58,A#4,122471,1034,126
58,A#4,122471,1551,126
65,F5,124022,1551,126
61,C#5,124022,517,126
56,G#4,124539,517,126
53,F4,124539,517,126
65,F5,124539,517,126
44,G#3,124539,931,126
44,G#3,125573,931,126
49,C#4,126607,1034,126
46,A#3,127641,1034,126
44,G#3,127641,465,126
65,F5,128674,465,126
63,D#5,129190,465,126
58,A#4,129706,1034,126
65,F5,130740,1034,126
60,C5,130740,1551,126
67,G5,132291,1551,126
61,C#5,132291,6724,126
56,G#4,139015,6724,126
68,G#5,139015,6724,126
65,F5,139015,465,126
67,G5,139531,465,126
68,G#5,140047,2379,126
63,D#5,143150,465,126
63,D#5,143666,465,126
70,A#5,144182,3310,126
68,G#5,147802,465,126
67,G5,148318,465,126
65,F5,148834,465,126
65,F5,149350,465,126
65,F5,149866,931,126
65,F5,150900,465,126
67,G5,151416,931,126
68,G#5,152450,2379,126
65,F5,155553,465,126
67,G5,156069,465,126
68,G#5,156585,2379,126
63,D#5,159688,465,126
72,C6,160204,465,126
70,A#5,160720,982,126
60,C5,161753,465,126
58,A#4,162269,931,126
68,G#5,163820,465,126
70,A#5,164336,465,126
72,C6,164852,982,126
72,C6,165885,465,126
72,C6,166401,465,126
73,C#6,166917,931,126
65,F5,167951,1034,126
72,C6,168985,1034,126
70,A#5,168985,517,126
63,D#5,169502,517,126
61,C#5,169502,4137,126
68,G#5,173639,4137,126
75,D#6,173639,1551,126
70,A#5,175190,1551,126
68,G#5,175190,1551,126
63,D#5,175190,1551,126
72,C6,175190,1551,126
72,C6,175190,1551,126
68,G#5,176741,1551,126
63,D#5,176741,1551,126
60,C5,176741,1551,126
70,A#5,176741,4137,126
67,G5,180878,4137,126
63,D#5,180878,4137,126
58,A#4,180878,4137,126
60,C5,180878,1034,126
56,G#4,181912,1034,126
68,G#5,181912,1034,126
63,D#5,181912,1034,126
75,D#6,181912,1551,126
72,C6,183463,1551,126
68,G#5,183463,1551,126
65,F5,183463,1551,126
63,D#5,183463,1551,126
72,C6,183463,1551,126
68,G#5,185014,1551,126
63,D#5,185014,1551,126
60,C5,185014,1551,126
68,G#5,185014,4137,126
65,F5,189151,4137,126
63,D#5,189151,4137,126
60,C5,189151,4137,126
56,G#4,189151,4137,126
60,C5,189151,517,126
56,G#4,189668,517,126
68,G#5,189668,517,126
61,C#5,189668,517,126
68,G#5,189668,517,126
61,C#5,190185,517,126
60,C5,190185,517,126
56,G#4,190185,517,126
63,D#5,190185,1551,126
60,C5,191736,1551,126
56,G#4,191736,1551,126
55,G4,191736,1551,126
67,G5,191736,1551,126
63,D#5,191736,1551,126
60,C5,193287,1551,126
56,G#4,193287,1551,126
55,G4,193287,1551,126
51,D#4,193287,1551,126
54,F#4,193287,4655,126
51,D#4,197942,4655,126
63,D#5,197942,4655,126
59,B4,197942,4655,126
56,G#4,197942,4655,126
47,B3,197942,465,126
49,C#4,198458,1034,126
44,G#3,199492,1034,126
49,C#4,199492,465,126
48,C4,200008,465,126
49,C#4,200524,465,126
48,C4,201040,465,126
49,C#4,201556,465,126
49,C#4,202072,465,126
48,C4,202588,465,126
44,G#3,203104,465,126
56,G#4,204655,465,126
61,C#5,205171,517,126
63,D#5,205688,517,126
56,G#4,205688,465,126
61,C#5,206204,517,126
63,D#5,206721,517,126
60,C5,206721,1034,126
56,G#4,207755,1034,126
51,D#4,207755,1034,126
51,D#4,207755,465,126
51,D#4,208271,465,126
51,D#4,208787,465,126
60,C5,209303,517,126
58,A#4,209820,517,126
56,G#4,209820,517,126
51,D#4,209820,465,126
60,C5,210336,517,126
58,A#4,210853,517,126
56,G#4,210853,517,126
58,A#4,210853,1034,126
55,G4,211887,1034,126
51,D#4,211887,1034,126
51,D#4,211887,465,126
51,D#4,212403,465,126
51,D#4,212919,465,126
58,A#4,213435,517,126
56,G#4,213952,517,126
56,G#4,213952,517,126
53,F4,214469,517,126
55,G4,214469,517,126
51,D#4,214986,517,126
56,G#4,214986,1034,126
53,F4,216020,1034,126
51,D#4,216020,1034,126
49,C#4,216020,1034,126
60,C5,216020,517,126
56,G#4,216537,517,126
53,F4,216537,517,126
56,G#4,216537,517,126
53,F4,217054,517,126
60,C5,217054,517,126
60,C5,217054,517,126
56,G#4,217571,517,126
53,F4,217571,517,126
60,C5,217571,517,126
56,G#4,218088,517,126
53,F4,218088,517,126
60,C5,218088,1034,126
56,G#4,219122,1034,126
53,F4,219122,1034,126
60,C5,219122,517,126
56,G#4,219639,517,126
53,F4,219639,517,126
60,C5,219639,517,126
56,G#4,220156,517,126
53,F4,220156,517,126
55,G4,220156,517,126
51,D#4,220673,517,126
58,A#4,220673,517,126
56,G#4,220673,517,126
53,F4,221190,517,126
49,C#4,221190,517,126
56,G#4,221190,1034,126
53,F4,222224,1034,126
49,C#4,222224,1034,126
56,G#4,222224,517,126
51,D#4,222741,517,126
56,G#4,222741,517,126
51,D#4,223258,517,126
60,C5,223258,1034,126
58,A#4,224292,1034,126
56,G#4,224292,1034,126
63,D#5,224292,1034,126
58,A#4,224292,517,126
56,G#4,224809,517,126
63,D#5,224809,517,126
60,C5,224809,517,126
58,A#4,224809,1034,126
56,G#4,225843,1034,126
61,C#5,225843,1034,126
60,C5,225843,1034,126
56,G#4,226877,1034,126
53,F4,226877,1034,126
58,A#4,226877,4137,126
55,G4,231014,4137,126
51,D#4,231014,4137,126
56,G#4,231014,465,126
60,C5,231530,1034,126
56,G#4,232564,1034,126
49,C#4,232564,1034,126
60,C5,232564,517,126
56,G#4,233081,517,126
49,C#4,233081,517,126
60,C5,233081,931,126
60,C5,234115,1034,126
56,G#4,235149,1034,126
63,D#5,235149,1034,126
61,C#5,235149,1034,126
56,G#4,236183,1034,126
65,F5,236183,1034,126
60,C5,236183,2586,126
56,G#4,238769,2586,126
51,D#4,238769,2586,126
63,D#5,238769,2586,126
60,C5,238769,1034,126
56,G#4,239803,1034,126
63,D#5,239803,1034,126
65,F5,239803,1034,126
61,C#5,240837,1034,126
56,G#4,240837,1034,126
68,G#5,240837,1034,126
67,G5,240837,517,126
63,D#5,241354,517,126
56,G#4,241354,517,126
61,C#5,241354,1034,126
56,G#4,242388,1034,126
53,F4,242388,1034,126
65,F5,242388,1034,126
63,D#5,242388,1034,126
58,A#4,243422,1034,126
55,G4,243422,1034,126
51,D#4,243422,1034,126
61,C#5,243422,13965,126
56,G#4,257387,13965,126
53,F4,257387,13965,126
65,F5,257387,13965,126
58,A#4,257387,517,126
55,G4,257904,517,126
51,D#4,257904,517,126
51,D#4,257904,1034,126
58,A#4,258938,1034,126
55,G4,258938,1034,126
58,A#4,258938,1034,126
55,G4,259972,1034,126
63,D#5,259972,1034,126
58,A#4,259972,1034,126
55,G4,261006,1034,126
63,D#5,261006,1034,126
58,A#4,261006,1034,126
55,G4,262040,1034,126
51,D#4,262040,1034,126
58,A#4,262040,1034,126
55,G4,263074,1034,126
51,D#4,263074,1034,126
58,A#4,263074,1034,126
55,G4,264108,1034,126
63,D#5,264108,1034,126
65,F5,264108,1551,126
61,C#5,265659,1551,126
56,G#4,265659,1551,126
58,A#4,265659,517,126
55,G4,266176,517,126
63,D#5,266176,517,126
61,C#5,266176,1034,126
56,G#4,267210,1034,126
65,F5,267210,1034,126
58,A#4,267210,1034,126
55,G4,268244,1034,126
63,D#5,268244,1034,126
61,C#5,268244,1034,126
56,G#4,269278,1034,126
65,F5,269278,1034,126
61,C#5,269278,1034,126
58,A#4,270312,1034,126
67,G5,270312,1034,126
68,G#5,270312,1034,126
65,F5,271346,1034,126
61,C#5,271346,1034,126
67,G5,271346,1034,126
63,D#5,272380,1034,126
70,A#5,272380,1034,126
58,A#4,272380,1551,126
55,G4,273931,1551,126
63,D#5,273931,1551,126
58,A#4,273931,517,126
55,G4,274448,517,126
51,D#4,274448,517,126
58,A#4,274448,1034,126
55,G4,275482,1034,126
51,D#4,275482,1034,126
58,A#4,275482,1034,126
55,G4,276516,1034,126
63,D#5,276516,1034,126
63,D#5,276516,1034,126
58,A#4,277550,1034,126
55,G4,277550,1034,126
58,A#4,277550,1034,126
55,G4,278584,1034,126
51,D#4,278584,1034,126
58,A#4,278584,1034,126
55,G4,279618,1034,126
63,D#5,279618,1034,126
58,A#4,279618,517,126
55,G4,280135,517,126
51,D#4,280135,517,126
61,C#5,280135,3620,126
56,G#4,283755,3620,126
65,F5,283755,3620,126
61,C#5,283755,1034,126
58,A#4,284789,1034,126
67,G5,284789,1034,126
68,G#5,284789,4655,126
65,F5,289444,4655,126
61,C#5,289444,4655,126
44,G#3,289444,465,126
49,C#4,289960,465,126
53,F4,290476,465,126
55,G4,290992,465,126
56,G#4,291508,465,126
65,F5,292024,517,126
61,C#5,292541,517,126
53,F4,292541,517,126
67,G5,292541,517,126
61,C#5,293058,517,126
55,G4,293058,517,126
68,G#5,293058,3103,126
63,D#5,296161,3103,126
60,C5,296161,3103,126
56,G#4,296161,3103,126
63,D#5,296161,517,126
58,A#4,296678,517,126
51,D#4,296678,517,126
68,G#5,296678,517,126
60,C5,297195,517,126
72,C6,297195,517,126
67,G5,297195,3103,126
63,D#5,300298,3103,126
58,A#4,300298,3103,126
70,A#5,300298,3103,126
63,D#5,300298,517,126
56,G#4,300815,517,126
68,G#5,300815,517,126
63,D#5,300815,517,126
55,G4,301332,517,126
67,G5,301332,517,126
56,G#4,301332,1034,126
53,F4,302366,1034,126
65,F5,302366,1034,126
61,C#5,302366,1034,126
61,C#5,302366,517,126
56,G#4,302883,517,126
53,F4,302883,517,126
65,F5,302883,517,126
61,C#5,302883,517,126
56,G#4,303400,517,126
53,F4,303400,517,126
65,F5,303400,517,126
61,C#5,303400,1034,126
56,G#4,304434,1034,126
53,F4,304434,1034,126
65,F5,304434,1034,126
63,D#5,304434,1034,126
55,G4,305468,1034,126
67,G5,305468,1034,126
56,G#4,305468,3103,126
68,G#5,308571,3103,126
63,D#5,308571,3103,126
60,C5,308571,3103,126
65,F5,308571,517,126
61,C#5,309088,517,126
53,F4,309088,517,126
61,C#5,309088,517,126
55,G4,309605,517,126
67,G5,309605,517,126
63,D#5,309605,3103,126
60,C5,312708,3103,126
56,G#4,312708,3103,126
68,G#5,312708,3103,126
58,A#4,312708,517,126
51,D#4,313225,517,126
63,D#5,313225,517,126
68,G#5,313225,517,126
60,C5,313742,517,126
72,C6,313742,517,126
67,G5,313742,1034,126
63,D#5,314776,1034,126
58,A#4,314776,1034,126
70,A#5,314776,1034,126
56,G#4,314776,517,126
60,C5,315293,517,126
58,A#4,315293,2068,126
55,G4,317361,2068,126
63,D#5,317361,517,126
58,A#4,317878,517,126
70,A#5,317878,517,126
65,F5,317878,1034,126
60,C5,318912,1034,126
72,C6,318912,1034,126
65,F5,318912,1034,126
60,C5,319946,1034,126
72,C6,319946,1034,126
73,C#6,319946,1034,126
65,F5,320980,1034,126
61,C#5,320980,1034,126
65,F5,320980,1034,126
60,C5,322014,1034,126
72,C6,322014,1034,126
65,F5,322014,517,126
58,A#4,322531,517,126
70,A#5,322531,517,126
65,F5,322531,4137,126
60,C5,326668,4137,126
56,G#4,326668,4137,126
68,G#5,326668,4137,126
75,D#6,326668,1551,126
70,A#5,328219,1551,126
68,G#5,328219,1551,126
63,D#5,328219,1551,126
72,C6,328219,1551,126
60,C5,328219,1551,126
72,C6,329770,1551,126
68,G#5,329770,1551,126
63,D#5,329770,1551,126
70,A#5,329770,4137,126
67,G5,333907,4137,126
65,F5,333907,4137,126
63,D#5,333907,4137,126
58,A#4,333907,4137,126
65,F5,333907,1034,126
63,D#5,334941,1034,126
60,C5,334941,1034,126
56,G#4,334941,1034,126
68,G#5,334941,1034,126
75,D#6,334941,1551,126
72,C6,336492,1551,126
68,G#5,336492,1551,126
65,F5,336492,1551,126
63,D#5,336492,1551,126
72,C6,336492,1551,126
68,G#5,338043,1551,126
63,D#5,338043,1551,126
60,C5,338043,1551,126
70,A#5,338043,1551,126
68,G#5,339594,1551,126
65,F5,339594,1551,126
61,C#5,339594,1551,126
73,C#6,339594,1551,126
68,G#5,339594,517,126
65,F5,340111,517,126
60,C5,340111,517,126
72,C6,340111,517,126
65,F5,340111,2068,126
60,C5,342179,2068,126
56,G#4,342179,2068,126
68,G#5,342179,2068,126
56,G#4,342179,517,126
68,G#5,342696,517,126
61,C#5,342696,517,126
60,C5,342696,517,126
68,G#5,342696,517,126
61,C#5,343213,517,126
60,C5,343213,517,126
56,G#4,343213,517,126
63,D#5,343213,1551,126
60,C5,344764,1551,126
56,G#4,344764,1551,126
55,G4,344764,1551,126
67,G5,344764,1551,126
63,D#5,344764,1551,126
60,C5,346315,1551,126
56,G#4,346315,1551,126
55,G4,346315,1551,126
51,D#4,346315,1551,126
51,D#4,346315,5689,126
63,D#5,352004,5689,126
59,B4,352004,5689,126
54,F#4,352004,5689,126
54,F#4,352004,517,126
49,C#4,352521,517,126
42,F#3,352521,517,126
56,G#4,352521,517,126
51,D#4,353038,517,126
44,G#3,353038,517,126
54,F#4,353038,517,126
49,C#4,353555,517,126
42,F#3,353555,517,126
59,B4,353555,517,126
54,F#4,354072,517,126
47,B3,354072,517,126
58,A#4,354072,517,126
53,F4,354589,517,126
46,A#3,354589,517,126
56,G#4,354589,517,126
51,D#4,355106,517,126
44,G#3,355106,517,126
54,F#4,355106,517,126
49,C#4,355623,517,126
42,F#3,355623,517,126
53,F4,355623,517,126
48,C4,356140,517,126
41,F3,356140,517,126
54,F#4,356140,517,126
49,C#4,356657,517,126
42,F#3,356657,517,126
56,G#4,356657,517,126
51,D#4,357174,517,126
44,G#3,357174,517,126
53,F4,357174,517,126
47,B3,357691,517,126
41,F3,357691,517,126
54,F#4,357691,517,126
49,C#4,358208,517,126
42,F#3,358208,517,126
56,G#4,358208,517,126
51,D#4,358725,517,126
44,G#3,358725,517,126
47,B3,358725,517,126
42,F#3,359242,517,126
35,B2,359242,517,126
48,C4,359242,517,126
43,G3,359759,517,126
36,C3,359759,517,126
65,F5,359759,258,126
71,B5,360017,258,126
66,F#5,360017,258,126
68,G#5,360275,258,126
66,F#5,360533,258,126
71,B5,360791,258,126
70,A#5,361049,258,126
68,G#5,361307,258,126
66,F#5,361565,258,126
65,F5,361823,258,126
71,B5,362081,258,126
66,F#5,362081,258,126
68,G#5,362339,258,126
59,B4,362597,258,126
63,D#5,362855,258,126
71,B5,363113,258,126
65,F5,363113,258,126
59,B4,363371,258,126
60,C5,363629,258,126
77,F6,363887,258,126
83,B6,364145,258,126
78,F#6,364145,258,126
80,G#6,364403,258,126
78,F#6,364661,258,126
83,B6,364919,258,126
82,A#6,365177,258,126
80,G#6,365435,258,126
78,F#6,365693,258,126
77,F6,365951,258,126
83,B6,366209,258,126
78,F#6,366209,258,126
80,G#6,366467,258,126
71,B5,366725,258,126
75,D#6,366983,258,126
83,B6,367241,258,126
77,F6,367241,258,126
71,B5,367499,258,126
72,C6,367757,258,126
73,C#6,368015,931,126
61,C#5,369049,517,126
56,G#4,369566,517,126
53,F4,369566,517,126
60,C5,369566,1034,126
56,G#4,370600,1034,126
53,F4,370600,1034,126
61,C#5,370600,1034,126
56,G#4,371634,1034,126
53,F4,371634,1034,126
58,A#4,371634,1034,126
55,G4,372668,1034,126
63,D#5,372668,1034,126
60,C5,372668,1034,126
56,G#4,373702,1034,126
65,F5,373702,1034,126
61,C#5,373702,1034,126
58,A#4,374736,1034,126
66,F#5,374736,1034,126
65,F5,374736,1551,126
61,C#5,376287,1551,126
68,G#5,376287,1551,126
68,G#5,376287,1034,126
65,F5,377321,1034,126
61,C#5,377321,1034,126
59,B4,377321,1034,126
71,B5,377321,1034,126
65,F5,377321,517,126
61,C#5,377838,517,126
70,A#5,377838,517,126
65,F5,377838,1034,126
61,C#5,378872,1034,126
68,G#5,378872,1034,126
61,C#5,378872,1034,126
58,A#4,379906,1034,126
66,F#5,379906,1034,126
63,D#5,379906,5689,126
61,C#5,385595,5689,126
56,G#4,385595,5689,126
68,G#5,385595,5689,126
65,F5,385595,5689,126
61,C#5,385595,517,126
56,G#4,386112,517,126
53,F4,386112,517,126
60,C5,386112,1034,126
56,G#4,387146,1034,126
53,F4,387146,1034,126
61,C#5,387146,1034,126
56,G#4,388180,1034,126
53,F4,388180,1034,126
58,A#4,388180,1034,126
55,G4,389214,1034,126
63,D#5,389214,1034,126
60,C5,389214,1034,126
56,G#4,390248,1034,126
65,F5,390248,1034,126
58,A#4,390248,1034,126
66,F#5,391282,1034,126
61,C#5,391282,1034,126
65,F5,391282,1551,126
61,C#5,392833,1551,126
68,G#5,392833,1551,126
68,G#5,392833,1034,126
65,F5,393867,1034,126
61,C#5,393867,1034,126
59,B4,393867,1034,126
71,B5,393867,1034,126
65,F5,393867,517,126
61,C#5,394384,517,126
70,A#5,394384,517,126
65,F5,394384,1034,126
61,C#5,395418,1034,126
68,G#5,395418,1034,126
61,C#5,395418,1034,126
58,A#4,396452,1034,126
66,F#5,396452,1034,126
68,G#5,396452,1034,126
65,F5,397486,1034,126
71,B5,397486,1034,126
65,F5,397486,517,126
61,C#5,398003,517,126
70,A#5,398003,517,126
65,F5,398003,1034,126
61,C#5,399037,1034,126
68,G#5,399037,1034,126
65,F5,399037,517,126
61,C#5,399554,517,126
70,A#5,399554,517,126
65,F5,399554,2586,126
63,D#5,402140,2586,126
61,C#5,402140,2586,126
56,G#4,402140,2586,126
68,G#5,402140,2586,126
55,G4,402140,517,126
63,D#5,402657,517,126
58,A#4,402657,517,126
58,A#4,402657,1034,126
55,G4,403691,1034,126
62,D5,403691,1034,126
58,A#4,403691,1034,126
55,G4,404725,1034,126
63,D#5,404725,1034,126
60,C5,404725,1034,126
56,G#4,405759,1034,126
65,F5,405759,1034,126
63,D#5,405759,1034,126
58,A#4,406793,1034,126
67,G5,406793,1034,126
65,F5,406793,1034,126
60,C5,407827,1034,126
68,G#5,407827,1034,126
67,G5,407827,1551,126
70,A#5,409378,1551,126
63,D#5,409378,1551,126
70,A#5,409378,1034,126
68,G#5,410412,1034,126
67,G5,410412,1034,126
61,C#5,410412,1034,126
73,C#6,410412,1034,126
68,G#5,410412,517,126
63,D#5,410929,517,126
72,C6,410929,517,126
67,G5,410929,1034,126
63,D#5,411963,1034,126
70,A#5,411963,1034,126
65,F5,411963,1034,126
60,C5,412997,1034,126
68,G#5,412997,1034,126
58,A#4,412997,5689,126
70,A#5,418686,5689,126
67,G5,418686,5689,126
65,F5,418686,5689,126
63,D#5,418686,5689,126
60,C5,418686,517,126
53,F4,419203,517,126
60,C5,419203,1034,126
53,F4,420237,1034,126
53,F4,420237,1551,126
60,C5,421788,1551,126
53,F4,421788,1034,126
60,C5,422822,1034,126
56,G#4,422822,517,126
53,F4,423339,517,126
56,G#4,423339,2068,126
53,F4,425407,2068,126
56,G#4,425407,465,126
55,G4,425923,1034,126
51,D#4,426957,1034,126
58,A#4,426957,1034,126
56,G#4,426957,465,126
58,A#4,427473,1034,126
55,G4,428507,1034,126
51,D#4,428507,1034,126
60,C5,428507,931,126
61,C#5,429541,6724,126
56,G#4,436265,6724,126
53,F4,436265,6724,126
49,C#4,436265,6724,126
68,G#5,436265,517,126
65,F5,436782,517,126
73,C#6,436782,517,126
68,G#5,436782,1034,126
65,F5,437816,1034,126
73,C#6,437816,1034,126
60,C5,437816,2586,126
72,C6,440402,2586,126
68,G#5,440402,2586,126
65,F5,440402,2586,126
60,C5,440402,517,126
58,A#4,440919,517,126
63,D#5,440919,517,126
60,C5,440919,1034,126
58,A#4,441953,1034,126
63,D#5,441953,1034,126
67,G5,441953,3620,126
63,D#5,445573,3620,126
58,A#4,445573,3620,126
70,A#5,445573,3620,126
65,F5,445573,517,126
61,C#5,446090,517,126
68,G#5,446090,517,126
63,D#5,446090,517,126
58,A#4,446607,517,126
67,G5,446607,517,126
61,C#5,446607,1034,126
56,G#4,447641,1034,126
65,F5,447641,1034,126
61,C#5,447641,517,126
56,G#4,448158,517,126
65,F5,448158,517,126
61,C#5,448158,517,126
56,G#4,448675,517,126
65,F5,448675,517,126
61,C#5,448675,517,126
56,G#4,449192,517,126
65,F5,449192,517,126
63,D#5,449192,1034,126
58,A#4,450226,1034,126
67,G5,450226,1034,126
60,C5,450226,1034,126
56,G#4,451260,1034,126
68,G#5,451260,1034,126
67,G5,451260,1034,126
63,D#5,451260,1034,126
65,F5,451260,517,126
61,C#5,451777,517,126
70,A#5,451777,517,126
63,D#5,451777,1551,126
60,C5,453328,1551,126
68,G#5,453328,1551,126
65,F5,453328,517,126
61,C#5,453845,517,126
53,F4,453845,517,126
61,C#5,453845,517,126
55,G4,454362,517,126
67,G5,454362,517,126
63,D#5,454362,3103,126
60,C5,457465,3103,126
56,G#4,457465,3103,126
68,G#5,457465,3103,126
58,A#4,457465,517,126
51,D#4,457982,517,126
63,D#5,457982,517,126
68,G#5,457982,517,126
60,C5,458499,517,126
72,C6,458499,517,126
67,G5,458499,1034,126
63,D#5,459533,1034,126
58,A#4,459533,1034,126
70,A#5,459533,1034,126
68,G#5,459533,517,126
65,F5,460050,517,126
72,C6,460050,517,126
67,G5,460050,2068,126
63,D#5,462118,2068,126
70,A#5,462118,2068,126
58,A#4,462118,517,126
70,A#5,462635,517,126
67,G5,462635,517,126
63,D#5,462635,517,126
68,G#5,462635,1034,126
65,F5,463669,1034,126
60,C5,463669,1034,126
72,C6,463669,1034,126
68,G#5,463669,1034,126
65,F5,464703,1034,126
60,C5,464703,1034,126
72,C6,464703,1034,126
70,A#5,464703,1034,126
65,F5,465737,1034,126
61,C#5,465737,1034,126
73,C#6,465737,1034,126
68,G#5,465737,1034,126
65,F5,466771,1034,126
60,C5,466771,1034,126
72,C6,466771,1034,126
63,D#5,466771,517,126
56,G#4,467288,517,126
68,G#5,467288,517,126
60,C5,467288,517,126
60,C5,467288,3724,126
75,D#6,471425,1551,126
70,A#5,472976,1551,126
68,G#5,472976,1551,126
63,D#5,472976,1551,126
72,C6,472976,1551,126
72,C6,472976,1551,126
68,G#5,474527,1551,126
63,D#5,474527,1551,126
60,C5,474527,1551,126
70,A#5,474527,4137,126
67,G5,478664,4137,126
63,D#5,478664,4137,126
58,A#4,478664,4137,126
65,F5,478664,1034,126
63,D#5,479698,1034,126
60,C5,479698,1034,126
56,G#4,479698,1034,126
68,G#5,479698,1034,126
75,D#6,479698,1551,126
72,C6,481249,1551,126
68,G#5,481249,1551,126
65,F5,481249,1551,126
63,D#5,481249,1551,126
72,C6,481249,1551,126
68,G#5,482800,1551,126
63,D#5,482800,1551,126
60,C5,482800,1551,126
68,G#5,482800,1551,126
65,F5,484351,1551,126
61,C#5,484351,1551,126
73,C#6,484351,1551,126
70,A#5,484351,1551,126
68,G#5,484351,517,126
65,F5,484868,517,126
60,C5,484868,517,126
72,C6,484868,517,126
65,F5,484868,2068,126
60,C5,486936,2068,126
56,G#4,486936,2068,126
68,G#5,486936,2068,126
61,C#5,486936,517,126
60,C5,487453,517,126
56,G#4,487453,517,126
68,G#5,487453,517,126
61,C#5,487453,517,126
60,C5,487970,517,126
56,G#4,487970,517,126
68,G#5,487970,517,126
67,G5,487970,1551,126
63,D#5,489521,1551,126
60,C5,489521,1551,126
56,G#4,489521,1551,126
55,G4,489521,1551,126
65,F5,489521,1551,126
61,C#5,491072,1551,126
60,C5,491072,1551,126
56,G#4,491072,1551,126
68,G#5,491072,1551,126
71,B5,491072,6206,126
69,A5,497278,6206,126
65,F5,497278,6206,126
63,D#5,497278,6206,126
75,D#6,497278,6206,126
61,C#5,497278,465,126
60,C5,497794,465,126
61,C#5,498310,465,126
60,C5,498826,465,126
61,C#5,499342,465,126
61,C#5,499858,465,126
60,C5,500374,465,126
56,G#4,500890,3310,126
77,F6,504316,64,126
85,C#7,504380,64,126
89,F7,504444,3724,126
--end--
48,C4,0,4137,126
41,F3,4137,4137,126
53,F4,4137,4137,126
37,C#3,4137,3943,126
32,G#2,8080,3943,126
44,G#3,8080,3943,126
39,D#3,8080,64,126
46,A#3,8144,64,126
51,D#4,8208,3724,126
34,A#2,12216,64,126
41,F3,12280,64,126
46,A#3,12344,3724,126
48,C4,16546,4137,126
41,F3,20683,4137,126
53,F4,20683,4137,126
37,C#3,20683,3943,126
32,G#2,24626,3943,126
44,G#3,24626,3943,126
39,D#3,24626,64,126
46,A#3,24690,64,126
51,D#4,24754,3724,126
34,A#2,28762,64,126
41,F3,28826,64,126
46,A#3,28890,3724,126
41,F3,33092,1034,126
36,C3,34126,1034,126
29,F2,34126,1034,126
41,F3,34126,2896,126
37,C#3,37228,1034,126
32,G#2,38262,1034,126
25,C#2,38262,1034,126
37,C#3,38262,1965,126
37,C#3,40330,465,126
39,D#3,40846,465,126
39,D#3,41362,1034,126
34,A#2,42396,1034,126
27,D#2,42396,1034,126
39,D#3,42396,2896,126
34,A#2,45498,3620,126
41,F3,49118,3620,126
34,A#2,49118,465,126
29,F2,49634,1034,126
41,F3,50668,1034,126
36,C3,50668,1034,126
41,F3,50668,1965,126
36,C3,52736,465,126
36,C3,53252,465,126
37,C#3,53768,1034,126
32,G#2,54802,1034,126
25,C#2,54802,1034,126
37,C#3,54802,1965,126
32,G#2,57387,465,126
39,D#3,57903,1034,126
34,A#2,58937,1034,126
27,D#2,58937,1034,126
39,D#3,58937,2896,126
34,A#2,62039,3103,126
41,F3,65142,3103,126
34,A#2,65142,465,126
22,A#1,65658,465,126
29,F2,66174,465,126
24,C2,66690,1034,126
17,F1,67724,1034,126
29,F2,67724,982,126
41,F3,68757,465,126
17,F1,69273,465,126
17,F1,69789,465,126
32,G#2,70305,1034,126
25,C#2,71339,1034,126
20,G#1,71339,1034,126
44,G#3,71339,931,126
43,G3,72373,931,126
20,G#1,73407,465,126
20,G#1,73923,465,126
27,D#2,74439,1034,126
22,A#1,75473,1034,126
15,D#1,75473,1034,126
39,D#3,75473,931,126
31,G2,76507,931,126
29,F2,78575,517,126
22,A#1,79092,517,126
17,F1,79092,517,126
43,G3,79092,465,126
36,C3,79608,465,126
43,G3,80124,465,126
44,G#3,80640,465,126
46,A#3,81156,465,126
48,C4,81672,465,126
49,C#4,82188,465,126
29,F2,82704,465,126
36,C3,83220,517,126
24,C2,83737,517,126
41,F3,83737,465,126
36,C3,84253,465,126
41,F3,84769,465,126
44,G#3,85285,465,126
25,C#2,86836,465,126
32,G#2,87352,465,126
37,C#3,87868,465,126
27,D#2,90970,931,126
34,A#2,92004,931,126
46,A#3,93038,931,126
46,A#3,94072,931,126
53,F4,95106,931,126
53,F4,96140,931,126
58,A#4,97174,931,126
58,A#4,98208,931,126
39,D#3,99242,4137,126
34,A#2,103379,4137,126
27,D#2,103379,4137,126
27,D#2,103379,3724,126
37,C#3,107516,517,126
32,G#2,108033,517,126
25,C#2,108033,517,126
44,G#3,108033,465,126
49,C#4,108549,465,126
44,G#3,109065,982,126
49,C#4,110098,931,126
44,G#3,111132,465,126
25,C#2,111648,465,126
32,G#2,112164,465,126
37,C#3,112680,465,126
41,F3,113196,465,126
44,G#3,113712,931,126
37,C#3,114746,931,126
27,D#2,115780,4137,126
39,D#3,119917,4137,126
34,A#2,119917,4137,126
34,A#2,119917,2068,126
27,D#2,121985,2068,126
39,D#3,121985,465,126
27,D#2,122501,931,126
27,D#2,123535,465,126
25,C#2,124051,931,126
32,G#2,125085,931,126
37,C#3,126119,931,126
41,F3,127153,931,126
32,G#2,128187,931,126
37,C#3,129221,931,126
41,F3,130255,931,126
44,G#3,131289,931,126
32,G#2,132323,517,126
25,C#2,132840,517,126
37,C#3,132840,517,126
44,G#3,132840,465,126
49,C#4,133356,517,126
53,F4,133873,517,126
44,G#3,133873,465,126
49,C#4,134389,517,126
53,F4,134906,517,126
44,G#3,134906,465,126
49,C#4,135422,517,126
53,F4,135939,517,126
44,G#3,135939,465,126
44,G#3,136455,517,126
37,C#3,136972,517,126
49,C#4,136972,517,126
44,G#3,136972,465,126
49,C#4,137488,517,126
53,F4,138005,517,126
20,G#1,138005,517,126
49,C#4,138522,517,126
53,F4,139039,517,126
32,G#2,139039,517,126
49,C#4,139556,517,126
53,F4,140073,517,126
44,G#3,140073,465,126
60,C5,140589,517,126
56,G#4,141106,517,126
51,D#4,141106,465,126
60,C5,141622,517,126
56,G#4,142139,517,126
51,D#4,142139,465,126
60,C5,142655,517,126
56,G#4,143172,517,126
51,D#4,143172,465,126
60,C5,143688,517,126
56,G#4,144205,517,126
51,D#4,144205,465,126
58,A#4,144721,517,126
55,G4,145238,517,126
51,D#4,145238,465,126
58,A#4,145754,517,126
55,G4,146271,517,126
51,D#4,146271,465,126
58,A#4,146787,517,126
55,G4,147304,517,126
51,D#4,147304,465,126
55,G4,147820,517,126
58,A#4,148337,517,126
51,D#4,148337,465,126
56,G#4,148853,517,126
60,C5,149370,517,126
53,F4,149370,465,126
56,G#4,149886,517,126
60,C5,150403,517,126
53,F4,150403,465,126
56,G#4,150919,517,126
60,C5,151436,517,126
53,F4,151436,465,126
56,G#4,151952,517,126
60,C5,152469,517,126
53,F4,152469,465,126
56,G#4,152985,517,126
61,C#5,153502,517,126
53,F4,153502,465,126
56,G#4,154018,517,126
61,C#5,154535,517,126
53,F4,154535,465,126
61,C#5,155051,517,126
56,G#4,155568,517,126
53,F4,155568,465,126
56,G#4,156084,517,126
61,C#5,156601,517,126
53,F4,156601,465,126
60,C5,157117,517,126
56,G#4,157634,517,126
51,D#4,157634,465,126
60,C5,158150,517,126
56,G#4,158667,517,126
51,D#4,158667,465,126
60,C5,159183,517,126
56,G#4,159700,517,126
51,D#4,159700,465,126
60,C5,160216,517,126
56,G#4,160733,517,126
51,D#4,160733,465,126
58,A#4,161249,517,126
55,G4,161766,517,126
51,D#4,161766,465,126
55,G4,162282,465,126
51,D#4,162798,465,126
58,A#4,163314,517,126
55,G4,163831,517,126
51,D#4,163831,465,126
58,A#4,164347,517,126
55,G4,164864,517,126
51,D#4,164864,465,126
56,G#4,165380,517,126
60,C5,165897,517,126
53,F4,165897,465,126
56,G#4,166413,517,126
60,C5,166930,517,126
53,F4,166930,465,126
56,G#4,167446,517,126
60,C5,167963,517,126
53,F4,167963,465,126
56,G#4,168479,517,126
60,C5,168996,517,126
53,F4,168996,465,126
56,G#4,169512,517,126
61,C#5,170029,517,126
53,F4,170029,465,126
56,G#4,170545,517,126
61,C#5,171062,517,126
53,F4,171062,465,126
56,G#4,171578,517,126
61,C#5,172095,517,126
53,F4,172095,465,126
56,G#4,172611,517,126
61,C#5,173128,517,126
53,F4,173128,465,126
32,G#2,173644,517,126
44,G#3,174161,517,126
51,D#4,174161,465,126
56,G#4,174677,517,126
60,C5,175194,517,126
51,D#4,175194,465,126
56,G#4,175710,517,126
60,C5,176227,517,126
51,D#4,176227,465,126
56,G#4,176743,517,126
60,C5,177260,517,126
51,D#4,177260,465,126
58,A#4,177776,517,126
55,G4,178293,517,126
51,D#4,178293,465,126
58,A#4,178809,517,126
55,G4,179326,517,126
27,D#2,179326,517,126
51,D#4,179843,517,126
58,A#4,179843,517,126
55,G4,180360,517,126
51,D#4,180360,465,126
58,A#4,180876,517,126
55,G4,181393,517,126
27,D#2,181393,517,126
51,D#4,181393,517,126
27,D#2,181910,517,126
41,F3,181910,517,126
29,F2,182427,517,126
53,F4,182427,517,126
29,F2,182944,517,126
56,G#4,182944,517,126
60,C5,183461,517,126
53,F4,183461,465,126
60,C5,183977,517,126
56,G#4,184494,517,126
53,F4,184494,465,126
60,C5,185010,517,126
56,G#4,185527,517,126
37,C#3,185527,517,126
53,F4,185527,517,126
25,C#2,186044,517,126
61,C#5,186044,517,126
56,G#4,186561,517,126
25,C#2,186561,517,126
53,F4,187078,517,126
61,C#5,187078,517,126
56,G#4,187595,517,126
25,C#2,187595,517,126
53,F4,188112,517,126
61,C#5,188112,517,126
56,G#4,188629,517,126
53,F4,188629,465,126
25,C#2,189145,517,126
61,C#5,189662,517,126
56,G#4,189662,517,126
53,F4,189662,465,126
36,C3,190178,517,126
24,C2,190695,517,126
48,C4,190695,465,126
51,D#4,191211,517,126
55,G4,191728,517,126
48,C4,191728,465,126
51,D#4,192244,517,126
55,G4,192761,517,126
48,C4,192761,465,126
51,D#4,193277,517,126
55,G4,193794,517,126
48,C4,193794,465,126
51,D#4,194310,517,126
54,F#4,194827,517,126
47,B3,194827,465,126
51,D#4,195343,517,126
54,F#4,195860,517,126
47,B3,195860,465,126
51,D#4,196376,517,126
54,F#4,196893,517,126
47,B3,196893,465,126
51,D#4,197409,517,126
54,F#4,197926,517,126
35,B2,197926,465,126
37,C#3,198442,1034,126
32,G#2,199476,1034,126
25,C#2,199476,465,126
13,C#1,199992,465,126
25,C#2,200508,465,126
25,C#2,201024,465,126
25,C#2,201540,465,126
13,C#1,202056,982,126
13,C#1,203089,3310,126
20,G#1,206709,465,126
44,G#3,207225,1034,126
39,D#3,208259,1034,126
32,G#2,208259,1034,126
48,C4,208259,1034,126
44,G#3,208259,1034,126
39,D#3,209293,1034,126
32,G#2,209293,1034,126
48,C4,209293,1034,126
44,G#3,209293,1034,126
39,D#3,210327,1034,126
32,G#2,210327,1034,126
48,C4,210327,1034,126
22,A#1,210327,465,126
15,D#1,210843,465,126
43,G3,211359,1034,126
39,D#3,212393,1034,126
34,A#2,212393,1034,126
46,A#3,212393,1034,126
43,G3,212393,1034,126
39,D#3,213427,1034,126
34,A#2,213427,1034,126
46,A#3,213427,1034,126
39,D#3,213427,1034,126
34,A#2,214461,1034,126
46,A#3,214461,1034,126
43,G3,214461,1034,126
27,D#2,214461,465,126
25,C#2,214977,465,126
44,G#3,215493,1034,126
41,F3,216527,1034,126
37,C#3,216527,1034,126
49,C#4,216527,1034,126
44,G#3,216527,1034,126
41,F3,217561,1034,126
37,C#3,217561,1034,126
49,C#4,217561,1034,126
44,G#3,217561,1034,126
41,F3,218595,1034,126
37,C#3,218595,1034,126
49,C#4,218595,1034,126
25,C#2,218595,465,126
25,C#2,219111,465,126
44,G#3,219627,1034,126
41,F3,220661,1034,126
37,C#3,220661,1034,126
49,C#4,220661,1034,126
44,G#3,220661,1034,126
41,F3,221695,1034,126
37,C#3,221695,1034,126
49,C#4,221695,1034,126
44,G#3,221695,1034,126
41,F3,222729,1034,126
37,C#3,222729,1034,126
49,C#4,222729,1034,126
25,C#2,222729,465,126
27,D#2,223245,465,126
43,G3,223761,1034,126
39,D#3,224795,1034,126
34,A#2,224795,1034,126
46,A#3,224795,1034,126
43,G3,224795,1034,126
39,D#3,225829,1034,126
34,A#2,225829,1034,126
46,A#3,225829,1034,126
39,D#3,225829,465,126
27,D#2,226345,465,126
39,D#3,226861,465,126
15,D#1,227377,465,126
43,G3,227893,1034,126
39,D#3,228927,1034,126
34,A#2,228927,1034,126
46,A#3,228927,1034,126
43,G3,228927,1034,126
39,D#3,229961,1034,126
34,A#2,229961,1034,126
46,A#3,229961,1034,126
43,G3,229961,517,126
39,D#3,230478,517,126
34,A#2,230478,517,126
46,A#3,230478,517,126
27,D#2,230478,465,126
27,D#2,230994,465,126
24,C2,231510,465,126
49,C#4,232026,1034,126
44,G#3,233060,1034,126
37,C#3,233060,1034,126
53,F4,233060,1034,126
53,F4,233060,517,126
49,C#4,233577,517,126
44,G#3,233577,517,126
37,C#3,233577,517,126
24,C2,233577,465,126
49,C#4,234093,1034,126
44,G#3,235127,1034,126
37,C#3,235127,1034,126
53,F4,235127,1034,126
24,C2,235127,465,126
25,C#2,235643,465,126
44,G#3,236159,1034,126
41,F3,237193,1034,126
37,C#3,237193,1034,126
49,C#4,237193,1034,126
44,G#3,237193,1034,126
41,F3,238227,1034,126
37,C#3,238227,1034,126
49,C#4,238227,1034,126
25,C#2,238227,465,126
37,C#3,238743,1034,126
49,C#4,239777,1034,126
44,G#3,239777,1034,126
41,F3,239777,1034,126
27,D#2,239777,465,126
46,A#3,240293,1034,126
43,G3,241327,1034,126
39,D#3,241327,1034,126
51,D#4,241327,1034,126
46,A#3,241327,517,126
43,G3,241844,517,126
39,D#3,241844,517,126
51,D#4,241844,517,126
27,D#2,241844,465,126
46,A#3,242360,517,126
43,G3,242877,517,126
39,D#3,242877,517,126
51,D#4,242877,517,126
27,D#2,242877,931,126
27,D#2,243911,931,126
44,G#3,244945,517,126
41,F3,245462,517,126
53,F4,245462,517,126
49,C#4,245462,517,126
55,G4,245462,465,126
49,C#4,245978,517,126
44,G#3,246495,517,126
41,F3,246495,517,126
53,F4,246495,517,126
55,G4,246495,465,126
49,C#4,247011,517,126
44,G#3,247528,517,126
41,F3,247528,517,126
51,D#4,247528,517,126
34,A#2,247528,465,126
49,C#4,248044,517,126
44,G#3,248561,517,126
41,F3,248561,517,126
53,F4,248561,517,126
27,D#2,248561,465,126
49,C#4,249077,517,126
44,G#3,249594,517,126
41,F3,249594,517,126
53,F4,249594,517,126
27,D#2,249594,465,126
49,C#4,250110,517,126
44,G#3,250627,517,126
41,F3,250627,517,126
53,F4,250627,517,126
49,C#4,250627,517,126
44,G#3,251144,517,126
41,F3,251144,517,126
53,F4,251144,517,126
49,C#4,251144,517,126
44,G#3,251661,517,126
41,F3,251661,517,126
53,F4,251661,517,126
49,C#4,251661,517,126
44,G#3,252178,517,126
41,F3,252178,517,126
53,F4,252178,517,126
27,D#2,252178,465,126
44,G#3,252694,517,126
41,F3,253211,517,126
53,F4,253211,517,126
49,C#4,253211,517,126
49,C#4,253211,517,126
44,G#3,253728,517,126
41,F3,253728,517,126
53,F4,253728,517,126
27,D#2,253728,465,126
49,C#4,254244,517,126
44,G#3,254761,517,126
41,F3,254761,517,126
53,F4,254761,517,126
49,C#4,254761,517,126
44,G#3,255278,517,126
41,F3,255278,517,126
53,F4,255278,517,126
49,C#4,255278,517,126
44,G#3,255795,517,126
41,F3,255795,517,126
53,F4,255795,517,126
27,D#2,255795,465,126
27,D#2,256311,465,126
15,D#1,256827,517,126
27,D#2,257344,517,126
22,A#1,257344,517,126
39,D#3,257344,465,126
34,A#2,257860,465,126
27,D#2,258376,931,126
27,D#2,259410,465,126
27,D#2,259926,465,126
27,D#2,260442,517,126
22,A#1,260959,517,126
15,D#1,260959,517,126
34,A#2,260959,465,126
39,D#3,261475,465,126
34,A#2,261991,982,126
39,D#3,263024,465,126
46,A#3,263540,465,126
34,A#2,264056,465,126
25,C#2,264572,517,126
20,G#1,265089,517,126
13,C#1,265089,517,126
25,C#2,265089,931,126
41,F3,266123,465,126
37,C#3,266639,931,126
25,C#2,267673,465,126
25,C#2,268189,465,126
13,C#1,268705,465,126
32,G#2,269221,465,126
41,F3,269737,465,126
32,G#2,270253,465,126
25,C#2,270769,465,126
13,C#1,271285,465,126
25,C#2,271801,931,126
27,D#2,272835,517,126
22,A#1,273352,517,126
15,D#1,273352,517,126
27,D#2,273352,465,126
39,D#3,273868,465,126
34,A#2,274384,982,126
27,D#2,275417,931,126
27,D#2,276451,465,126
27,D#2,276967,465,126
15,D#1,277483,465,126
39,D#3,277999,465,126
41,F3,278515,465,126
34,A#2,279031,465,126
27,D#2,279547,465,126
27,D#2,280063,465,126
15,D#1,280579,465,126
25,C#2,281095,517,126
20,G#1,281612,517,126
13,C#1,281612,517,126
32,G#2,281612,465,126
53,F4,282128,517,126
49,C#4,282645,517,126
44,G#3,282645,517,126
41,F3,282645,517,126
37,C#3,282645,517,126
32,G#2,282645,465,126
49,C#4,283161,517,126
44,G#3,283678,517,126
41,F3,283678,517,126
37,C#3,283678,517,126
53,F4,283678,517,126
32,G#2,283678,465,126
49,C#4,284194,517,126
44,G#3,284711,517,126
41,F3,284711,517,126
37,C#3,284711,517,126
53,F4,284711,517,126
32,G#2,284711,465,126
49,C#4,285227,517,126
44,G#3,285744,517,126
41,F3,285744,517,126
37,C#3,285744,517,126
53,F4,285744,517,126
37,C#3,285744,465,126
49,C#4,286260,517,126
44,G#3,286777,517,126
41,F3,286777,517,126
37,C#3,286777,517,126
53,F4,286777,517,126
43,G3,286777,465,126
41,F3,287293,517,126
37,C#3,287810,517,126
53,F4,287810,517,126
49,C#4,287810,517,126
44,G#3,287810,517,126
49,C#4,287810,517,126
44,G#3,288327,517,126
41,F3,288327,517,126
37,C#3,288327,517,126
53,F4,288327,517,126
49,C#4,288327,517,126
44,G#3,288844,517,126
41,F3,288844,517,126
37,C#3,288844,517,126
53,F4,288844,517,126
49,C#4,288844,517,126
44,G#3,289361,517,126
41,F3,289361,517,126
37,C#3,289361,517,126
53,F4,289361,517,126
32,G#2,289361,465,126
41,F3,289877,517,126
37,C#3,290394,517,126
53,F4,290394,517,126
49,C#4,290394,517,126
44,G#3,290394,517,126
49,C#4,290394,517,126
44,G#3,290911,517,126
41,F3,290911,517,126
37,C#3,290911,517,126
53,F4,290911,517,126
49,C#4,290911,517,126
44,G#3,291428,517,126
41,F3,291428,517,126
37,C#3,291428,517,126
53,F4,291428,517,126
49,C#4,291428,2068,126
44,G#3,293496,2068,126
41,F3,293496,2068,126
37,C#3,293496,2068,126
53,F4,293496,2068,126
39,D#3,293496,517,126
32,G#2,294013,517,126
44,G#3,294013,517,126
32,G#2,294013,465,126
39,D#3,294529,517,126
32,G#2,295046,517,126
44,G#3,295046,517,126
32,G#2,295046,465,126
39,D#3,295562,517,126
32,G#2,296079,517,126
44,G#3,296079,517,126
32,G#2,296079,465,126
39,D#3,296595,517,126
32,G#2,297112,517,126
44,G#3,297112,517,126
32,G#2,297112,465,126
39,D#3,297628,517,126
34,A#2,298145,517,126
27,D#2,298145,517,126
27,D#2,298145,465,126
39,D#3,298661,517,126
34,A#2,299178,517,126
27,D#2,299178,517,126
27,D#2,299178,465,126
27,D#2,299694,517,126
39,D#3,300211,517,126
34,A#2,300211,517,126
27,D#2,300211,465,126
39,D#3,300727,517,126
34,A#2,301244,517,126
27,D#2,301244,517,126
27,D#2,301244,465,126
41,F3,301760,517,126
36,C3,302277,517,126
29,F2,302277,517,126
29,F2,302277,465,126
41,F3,302793,517,126
36,C3,303310,517,126
29,F2,303310,517,126
29,F2,303310,465,126
41,F3,303826,517,126
36,C3,304343,517,126
29,F2,304343,517,126
29,F2,304343,465,126
36,C3,304859,517,126
29,F2,305376,517,126
41,F3,305376,517,126
29,F2,305376,465,126
37,C#3,305892,517,126
32,G#2,306409,517,126
25,C#2,306409,517,126
25,C#2,306409,465,126
37,C#3,306925,517,126
32,G#2,307442,517,126
25,C#2,307442,517,126
25,C#2,307442,465,126
37,C#3,307958,517,126
32,G#2,308475,517,126
25,C#2,308475,517,126
25,C#2,308475,465,126
37,C#3,308991,517,126
32,G#2,309508,517,126
25,C#2,309508,517,126
25,C#2,309508,465,126
39,D#3,310024,517,126
32,G#2,310541,517,126
44,G#3,310541,517,126
32,G#2,310541,465,126
39,D#3,311057,517,126
32,G#2,311574,517,126
44,G#3,311574,517,126
32,G#2,311574,465,126
39,D#3,312090,517,126
32,G#2,312607,517,126
44,G#3,312607,517,126
32,G#2,312607,465,126
39,D#3,313123,517,126
32,G#2,313640,517,126
44,G#3,313640,517,126
32,G#2,313640,465,126
39,D#3,314156,517,126
34,A#2,314673,517,126
27,D#2,314673,517,126
27,D#2,314673,465,126
39,D#3,315189,517,126
34,A#2,315706,517,126
27,D#2,315706,517,126
27,D#2,315706,465,126
39,D#3,316222,517,126
34,A#2,316739,517,126
27,D#2,316739,517,126
27,D#2,316739,465,126
39,D#3,317255,517,126
34,A#2,317772,517,126
27,D#2,317772,517,126
27,D#2,317772,465,126
41,F3,318288,517,126
36,C3,318805,517,126
29,F2,318805,517,126
29,F2,318805,465,126
41,F3,319321,517,126
36,C3,319838,517,126
29,F2,319838,517,126
29,F2,319838,465,126
41,F3,320354,517,126
36,C3,320871,517,126
29,F2,320871,517,126
29,F2,320871,465,126
29,F2,321387,517,126
41,F3,321904,517,126
36,C3,321904,517,126
29,F2,321904,465,126
37,C#3,322420,517,126
32,G#2,322937,517,126
25,C#2,322937,517,126
25,C#2,322937,465,126
37,C#3,323453,517,126
32,G#2,323970,517,126
25,C#2,323970,517,126
25,C#2,323970,465,126
37,C#3,324486,517,126
32,G#2,325003,517,126
25,C#2,325003,517,126
25,C#2,325003,465,126
37,C#3,325519,517,126
32,G#2,326036,517,126
25,C#2,326036,517,126
25,C#2,326036,465,126
27,D#2,326552,1034,126
20,G#1,327586,1034,126
32,G#2,327586,1034,126
32,G#2,327586,465,126
20,G#1,328102,982,126
20,G#1,329135,465,126
32,G#2,329651,465,126
20,G#1,330167,465,126
27,D#2,330683,465,126
22,A#1,331199,465,126
27,D#2,331715,465,126
22,A#1,332231,465,126
27,D#2,332747,465,126
22,A#1,333263,465,126
27,D#2,333779,465,126
22,A#1,334295,465,126
29,F2,334811,1034,126
24,C2,335845,1034,126
17,F1,335845,1034,126
29,F2,335845,465,126
17,F1,336361,982,126
17,F1,337394,465,126
29,F2,337910,465,126
17,F1,338426,465,126
25,C#2,338942,465,126
20,G#1,339458,465,126
25,C#2,339974,465,126
20,G#1,340490,465,126
25,C#2,341006,465,126
20,G#1,341522,465,126
25,C#2,342038,465,126
20,G#1,342554,465,126
36,C3,343070,1034,126
31,G2,344104,1034,126
24,C2,344104,1034,126
36,C3,344104,465,126
24,C2,344620,982,126
24,C2,345653,465,126
35,B2,346169,465,126
23,B1,346685,465,126
35,B2,347201,465,126
28,E2,347717,465,126
28,E2,348233,465,126
23,B1,348749,465,126
23,B1,349265,465,126