52,E4,0,500,126
54,F#4,500,500,126
56,G#4,1000,2000,126
54,F#4,3000,500,126
52,E4,3500,500,126
54,F#4,4000,1000,126
59,B4,5000,2000,126
56,G#4,7000,500,126
54,F#4,7500,500,126
52,E4,8000,2000,126
49,C#4,10000,1500,126
45,A3,11500,500,126
47,B3,12000,4000,126
52,E4,16000,500,126
54,F#4,16500,500,126
52,E4,17000,500,126
56,G#4,17000,2000,126
57,A4,19000,250,126
56,G#4,19250,250,126
54,F#4,19500,250,126
52,E4,19750,250,126
54,F#4,20000,1000,126
59,B4,21000,2000,126
56,G#4,23000,500,126
59,B4,23500,500,126
61,C#5,24000,2000,126
59,B4,26000,1000,126
56,G#4,27000,1000,126
54,F#4,28000,4000,126
61,C#5,32000,1000,126
63,D#5,33000,1000,126
64,E5,34000,2000,126
63,D#5,36000,1000,126
59,B4,37000,1000,126
56,G#4,38000,2000,126
57,A4,40000,1000,126
59,B4,41000,1000,126
61,C#5,42000,2000,126
59,B4,44000,1000,126
56,G#4,45000,1000,126
54,F#4,46000,1997,126
52,E4,51999,500,126
59,B4,52499,500,126
64,E5,52999,500,126
52,E4,53499,500,126
52,E4,53499,1000,126
64,E5,54499,1000,126
59,B4,54499,500,126
52,E4,54999,1000,126
52,E4,55999,500,126
59,B4,56499,500,126
52,E4,56999,500,126
64,E5,57499,500,126
52,E4,57499,1000,126
64,E5,58499,1000,126
59,B4,58499,500,126
52,E4,58999,1000,126
52,E4,59999,500,126
59,B4,60499,500,126
52,E4,60999,500,126
64,E5,61499,500,126
52,E4,61499,1000,126
64,E5,62499,1000,126
59,B4,62499,500,126
52,E4,62999,1000,126
52,E4,63999,500,126
59,B4,64499,500,126
52,E4,64999,1000,126
64,E5,65999,1000,126
52,E4,65999,1000,126
64,E5,66999,1000,126
51,D#4,66999,1000,126
63,D#5,67999,1000,126
52,E4,67999,500,126
59,B4,68499,500,126
52,E4,68999,500,126
64,E5,69499,500,126
52,E4,69499,1000,126
64,E5,70499,1000,126
59,B4,70499,500,126
52,E4,70999,1000,126
52,E4,71999,500,126
59,B4,72499,500,126
52,E4,72999,500,126
64,E5,73499,500,126
64,E5,73499,1000,126
52,E4,74499,1000,126
59,B4,74499,500,126
66,F#5,74999,1000,126
52,E4,75999,500,126
59,B4,76499,500,126
52,E4,76999,500,126
64,E5,77499,500,126
52,E4,77499,1000,126
64,E5,78499,1000,126
59,B4,78499,500,126
52,E4,78999,1000,126
52,E4,79999,500,126
59,B4,80499,500,126
52,E4,80999,1000,126
64,E5,81999,1000,126
52,E4,81999,1000,126
64,E5,82999,1000,126
51,D#4,82999,1000,126
63,D#5,83999,1000,126
64,E5,83999,1500,126
52,E4,85499,1500,126
52,E4,86999,1000,126
51,D#4,87999,500,126
47,B3,88499,500,126
52,E4,88999,500,126
52,E4,89499,2000,126
52,E4,91499,500,126
51,D#4,91999,1000,126
52,E4,92999,2000,126
54,F#4,94999,1000,126
56,G#4,95999,2000,126
54,F#4,97999,2000,126
52,E4,99999,1500,126
52,E4,101499,500,126
52,E4,101999,1000,126
52,E4,102999,1000,126
51,D#4,103999,1000,126
52,E4,104999,2000,126
52,E4,106999,1000,126
47,B3,107999,4000,126
45,A3,111999,500,126
47,B3,112499,500,126
49,C#4,112999,500,126
52,E4,113499,500,126
57,A4,113999,500,126
59,B4,114499,500,126
61,C#5,114999,500,126
63,D#5,115499,500,126
64,E5,115999,1500,126
59,B4,117499,1500,126
52,E4,117499,1500,126
59,B4,117499,500,126
52,E4,117999,500,126
64,E5,117999,500,126
59,B4,117999,1500,126
52,E4,119499,1500,126
64,E5,119499,1500,126
59,B4,119499,500,126
52,E4,119999,500,126
64,E5,119999,500,126
59,B4,119999,1000,126
51,D#4,120999,1000,126
63,D#5,120999,1000,126
59,B4,120999,2000,126
52,E4,122999,2000,126
64,E5,122999,2000,126
59,B4,122999,1000,126
52,E4,123999,1000,126
64,E5,123999,1000,126
63,D#5,123999,1000,126
59,B4,124999,1000,126
51,D#4,124999,1000,126
59,B4,124999,2000,126
52,E4,126999,2000,126
64,E5,126999,2000,126
54,F#4,126999,1000,126
66,F#5,127999,1000,126
56,G#4,127999,2000,126
68,G#5,129999,2000,126
54,F#4,129999,2000,126
66,F#5,131999,2000,126
59,B4,131999,1500,126
52,E4,133499,1500,126
64,E5,133499,1500,126
59,B4,133499,500,126
52,E4,133999,500,126
64,E5,133999,500,126
59,B4,133999,1500,126
52,E4,135499,1500,126
64,E5,135499,1500,126
64,E5,135499,500,126
59,B4,135999,500,126
52,E4,135999,500,126
59,B4,135999,1000,126
51,D#4,136999,1000,126
63,D#5,136999,1000,126
59,B4,136999,2000,126
52,E4,138999,2000,126
64,E5,138999,2000,126
59,B4,138999,1000,126
52,E4,139999,1000,126
64,E5,139999,1000,126
47,B3,139999,6000,126
59,B4,145999,6000,126
49,C#4,145999,1000,126
61,C#5,146999,1000,126
51,D#4,146999,1000,126
63,D#5,147999,1000,126
52,E4,147999,4000,126
64,E5,151999,4000,126
54,F#4,151999,3000,126
66,F#5,154999,3000,126
47,B3,154999,1000,126
59,B4,155999,1000,126
59,B4,155999,2000,126
71,B5,157999,2000,126
57,A4,157999,1000,126
69,A5,158999,1000,126
56,G#4,158999,500,126
68,G#5,159499,500,126
54,F#4,159499,2499,126
66,F#5,161998,2499,126
56,G#4,161998,1000,126
68,G#5,162998,1000,126
57,A4,162998,1000,126
69,A5,163998,1000,126
56,G#4,163998,2000,126
68,G#5,165998,2000,126
54,F#4,165998,1000,126
66,F#5,166998,1000,126
52,E4,166998,1000,126
64,E5,167998,1000,126
63,D#5,167998,1000,126
51,D#4,168998,1000,126
52,E4,168998,2000,126
64,E5,170998,2000,126
51,D#4,170998,1000,126
63,D#5,171998,1000,126
49,C#4,171998,4000,126
61,C#5,175998,4000,126
47,B3,175998,2000,126
59,B4,177998,2000,126
45,A3,177998,2000,126
57,A4,179998,2000,126
61,C#5,179998,3000,126
52,E4,182998,3000,126
64,E5,182998,3000,126
61,C#5,182998,1000,126
52,E4,183998,1000,126
64,E5,183998,1000,126
63,D#5,183998,3000,126
54,F#4,186998,3000,126
66,F#5,186998,3000,126
59,B4,186998,1000,126
47,B3,187998,1000,126
59,B4,187998,2000,126
71,B5,189998,2000,126
57,A4,189998,1000,126
69,A5,190998,1000,126
56,G#4,190998,500,126
68,G#5,191498,500,126
54,F#4,191498,2499,126
66,F#5,193997,2499,126
56,G#4,193997,1000,126
68,G#5,194997,1000,126
57,A4,194997,1000,126
69,A5,195997,1000,126
56,G#4,195997,2000,126
68,G#5,197997,2000,126
54,F#4,197997,1000,126
66,F#5,198997,1000,126
52,E4,198997,1000,126
64,E5,199997,1000,126
51,D#4,199997,1000,126
63,D#5,200997,1000,126
52,E4,200997,2000,126
64,E5,202997,2000,126
51,D#4,202997,1000,126
63,D#5,203997,1000,126
51,D#4,203997,1000,126
63,D#5,204997,1000,126
52,E4,204997,2000,126
64,E5,206997,2000,126
54,F#4,206997,1000,126
66,F#5,207997,1000,126
56,G#4,207997,2000,126
68,G#5,209997,2000,126
54,F#4,209997,2000,126
66,F#5,211997,2000,126
52,E4,211997,500,126
54,F#4,212497,500,126
52,E4,212997,1500,126
56,G#4,214497,1500,126
52,E4,214497,500,126
56,G#4,214997,500,126
56,G#4,214997,1000,126
52,E4,215997,1000,126
54,F#4,215997,500,126
52,E4,216497,500,126
54,F#4,216997,1000,126
59,B4,217997,2000,126
56,G#4,219997,1000,126
59,B4,220997,1000,126
49,C#4,221997,2000,126
61,C#5,223997,2000,126
59,B4,223997,1000,126
56,G#4,224997,1000,126
54,F#4,225997,1997,126
52,E4,231996,1500,126
52,E4,233496,500,126
52,E4,233996,1000,126
52,E4,234996,1000,126
51,D#4,235996,1000,126
52,E4,236996,2000,126
52,E4,238996,1000,126
51,D#4,239996,1000,126
52,E4,240996,2000,126
54,F#4,242996,1000,126
56,G#4,243996,2000,126
54,F#4,245996,2000,126
52,E4,247996,1500,126
52,E4,249496,500,126
52,E4,249996,1000,126
52,E4,250996,1000,126
51,D#4,251996,1000,126
52,E4,252996,2499,126
52,E4,255495,500,126
47,B3,255995,4000,126
45,A3,259995,500,126
47,B3,260495,500,126
49,C#4,260995,500,126
52,E4,261495,500,126
57,A4,261995,500,126
59,B4,262495,500,126
61,C#5,262995,500,126
63,D#5,263495,500,126
52,E4,263995,1500,126
64,E5,265495,1500,126
59,B4,265495,1500,126
59,B4,265495,500,126
52,E4,265995,500,126
64,E5,265995,500,126
59,B4,265995,1500,126
52,E4,267495,1500,126
64,E5,267495,1500,126
59,B4,267495,500,126
52,E4,267995,500,126
64,E5,267995,500,126
59,B4,267995,1000,126
51,D#4,268995,1000,126
63,D#5,268995,1000,126
59,B4,268995,2000,126
52,E4,270995,2000,126
64,E5,270995,2000,126
59,B4,270995,1000,126
52,E4,271995,1000,126
64,E5,271995,1000,126
51,D#4,271995,1000,126
63,D#5,272995,1000,126
59,B4,272995,1000,126
59,B4,272995,2000,126
52,E4,274995,2000,126
64,E5,274995,2000,126
54,F#4,274995,1000,126
66,F#5,275995,1000,126
56,G#4,275995,2000,126
68,G#5,277995,2000,126
54,F#4,277995,2000,126
66,F#5,279995,2000,126
59,B4,279995,1500,126
52,E4,281495,1500,126
64,E5,281495,1500,126
59,B4,281495,500,126
52,E4,281995,500,126
64,E5,281995,500,126
59,B4,281995,1500,126
52,E4,283495,1500,126
64,E5,283495,1500,126
52,E4,283495,500,126
64,E5,283995,500,126
59,B4,283995,500,126
59,B4,283995,1000,126
51,D#4,284995,1000,126
63,D#5,284995,1000,126
59,B4,284995,2000,126
52,E4,286995,2000,126
64,E5,286995,2000,126
59,B4,286995,1000,126
52,E4,287995,1000,126
64,E5,287995,1000,126
47,B3,287995,6000,126
59,B4,293995,6000,126
49,C#4,293995,1000,126
61,C#5,294995,1000,126
51,D#4,294995,1000,126
63,D#5,295995,1000,126
61,C#5,295995,3000,126
52,E4,298995,3000,126
64,E5,298995,3000,126
52,E4,298995,1000,126
64,E5,299995,1000,126
61,C#5,299995,1000,126
63,D#5,299995,3000,126
54,F#4,302995,3000,126
66,F#5,302995,3000,126
47,B3,302995,500,126
59,B4,303495,500,126
59,B4,303495,500,126
71,B5,303995,500,126
59,B4,303995,2000,126
71,B5,305995,2000,126
57,A4,305995,1000,126
69,A5,306995,1000,126
56,G#4,306995,500,126
68,G#5,307495,500,126
54,F#4,307495,2499,126
66,F#5,309994,2499,126
56,G#4,309994,1000,126
68,G#5,310994,1000,126
57,A4,310994,1000,126
69,A5,311994,1000,126
68,G#5,311994,2000,126
56,G#4,313994,2000,126
54,F#4,313994,1000,126
66,F#5,314994,1000,126
52,E4,314994,1000,126
64,E5,315994,1000,126
51,D#4,315994,1000,126
63,D#5,316994,1000,126
52,E4,316994,2000,126
64,E5,318994,2000,126
51,D#4,318994,1000,126
63,D#5,319994,1000,126
49,C#4,319994,4000,126
61,C#5,323994,4000,126
47,B3,323994,2000,126
59,B4,325994,2000,126
45,A3,325994,2000,126
57,A4,327994,2000,126
61,C#5,327994,3000,126
52,E4,330994,3000,126
64,E5,330994,3000,126
64,E5,330994,1000,126
61,C#5,331994,1000,126
52,E4,331994,1000,126
63,D#5,331994,3000,126
54,F#4,334994,3000,126
66,F#5,334994,3000,126
47,B3,334994,1000,126
59,B4,335994,1000,126
59,B4,335994,2000,126
71,B5,337994,2000,126
57,A4,337994,1000,126
69,A5,338994,1000,126
56,G#4,338994,500,126
68,G#5,339494,500,126
54,F#4,339494,2499,126
66,F#5,341993,2499,126
56,G#4,341993,1000,126
68,G#5,342993,1000,126
57,A4,342993,1000,126
69,A5,343993,1000,126
56,G#4,343993,2000,126
68,G#5,345993,2000,126
54,F#4,345993,1000,126
66,F#5,346993,1000,126
52,E4,346993,1000,126
64,E5,347993,1000,126
51,D#4,347993,1000,126
63,D#5,348993,1000,126
52,E4,348993,2000,126
64,E5,350993,2000,126
51,D#4,350993,1000,126
63,D#5,351993,1000,126
51,D#4,351993,1000,126
63,D#5,352993,1000,126
52,E4,352993,2000,126
64,E5,354993,2000,126
54,F#4,354993,1000,126
66,F#5,355993,1000,126
56,G#4,355993,2000,126
68,G#5,357993,2000,126
54,F#4,357993,2000,126
66,F#5,359993,2000,126
52,E4,359993,500,126
54,F#4,360493,500,126
52,E4,360993,1500,126
56,G#4,362493,1500,126
52,E4,362493,500,126
56,G#4,362993,500,126
52,E4,362993,1000,126
56,G#4,363993,1000,126
54,F#4,363993,500,126
52,E4,364493,500,126
54,F#4,364993,1000,126
59,B4,365993,2000,126
56,G#4,367993,500,126
54,F#4,368493,500,126
52,E4,368993,1000,126
49,C#4,369993,1500,126
47,B3,371493,250,126
45,A3,371743,250,126
47,B3,371993,2000,126
52,E4,373993,500,126
54,F#4,374493,500,126
64,E5,374993,1500,126
56,G#4,376493,1500,126
52,E4,376493,1500,126
56,G#4,376493,500,126
52,E4,376993,500,126
64,E5,376993,500,126
56,G#4,376993,1000,126
52,E4,377993,1000,126
64,E5,377993,1000,126
54,F#4,377993,500,126
52,E4,378493,500,126
54,F#4,378993,1000,126
59,B4,379993,2000,126
56,G#4,381993,1000,126
59,B4,382993,1000,126
49,C#4,383993,3000,126
61,C#5,386993,3000,126
51,D#4,386993,1000,126
63,D#5,387993,1000,126
52,E4,387993,3000,126
64,E5,390993,3000,126
66,F#5,390993,1000,126
54,F#4,391993,1000,126
65,F5,391993,3000,126
56,G#4,394993,3000,126
68,G#5,394993,3000,126
65,F5,394993,1000,126
56,G#4,395993,1000,126
68,G#5,395993,1000,126
67,G5,395993,3000,126
58,A#4,398993,3000,126
70,A#5,398993,3000,126
51,D#4,398993,1000,126
63,D#5,399993,1000,126
63,D#5,399993,2000,126
75,D#6,401993,2000,126
61,C#5,401993,1000,126
73,C#6,402993,1000,126
60,C5,402993,500,126
72,C6,403493,500,126
58,A#4,403493,2499,126
70,A#5,405992,2499,126
72,C6,405992,1000,126
60,C5,406992,1000,126
61,C#5,406992,1000,126
73,C#6,407992,1000,126
60,C5,407992,2000,126
72,C6,409992,2000,126
58,A#4,409992,1000,126
70,A#5,410992,1000,126
56,G#4,410992,1000,126
68,G#5,411992,1000,126
55,G4,411992,1000,126
67,G5,412992,1000,126
56,G#4,412992,2000,126
68,G#5,414992,2000,126
55,G4,414992,1000,126
67,G5,415992,1000,126
53,F4,415992,4000,126
65,F5,419992,4000,126
51,D#4,419992,2000,126
63,D#5,421992,2000,126
49,C#4,421992,2000,126
61,C#5,423992,2000,126
56,G#4,423992,3000,126
68,G#5,426992,3000,126
56,G#4,426992,1000,126
68,G#5,427992,1000,126
58,A#4,427992,3000,126
70,A#5,430992,3000,126
51,D#4,430992,500,126
63,D#5,431492,500,126
63,D#5,431492,500,126
75,D#6,431992,500,126
63,D#5,431992,2000,126
75,D#6,433992,2000,126
61,C#5,433992,1000,126
73,C#6,434992,1000,126
60,C5,434992,500,126
72,C6,435492,500,126
58,A#4,435492,2499,126
70,A#5,437991,2499,126
60,C5,437991,1000,126
72,C6,438991,1000,126
73,C#6,438991,1000,126
61,C#5,439991,1000,126
60,C5,439991,2000,126
72,C6,441991,2000,126
58,A#4,441991,1000,126
70,A#5,442991,1000,126
56,G#4,442991,1000,126
68,G#5,443991,1000,126
55,G4,443991,1000,126
67,G5,444991,1000,126
56,G#4,444991,2000,126
68,G#5,446991,2000,126
55,G4,446991,1000,126
67,G5,447991,1000,126
55,G4,447991,1000,126
67,G5,448991,1000,126
56,G#4,448991,2000,126
68,G#5,450991,2000,126
58,A#4,450991,1000,126
70,A#5,451991,1000,126
60,C5,451991,2000,126
72,C6,453991,2000,126
58,A#4,453991,2000,126
70,A#5,455991,2000,126
56,G#4,455991,3000,126
68,G#5,458991,3000,126
56,G#4,458991,1000,126
68,G#5,459991,1000,126
58,A#4,459991,3000,126
70,A#5,462991,3000,126
58,A#4,462991,1000,126
70,A#5,463991,1000,126
63,D#5,463991,8000,126
75,D#6,471991,8000,126
56,G#4,471991,3000,126
56,G#4,474991,1000,126
58,A#4,475991,3000,126
58,A#4,478991,1000,126
65,F5,479991,8000,126
44,G#3,487991,3000,126
44,G#3,490991,1000,126
46,A#3,491991,6000,126
44,G#3,497991,2000,126
56,G#4,499991,6000,126
58,A#4,505991,6000,126
56,G#4,511991,4999,126
63,D#5,516990,1000,126
68,G#5,517990,1000,126
63,D#5,518990,1000,126
56,G#4,519990,1000,126
56,G#4,520990,2997,126
56,G#4,527989,4000,126
56,G#4,531989,500,126
63,D#5,532489,500,126
68,G#5,532989,500,126
68,G#5,533489,1000,126
63,D#5,534489,500,126
56,G#4,534989,2000,126
63,D#5,536989,1000,126
68,G#5,537989,1000,126
63,D#5,538989,1000,126
56,G#4,539989,4000,126
56,G#4,543989,500,126
58,A#4,544489,500,126
60,C5,544989,1000,126
61,C#5,545989,250,126
60,C5,546239,250,126
58,A#4,546489,250,126
56,G#4,546739,250,126
58,A#4,546989,1000,126
63,D#5,547989,2000,126
68,G#5,549989,500,126
70,A#5,550489,500,126
72,C6,550989,1000,126
73,C#6,551989,250,126
72,C6,552239,250,126
70,A#5,552489,250,126
68,G#5,552739,250,126
70,A#5,552989,1000,126
75,D#6,553989,5997,126
--end--
40,E3,1000,500,126
47,B3,1500,500,126
52,E4,2000,997,126
35,B2,3999,500,126
42,F#3,4499,500,126
47,B3,4999,1997,126
33,A2,7998,500,126
40,E3,8498,500,126
45,A3,8998,997,126
35,B2,11997,500,126
42,F#3,12497,500,126
47,B3,12997,2997,126
40,E3,16996,500,126
47,B3,17496,500,126
52,E4,17996,997,126
35,B2,19995,500,126
42,F#3,20495,500,126
47,B3,20995,1997,126
33,A2,23994,500,126
40,E3,24494,500,126
45,A3,24994,500,126
40,E3,25494,497,126
35,B2,27993,500,126
42,F#3,28493,500,126
47,B3,28993,500,126
42,F#3,29493,2497,126
37,C#3,33992,500,126
44,G#3,34492,500,126
52,E4,34992,500,126
44,G#3,35492,500,126
51,D#4,35992,500,126
44,G#3,36492,500,126
49,C#4,36992,500,126
44,G#3,37492,500,126
35,B2,37992,500,126
42,F#3,38492,500,126
47,B3,38992,500,126
42,F#3,39492,500,126
35,B2,39992,500,126
42,F#3,40492,500,126
47,B3,40992,500,126
42,F#3,41492,500,126
33,A2,41992,500,126
40,E3,42492,500,126
45,A3,42992,500,126
40,E3,43492,500,126
47,B3,43992,500,126
40,E3,44492,500,126
49,C#4,44992,500,126
40,E3,45492,500,126
35,B2,45992,500,126
42,F#3,46492,500,126
47,B3,46992,500,126
42,F#3,47492,500,126
49,C#4,47992,500,126
42,F#3,48492,500,126
51,D#4,48992,3000,126
37,C#3,51992,500,126
44,G#3,52492,500,126
49,C#4,52992,500,126
44,G#3,53492,500,126
49,C#4,53992,997,126
35,B2,55991,500,126
42,F#3,56491,500,126
51,D#4,56991,500,126
42,F#3,57491,500,126
51,D#4,57991,997,126
33,A2,59990,500,126
40,E3,60490,500,126
45,A3,60990,500,126
40,E3,61490,500,126
45,A3,61990,997,126
35,B2,63989,500,126
42,F#3,64489,500,126
47,B3,64989,500,126
42,F#3,65489,500,126
51,D#4,65989,500,126
42,F#3,66489,1000,126
47,B3,67489,500,126
35,B2,67989,500,126
37,C#3,67989,500,126
44,G#3,68489,500,126
49,C#4,68989,500,126
44,G#3,69489,500,126
49,C#4,69989,997,126
37,C#3,71488,500,126
35,B2,71988,500,126
42,F#3,72488,500,126
47,B3,72988,500,126
42,F#3,73488,500,126
47,B3,73988,997,126
33,A2,75987,500,126
40,E3,76487,500,126
45,A3,76987,500,126
40,E3,77487,500,126
45,A3,77987,997,126
33,A2,79486,500,126
35,B2,79986,500,126
42,F#3,80486,500,126
47,B3,80986,500,126
42,F#3,81486,500,126
47,B3,81986,500,126
42,F#3,82486,1000,126
35,B2,83486,500,126
28,E2,83986,500,126
35,B2,84486,500,126
40,E3,84986,500,126
47,B3,85486,500,126
52,E4,85986,500,126
47,B3,86486,500,126
52,E4,86986,1000,126
42,F#3,87986,2499,126
47,B3,90485,1500,126
40,E3,91985,500,126
45,A3,92485,500,126
49,C#4,92985,500,126
45,A3,93485,500,126
49,C#4,93985,500,126
45,A3,94485,500,126
49,C#4,94985,500,126
45,A3,95485,500,126
40,E3,95985,500,126
47,B3,96485,500,126
51,D#4,96985,500,126
47,B3,97485,500,126
51,D#4,97985,500,126
47,B3,98485,500,126
42,F#3,98985,500,126
47,B3,99485,500,126
40,E3,99985,500,126
47,B3,100485,500,126
52,E4,100985,1000,126
47,B3,101985,500,126
52,E4,102485,500,126
47,B3,102985,1000,126
42,F#3,103985,500,126
47,B3,104485,500,126
51,D#4,104985,500,126
47,B3,105485,500,126
51,D#4,105985,500,126
47,B3,106485,500,126
42,F#3,106985,500,126
47,B3,107485,500,126
33,A2,107985,500,126
40,E3,108485,500,126
45,A3,108985,500,126
40,E3,109485,500,126
45,A3,109985,500,126
40,E3,110485,500,126
33,A2,110985,500,126
40,E3,111485,500,126
33,A2,111985,3000,126
33,A2,114985,1000,126
28,E2,115985,500,126
35,B2,116485,500,126
40,E3,116985,500,126
47,B3,117485,500,126
52,E4,117985,500,126
47,B3,118485,500,126
40,E3,118985,500,126
47,B3,119485,500,126
42,F#3,119985,500,126
47,B3,120485,500,126
51,D#4,120985,500,126
47,B3,121485,500,126
51,D#4,121985,500,126
47,B3,122485,500,126
42,F#3,122985,500,126
47,B3,123485,500,126
40,E3,123985,500,126
45,A3,124485,500,126
49,C#4,124985,500,126
45,A3,125485,500,126
49,C#4,125985,500,126
45,A3,126485,500,126
49,C#4,126985,500,126
45,A3,127485,500,126
40,E3,127985,500,126
47,B3,128485,500,126
51,D#4,128985,500,126
47,B3,129485,500,126
51,D#4,129985,500,126
47,B3,130485,500,126
42,F#3,130985,500,126
47,B3,131485,500,126
40,E3,131985,500,126
28,E2,132485,500,126
35,B2,132485,500,126
40,E3,132985,500,126
47,B3,133485,500,126
52,E4,133985,500,126
47,B3,134485,500,126
52,E4,134985,500,126
47,B3,135485,500,126
42,F#3,135985,500,126
47,B3,136485,500,126
51,D#4,136985,500,126
47,B3,137485,500,126
51,D#4,137985,500,126
47,B3,138485,1000,126
42,F#3,139485,500,126
33,A2,139985,500,126
40,E3,140485,500,126
45,A3,140985,500,126
40,E3,141485,500,126
45,A3,141985,500,126
40,E3,142485,500,126
33,A2,142985,500,126
40,E3,143485,500,126
33,A2,143985,500,126
40,E3,144485,500,126
45,A3,144985,500,126
40,E3,145485,500,126
32,G#2,145985,2000,126
44,G#3,147985,2000,126
25,C#2,147985,500,126
32,G#2,148485,500,126
37,C#3,148985,500,126
44,G#3,149485,500,126
49,C#4,149985,500,126
44,G#3,150485,500,126
37,C#3,150985,500,126
44,G#3,151485,500,126
35,B2,151985,500,126
42,F#3,152485,500,126
51,D#4,152985,500,126
42,F#3,153485,500,126
47,B3,153985,500,126
42,F#3,154485,500,126
35,B2,154985,500,126
42,F#3,155485,500,126
33,A2,155985,500,126
40,E3,156485,500,126
49,C#4,156985,500,126
40,E3,157485,500,126
45,A3,157985,500,126
40,E3,158485,500,126
45,A3,158985,1000,126
35,B2,159985,500,126
42,F#3,160485,500,126
51,D#4,160985,500,126
42,F#3,161485,500,126
47,B3,161985,500,126
42,F#3,162485,500,126
35,B2,162985,500,126
42,F#3,163485,500,126
37,C#3,163985,500,126
44,G#3,164485,500,126
52,E4,164985,500,126
44,G#3,165485,500,126
49,C#4,165985,500,126
44,G#3,166485,500,126
49,C#4,166985,500,126
44,G#3,167485,500,126
35,B2,167985,500,126
42,F#3,168485,500,126
47,B3,168985,500,126
42,F#3,169485,500,126
51,D#4,169985,500,126
42,F#3,170485,500,126
35,B2,170985,500,126
42,F#3,171485,500,126
33,A2,171985,500,126
40,E3,172485,500,126
45,A3,172985,500,126
40,E3,173485,500,126
49,C#4,173985,500,126
40,E3,174485,500,126
45,A3,174985,500,126
40,E3,175485,500,126
32,G#2,175985,500,126
39,D#3,176485,500,126
44,G#3,176985,500,126
39,D#3,177485,500,126
30,F#2,177985,500,126
37,C#3,178485,500,126
42,F#3,178985,500,126
37,C#3,179485,500,126
37,C#3,179985,500,126
44,G#3,180485,500,126
52,E4,180985,500,126
44,G#3,181485,500,126
49,C#4,181985,500,126
44,G#3,182485,500,126
49,C#4,182985,500,126
44,G#3,183485,500,126
35,B2,183985,500,126
42,F#3,184485,500,126
51,D#4,184985,500,126
42,F#3,185485,500,126
47,B3,185985,500,126
42,F#3,186485,500,126
35,B2,186985,500,126
42,F#3,187485,500,126
33,A2,187985,500,126
40,E3,188485,500,126
49,C#4,188985,500,126
40,E3,189485,500,126
45,A3,189985,500,126
40,E3,190485,500,126
45,A3,190985,1000,126
35,B2,191985,500,126
42,F#3,192485,500,126
51,D#4,192985,500,126
42,F#3,193485,500,126
47,B3,193985,500,126
42,F#3,194485,500,126
35,B2,194985,500,126
42,F#3,195485,500,126
37,C#3,195985,500,126
44,G#3,196485,500,126
52,E4,196985,500,126
44,G#3,197485,500,126
49,C#4,197985,500,126
44,G#3,198485,500,126
37,C#3,198985,500,126
44,G#3,199485,500,126
35,B2,199985,500,126
42,F#3,200485,500,126
47,B3,200985,500,126
42,F#3,201485,500,126
51,D#4,201985,500,126
42,F#3,202485,500,126
47,B3,202985,500,126
42,F#3,203485,500,126
33,A2,203985,500,126
40,E3,204485,500,126
49,C#4,204985,500,126
40,E3,205485,500,126
45,A3,205985,500,126
40,E3,206485,1000,126
45,A3,207485,500,126
33,A2,207985,500,126
35,B2,207985,500,126
47,B3,208485,500,126
42,F#3,208485,500,126
51,D#4,208985,500,126
42,F#3,209485,500,126
51,D#4,209985,500,126
42,F#3,210485,500,126
35,B2,210985,500,126
42,F#3,211485,497,126
40,E3,212984,500,126
47,B3,213484,500,126
52,E4,213984,500,126
47,B3,214484,500,126
52,E4,214984,500,126
47,B3,215484,500,126
40,E3,215984,500,126
47,B3,216484,500,126
35,B2,216984,500,126
42,F#3,217484,500,126
47,B3,217984,500,126
42,F#3,218484,500,126
51,D#4,218984,500,126
42,F#3,219484,500,126
47,B3,219984,500,126
42,F#3,220484,500,126
35,B2,220984,500,126
42,F#3,221484,500,126
33,A2,221984,500,126
40,E3,222484,500,126
49,C#4,222984,500,126
40,E3,223484,500,126
45,A3,223984,500,126
40,E3,224484,500,126
33,A2,224984,500,126
40,E3,225484,500,126
35,B2,225984,500,126
42,F#3,226484,500,126
47,B3,226984,500,126
42,F#3,227484,500,126
49,C#4,227984,500,126
42,F#3,228484,500,126
51,D#4,228984,3000,126
40,E3,231984,500,126
47,B3,232484,500,126
52,E4,232984,500,126
47,B3,233484,500,126
52,E4,233984,500,126
47,B3,234484,500,126
52,E4,234984,1000,126
42,F#3,235984,500,126
47,B3,236484,500,126
51,D#4,236984,500,126
47,B3,237484,500,126
51,D#4,237984,500,126
47,B3,238484,500,126
51,D#4,238984,500,126
47,B3,239484,500,126
40,E3,239984,500,126
45,A3,240484,500,126
49,C#4,240984,500,126
45,A3,241484,500,126
49,C#4,241984,500,126
45,A3,242484,500,126
49,C#4,242984,500,126
45,A3,243484,500,126
40,E3,243984,500,126
47,B3,244484,500,126
51,D#4,244984,500,126
47,B3,245484,500,126
51,D#4,245984,500,126
47,B3,246484,500,126
51,D#4,246984,500,126
47,B3,247484,500,126
40,E3,247984,500,126
47,B3,248484,500,126
52,E4,248984,500,126
47,B3,249484,500,126
52,E4,249984,500,126
47,B3,250484,500,126
40,E3,250984,500,126
47,B3,251484,500,126
42,F#3,251984,500,126
47,B3,252484,500,126
51,D#4,252984,500,126
47,B3,253484,500,126
51,D#4,253984,500,126
47,B3,254484,500,126
42,F#3,254984,500,126
47,B3,255484,500,126
33,A2,255984,500,126
40,E3,256484,500,126
45,A3,256984,500,126
40,E3,257484,500,126
45,A3,257984,500,126
40,E3,258484,500,126
33,A2,258984,500,126
40,E3,259484,500,126
33,A2,259984,3000,126
33,A2,262984,1000,126
28,E2,263984,500,126
35,B2,264484,500,126
40,E3,264984,500,126
47,B3,265484,500,126
52,E4,265984,500,126
47,B3,266484,500,126
52,E4,266984,500,126
47,B3,267484,500,126
42,F#3,267984,500,126
47,B3,268484,500,126
51,D#4,268984,500,126
47,B3,269484,500,126
51,D#4,269984,500,126
47,B3,270484,500,126
42,F#3,270984,500,126
47,B3,271484,500,126
40,E3,271984,500,126
45,A3,272484,500,126
49,C#4,272984,500,126
45,A3,273484,500,126
49,C#4,273984,500,126
45,A3,274484,500,126
49,C#4,274984,500,126
45,A3,275484,500,126
40,E3,275984,500,126
47,B3,276484,500,126
51,D#4,276984,500,126
47,B3,277484,500,126
51,D#4,277984,500,126
47,B3,278484,500,126
42,F#3,278984,500,126
47,B3,279484,500,126
40,E3,279984,500,126
47,B3,280484,500,126
52,E4,280984,500,126
47,B3,281484,500,126
52,E4,281984,500,126
47,B3,282484,500,126
40,E3,282984,500,126
47,B3,283484,500,126
42,F#3,283984,500,126
47,B3,284484,1000,126
47,B3,285484,500,126
51,D#4,285984,500,126
47,B3,286484,1000,126
42,F#3,287484,500,126
33,A2,287984,500,126
40,E3,288484,500,126
45,A3,288984,500,126
40,E3,289484,500,126
45,A3,289984,500,126
40,E3,290484,500,126
33,A2,290984,500,126
40,E3,291484,500,126
33,A2,291984,500,126
40,E3,292484,500,126
45,A3,292984,500,126
40,E3,293484,500,126
32,G#2,293984,500,126
44,G#3,294484,1000,126
32,G#2,295484,500,126
25,C#2,295984,500,126
32,G#2,296484,500,126
37,C#3,296984,500,126
44,G#3,297484,500,126
49,C#4,297984,500,126
44,G#3,298484,500,126
37,C#3,298984,500,126
44,G#3,299484,500,126
35,B2,299984,500,126
42,F#3,300484,500,126
51,D#4,300984,500,126
42,F#3,301484,500,126
47,B3,301984,500,126
42,F#3,302484,500,126
35,B2,302984,1000,126
33,A2,303984,500,126
40,E3,304484,500,126
49,C#4,304984,500,126
40,E3,305484,500,126
45,A3,305984,500,126
40,E3,306484,500,126
45,A3,306984,1000,126
35,B2,307984,500,126
42,F#3,308484,500,126
51,D#4,308984,500,126
42,F#3,309484,500,126
47,B3,309984,500,126
42,F#3,310484,500,126
35,B2,310984,500,126
42,F#3,311484,500,126
37,C#3,311984,500,126
44,G#3,312484,500,126
52,E4,312984,500,126
44,G#3,313484,500,126
49,C#4,313984,500,126
44,G#3,314484,500,126
37,C#3,314984,500,126
44,G#3,315484,500,126
35,B2,315984,500,126
42,F#3,316484,500,126
51,D#4,316984,500,126
42,F#3,317484,500,126
51,D#4,317984,500,126
42,F#3,318484,500,126
47,B3,318984,500,126
42,F#3,319484,500,126
33,A2,319984,500,126
40,E3,320484,500,126
49,C#4,320984,500,126
40,E3,321484,500,126
45,A3,321984,500,126
40,E3,322484,500,126
45,A3,322984,500,126
40,E3,323484,500,126
32,G#2,323984,500,126
39,D#3,324484,500,126
44,G#3,324984,500,126
39,D#3,325484,500,126
30,F#2,325984,500,126
37,C#3,326484,500,126
42,F#3,326984,500,126
37,C#3,327484,500,126
25,C#2,327984,500,126
32,G#2,328484,500,126
37,C#3,328984,500,126
44,G#3,329484,500,126
49,C#4,329984,500,126
44,G#3,330484,500,126
37,C#3,330984,500,126
44,G#3,331484,500,126
35,B2,331984,500,126
42,F#3,332484,500,126
51,D#4,332984,500,126
42,F#3,333484,500,126
47,B3,333984,500,126
42,F#3,334484,500,126
35,B2,334984,500,126
42,F#3,335484,500,126
33,A2,335984,500,126
40,E3,336484,500,126
49,C#4,336984,500,126
40,E3,337484,500,126
45,A3,337984,500,126
40,E3,338484,500,126
45,A3,338984,1000,126
35,B2,339984,500,126
42,F#3,340484,500,126
51,D#4,340984,500,126
42,F#3,341484,500,126
47,B3,341984,500,126
42,F#3,342484,500,126
35,B2,342984,500,126
42,F#3,343484,500,126
37,C#3,343984,500,126
44,G#3,344484,500,126
52,E4,344984,500,126
44,G#3,345484,500,126
49,C#4,345984,500,126
44,G#3,346484,500,126
37,C#3,346984,500,126
44,G#3,347484,500,126
35,B2,347984,500,126
42,F#3,348484,500,126
47,B3,348984,500,126
42,F#3,349484,500,126
51,D#4,349984,500,126
42,F#3,350484,500,126
35,B2,350984,500,126
42,F#3,351484,500,126
33,A2,351984,500,126
40,E3,352484,500,126
45,A3,352984,500,126
40,E3,353484,500,126
49,C#4,353984,500,126
40,E3,354484,500,126
33,A2,354984,500,126
40,E3,355484,500,126
35,B2,355984,500,126
42,F#3,356484,500,126
51,D#4,356984,500,126
42,F#3,357484,500,126
47,B3,357984,500,126
42,F#3,358484,500,126
35,B2,358984,500,126
42,F#3,359484,497,126
40,E3,360983,500,126
47,B3,361483,500,126
52,E4,361983,500,126
47,B3,362483,500,126
52,E4,362983,500,126
47,B3,363483,500,126
40,E3,363983,500,126
47,B3,364483,500,126
35,B2,364983,500,126
42,F#3,365483,500,126
47,B3,365983,500,126
42,F#3,366483,500,126
51,D#4,366983,500,126
42,F#3,367483,500,126
35,B2,367983,500,126
42,F#3,368483,500,126
33,A2,368983,500,126
40,E3,369483,500,126
45,A3,369983,500,126
40,E3,370483,500,126
49,C#4,370983,500,126
40,E3,371483,500,126
35,B2,371983,500,126
42,F#3,372483,497,126
40,E3,374982,500,126
47,B3,375482,500,126
52,E4,375982,500,126
47,B3,376482,500,126
52,E4,376982,500,126
47,B3,377482,500,126
40,E3,377982,500,126
47,B3,378482,500,126
35,B2,378982,500,126
42,F#3,379482,500,126
47,B3,379982,500,126
42,F#3,380482,500,126
51,D#4,380982,500,126
42,F#3,381482,500,126
47,B3,381982,500,126
42,F#3,382482,500,126
35,B2,382982,500,126
42,F#3,383482,500,126
33,A2,383982,500,126
40,E3,384482,500,126
45,A3,384982,500,126
40,E3,385482,500,126
49,C#4,385982,500,126
40,E3,386482,500,126
45,A3,386982,500,126
40,E3,387482,500,126
32,G#2,387982,500,126
39,D#3,388482,500,126
44,G#3,388982,500,126
39,D#3,389482,500,126
30,F#2,389982,500,126
37,C#3,390482,500,126
42,F#3,390982,500,126
37,C#3,391482,500,126
29,F2,391982,500,126
36,C3,392482,500,126
44,G#3,392982,500,126
36,C3,393482,500,126
41,F3,393982,500,126
36,C3,394482,500,126
44,G#3,394982,500,126
36,C3,395482,500,126
27,D#2,395982,500,126
34,A#2,396482,500,126
43,G3,396982,500,126
34,A#2,397482,500,126
39,D#3,397982,500,126
34,A#2,398482,500,126
27,D#2,398982,500,126
34,A#2,399482,500,126
25,C#2,399982,500,126
32,G#2,400482,500,126
41,F3,400982,500,126
32,G#2,401482,500,126
41,F3,401982,500,126
32,G#2,402482,500,126
25,C#2,402982,1000,126
27,D#2,403982,500,126
34,A#2,404482,500,126
43,G3,404982,500,126
34,A#2,405482,500,126
39,D#3,405982,500,126
34,A#2,406482,500,126
27,D#2,406982,500,126
34,A#2,407482,500,126
29,F2,407982,500,126
36,C3,408482,500,126
43,G3,408982,500,126
44,G#3,409482,500,126
43,G3,409982,500,126
41,F3,410482,500,126
36,C3,410982,1000,126
29,F2,411982,1000,126
27,D#2,411982,500,126
34,A#2,412482,500,126
43,G3,412982,500,126
34,A#2,413482,500,126
43,G3,413982,500,126
34,A#2,414482,500,126
27,D#2,414982,500,126
34,A#2,415482,500,126
25,C#2,415982,500,126
32,G#2,416482,500,126
44,G#3,416982,500,126
32,G#2,417482,500,126
41,F3,417982,500,126
32,G#2,418482,500,126
25,C#2,418982,500,126
32,G#2,419482,500,126
24,C2,419982,500,126
31,G2,420482,500,126
36,C3,420982,1000,126
22,A#1,421982,500,126
29,F2,422482,500,126
34,A#2,422982,1000,126
29,F2,423982,500,126
36,C3,424482,500,126
43,G3,424982,500,126
36,C3,425482,500,126
44,G#3,425982,500,126
36,C3,426482,500,126
41,F3,426982,500,126
29,F2,427482,500,126
36,C3,427482,500,126
27,D#2,427982,500,126
34,A#2,428482,500,126
41,F3,428982,500,126
34,A#2,429482,500,126
43,G3,429982,500,126
34,A#2,430482,500,126
27,D#2,430982,500,126
39,D#3,431482,500,126
34,A#2,431482,500,126
25,C#2,431982,500,126
37,C#3,432482,500,126
32,G#2,432482,500,126
41,F3,432982,500,126
32,G#2,433482,500,126
41,F3,433982,500,126
32,G#2,434482,500,126
25,C#2,434982,500,126
37,C#3,435482,500,126
32,G#2,435482,500,126
27,D#2,435982,500,126
34,A#2,436482,500,126
43,G3,436982,500,126
34,A#2,437482,500,126
39,D#3,437982,500,126
34,A#2,438482,500,126
27,D#2,438982,500,126
34,A#2,439482,500,126
29,F2,439982,500,126
36,C3,440482,500,126
43,G3,440982,500,126
36,C3,441482,500,126
44,G#3,441982,500,126
36,C3,442482,500,126
29,F2,442982,500,126
41,F3,443482,500,126
36,C3,443482,500,126
27,D#2,443982,500,126
39,D#3,444482,500,126
34,A#2,444482,500,126
43,G3,444982,500,126
34,A#2,445482,500,126
43,G3,445982,500,126
34,A#2,446482,500,126
27,D#2,446982,500,126
39,D#3,447482,500,126
34,A#2,447482,500,126
25,C#2,447982,500,126
37,C#3,448482,500,126
32,G#2,448482,500,126
41,F3,448982,500,126
32,G#2,449482,500,126
41,F3,449982,500,126
32,G#2,450482,500,126
25,C#2,450982,500,126
37,C#3,451482,500,126
32,G#2,451482,500,126
27,D#2,451982,500,126
39,D#3,452482,500,126
34,A#2,452482,500,126
43,G3,452982,500,126
34,A#2,453482,500,126
27,D#2,453982,500,126
34,A#2,454482,500,126
39,D#3,454982,1000,126
29,F2,455982,1000,126
41,F3,456982,1000,126
48,C4,456982,500,126
53,F4,457482,500,126
48,C4,457982,500,126
53,F4,458482,500,126
41,F3,458982,500,126
48,C4,459482,500,126
39,D#3,459982,500,126
46,A#3,460482,500,126
51,D#4,460982,500,126
46,A#3,461482,500,126
55,G4,461982,500,126
46,A#3,462482,500,126
39,D#3,462982,500,126
46,A#3,463482,500,126
37,C#3,463982,500,126
44,G#3,464482,500,126
49,C#4,464982,500,126
44,G#3,465482,500,126
51,D#4,465982,500,126
44,G#3,466482,500,126
49,C#4,466982,500,126
44,G#3,467482,500,126
37,C#3,467982,500,126
44,G#3,468482,500,126
49,C#4,468982,500,126
44,G#3,469482,500,126
51,D#4,469982,500,126
44,G#3,470482,500,126
49,C#4,470982,500,126
44,G#3,471482,500,126
41,F3,471982,500,126
48,C4,472482,500,126
53,F4,472982,500,126
48,C4,473482,500,126
53,F4,473982,500,126
48,C4,474482,500,126
41,F3,474982,500,126
48,C4,475482,500,126
39,D#3,475982,500,126
46,A#3,476482,500,126
51,D#4,476982,500,126
46,A#3,477482,500,126
55,G4,477982,500,126
46,A#3,478482,500,126
39,D#3,478982,500,126
46,A#3,479482,500,126
37,C#3,479982,500,126
44,G#3,480482,500,126
49,C#4,480982,500,126
44,G#3,481482,500,126
49,C#4,481982,500,126
44,G#3,482482,500,126
51,D#4,482982,500,126
44,G#3,483482,500,126
49,C#4,483982,500,126
44,G#3,484482,500,126
51,D#4,484982,500,126
44,G#3,485482,500,126
49,C#4,485982,500,126
44,G#3,486482,500,126
41,F3,486982,1000,126
29,F2,487982,500,126
36,C3,488482,500,126
41,F3,488982,500,126
36,C3,489482,500,126
41,F3,489982,500,126
36,C3,490482,500,126
29,F2,490982,1000,126
27,D#2,491982,500,126
34,A#2,492482,500,126
39,D#3,492982,500,126
34,A#2,493482,500,126
43,G3,493982,500,126
34,A#2,494482,500,126
39,D#3,494982,500,126
34,A#2,495482,500,126
27,D#2,495982,4000,126
27,D#2,499982,500,126
34,A#2,500482,500,126
39,D#3,500982,500,126
34,A#2,501482,500,126
41,F3,501982,500,126
34,A#2,502482,500,126
43,G3,502982,500,126
34,A#2,503482,500,126
25,C#2,503982,500,126
32,G#2,504482,500,126
37,C#3,504982,500,126
32,G#2,505482,500,126
25,C#2,505982,6000,126
48,C4,511982,500,126
55,G4,512482,500,126
60,C5,512982,500,126
55,G4,513482,1000,126
60,C5,514482,500,126
55,G4,514982,1000,126
49,C#4,515982,500,126
55,G4,516482,500,126
58,A#4,516982,500,126
55,G4,517482,500,126
58,A#4,517982,500,126
55,G4,518482,500,126
58,A#4,518982,500,126
55,G4,519482,500,126
48,C4,519982,500,126
53,F4,520482,500,126
56,G#4,520982,500,126
53,F4,521482,1500,126
56,G#4,522982,1000,126
48,C4,523982,500,126
55,G4,524482,500,126
58,A#4,524982,500,126
55,G4,525482,500,126
58,A#4,525982,2000,126
48,C4,527982,500,126
55,G4,528482,500,126
60,C5,528982,500,126
55,G4,529482,1000,126
60,C5,530482,500,126
67,G5,530982,500,126
60,C5,531482,500,126
49,C#4,531982,500,126
55,G4,532482,500,126
58,A#4,532982,500,126
55,G4,533482,500,126
58,A#4,533982,500,126
55,G4,534482,500,126
58,A#4,534982,500,126
55,G4,535482,500,126
48,C4,535982,500,126
53,F4,536482,500,126
56,G#4,536982,500,126
53,F4,537482,500,126
56,G#4,537982,500,126
53,F4,538482,500,126
56,G#4,538982,500,126
53,F4,539482,500,126
48,C4,539982,3997,126