64,E5,0,291,69
72,C6,291,291,87
71,B5,582,291,73
72,C6,873,583,82
72,C6,1456,291,77
71,B5,1747,291,72
72,C6,2038,583,79
71,B5,2621,291,74
72,C6,2912,291,79
74,D6,3203,783,84
65,F5,4077,291,59
65,F5,4368,583,73
71,B5,4951,291,91
70,A#5,5242,291,72
71,B5,5533,583,80
71,B5,6116,291,79
70,A#5,6407,292,70
71,B5,6699,582,78
70,A#5,7281,291,76
71,B5,7572,292,76
72,C6,7864,782,83
64,E5,8737,874,59
69,A5,9611,291,90
68,G#5,9902,292,74
69,A5,10194,582,84
69,A5,10776,291,79
68,G#5,11067,292,74
69,A5,11359,582,79
68,G#5,11941,292,73
69,A5,12233,291,77
71,B5,12524,783,84
62,D5,13398,260,60
62,D5,14271,292,69
65,F5,14563,291,83
64,E5,14854,582,74
69,A5,15436,292,86
68,G#5,15728,582,74
71,B5,16310,583,81
69,A5,16893,873,70
52,E4,17766,583,54
57,A4,18349,583,81
59,B4,18932,1165,81
53,F4,20097,291,66
59,B4,20388,582,87
60,C5,20970,783,80
72,C6,21844,783,100
72,C6,22718,291,80
72,C6,23009,291,79
71,B5,23300,292,74
69,A5,23592,291,68
71,B5,23883,583,82
72,C6,24466,1049,78
72,C6,25631,291,79
74,D6,25922,291,81
72,C6,26213,291,69
71,B5,26504,783,74
69,A5,27378,291,69
71,B5,27669,583,82
65,F5,28252,582,63
64,E5,28834,1457,72
60,C5,30291,291,69
69,A5,30582,291,90
67,G5,30873,292,74
69,A5,31165,782,85
67,G5,32038,292,71
65,F5,32330,582,71
64,E5,32912,583,70
62,D5,33495,1456,74
62,D5,34951,291,77
65,F5,35242,291,83
64,E5,35533,292,72
56,G#4,35825,582,62
64,E5,36407,292,90
65,F5,36699,291,81
67,G5,36990,783,82
64,E5,37864,291,69
64,E5,38155,291,78
65,F5,38446,291,79
64,E5,38737,292,73
62,D5,39029,291,70
60,C5,39320,291,75
59,B4,39611,291,70
57,A4,39902,292,69
59,B4,40194,291,80
60,C5,40485,783,81
60,C5,41359,291,77
60,C5,41650,291,79
59,B4,41941,291,72
57,A4,42232,292,69
59,B4,42524,291,81
60,C5,42815,1165,82
53,F4,43980,1165,82
60,C5,43980,291,76
60,C5,44271,292,77
62,D5,44563,291,79
60,C5,44854,291,73
59,B4,45145,437,73
55,G4,45582,437,68
57,A4,46019,291,79
59,B4,46310,783,83
52,E4,47184,291,62
52,E4,47475,1457,76
48,C4,48932,291,67
57,A4,49223,291,90
55,G4,49514,291,71
57,A4,49805,783,83
55,G4,50679,291,70
53,F4,50970,583,69
52,E4,51553,582,71
50,D4,52135,1457,73
53,F4,53592,291,84
60,C5,53883,291,90
59,B4,54174,1074,72
59,B4,55339,292,76
59,B4,55631,291,76
60,C5,55922,582,81
57,A4,56504,874,72
52,E4,57378,291,67
57,A4,57669,292,82
59,B4,57961,291,86
60,C5,58252,291,81
62,D5,58543,291,81
64,E5,58834,292,80
65,F5,59126,291,83
64,E5,59417,291,72
62,D5,59708,291,69
60,C5,59999,292,68
59,B4,60291,582,70
60,C5,60873,292,80
59,B4,61165,291,74
60,C5,61456,582,81
60,C5,62038,292,79
59,B4,62330,291,73
60,C5,62621,582,77
59,B4,63203,292,76
60,C5,63495,291,78
62,D5,63786,582,82
53,F4,64368,292,60
53,F4,64660,782,72
59,B4,65533,292,89
57,A4,65825,291,71
59,B4,66116,583,84
59,B4,66699,291,80
57,A4,66990,291,70
59,B4,67281,583,78
58,A#4,67864,291,75
59,B4,68155,291,81
60,C5,68446,583,85
52,E4,69029,291,64
52,E4,69320,291,72
55,G4,69611,291,85
60,C5,69902,292,88
69,A5,70194,291,96
67,G5,70485,291,75
69,A5,70776,583,81
69,A5,71359,291,81
67,G5,71650,291,72
69,A5,71941,583,80
69,A5,72524,291,81
69,A5,72815,291,78
71,B5,73106,583,85
62,D5,73689,291,58
62,D5,73980,1050,74
64,E5,75145,291,81
64,E5,75436,582,78
56,G#4,76018,583,78
72,C6,76018,291,89
71,B5,76309,583,74
72,C6,76892,291,81
74,D6,77183,291,82
71,B5,77474,1924,68
72,C6,79513,291,81
71,B5,79804,292,73
72,C6,80096,582,83
72,C6,80678,291,81
71,B5,80969,292,71
72,C6,81261,582,77
71,B5,81843,291,75
72,C6,82134,292,79
74,D6,82426,782,83
65,F5,83299,292,57
65,F5,83591,582,72
71,B5,84173,291,91
70,A#5,84464,292,75
71,B5,84756,582,83
71,B5,85338,292,79
70,A#5,85630,291,70
71,B5,85921,582,76
70,A#5,86503,292,75
71,B5,86795,291,78
72,C6,87086,582,84
64,E5,87668,292,63
64,E5,87960,582,74
60,C5,88542,291,70
69,A5,88833,292,91
67,G5,89125,291,74
69,A5,89416,582,85
69,A5,89998,292,79
67,G5,90290,291,72
69,A5,90581,583,81
69,A5,91164,291,79
69,A5,91455,291,76
71,B5,91746,583,83
62,D5,92329,291,59
62,D5,92620,1050,73
69,A5,93785,291,89
69,A5,94076,583,83
69,A5,94659,291,76
69,A5,94950,582,77
69,A5,95532,292,81
68,G#5,95824,291,72
69,A5,96115,1748,77
64,E5,97863,291,64
72,C6,98154,291,90
71,B5,98445,291,74
64,E5,98736,1457,67
48,C4,100193,291,56
57,A4,100484,291,91
55,G4,100775,291,73
69,A5,101066,1633,98
60,C5,102814,291,64
59,B4,103105,292,70
60,C5,103397,582,81
60,C5,103979,291,79
59,B4,104270,292,73
60,C5,104562,582,80
59,B4,105144,291,75
60,C5,105435,292,77
62,D5,105727,582,84
53,F4,106309,291,59
53,F4,106600,783,72
59,B4,107474,291,88
57,A4,107765,292,71
59,B4,108057,582,84
59,B4,108639,291,81
57,A4,108930,292,72
59,B4,109222,582,79
58,A#4,109804,292,74
59,B4,110096,291,80
60,C5,110387,582,82
52,E4,110969,292,64
52,E4,111261,291,71
55,G4,111552,291,84
60,C5,111843,291,87
69,A5,112134,292,96
67,G5,112426,291,72
69,A5,112717,582,85
69,A5,113299,292,78
67,G5,113591,291,70
69,A5,113882,582,79
69,A5,114464,292,80
69,A5,114756,291,77
71,B5,115047,583,85
62,D5,115630,291,59
62,D5,115921,1050,73
64,E5,117086,291,81
64,E5,117377,582,79
56,G#4,117959,583,79
72,C6,117959,291,92
71,B5,118250,582,75
72,C6,118832,292,82
74,D6,119124,291,80
71,B5,119415,1923,71
72,C6,121454,291,81
71,B5,121745,291,74
72,C6,122036,583,82
72,C6,122619,291,78
71,B5,122910,291,71
72,C6,123201,583,80
71,B5,123784,291,76
72,C6,124075,291,76
74,D6,124366,783,83
65,F5,125240,291,58
65,F5,125531,583,73
71,B5,126114,291,89
70,A#5,126405,291,75
71,B5,126696,583,80
71,B5,127279,291,79
70,A#5,127570,292,72
71,B5,127862,582,79
70,A#5,128444,291,75
71,B5,128735,292,79
72,C6,129027,582,81
64,E5,129609,291,60
64,E5,129900,583,75
52,E4,130483,291,69
60,C5,130774,291,69
69,A5,130774,291,90
60,C5,131065,291,90
67,G5,131065,291,73
59,B4,131356,292,73
60,C5,131356,582,83
69,A5,131938,582,83
69,A5,131938,291,78
60,C5,132229,291,78
67,G5,132229,291,72
59,B4,132520,292,72
60,C5,132520,582,79
69,A5,133102,582,79
69,A5,133102,291,78
60,C5,133393,292,78
69,A5,133393,291,75
60,C5,133684,291,75
62,D5,133684,582,84
71,B5,134266,582,84
53,F4,134266,291,61
62,D5,134557,292,61
53,F4,134557,1165,74
62,D5,135722,1165,74
60,C5,135722,291,90
69,A5,136013,291,90
60,C5,136013,582,80
69,A5,136595,582,80
69,A5,136595,291,75
60,C5,136886,292,75
69,A5,136886,582,76
60,C5,137468,582,76
69,A5,137468,291,78
60,C5,137759,291,78
68,G#5,137759,291,73
59,B4,138050,292,73
60,C5,138050,2506,79
69,A5,140556,2506,79
--end--
45,A3,873,292,72
52,E4,1165,291,87
57,A4,1456,1632,85
38,D3,3203,292,59
45,A3,3495,291,86
50,D4,3786,291,89
53,F4,4077,291,82
53,F4,4368,1050,76
43,G3,5533,292,63
50,D4,5825,291,84
55,G4,6116,1632,86
36,C3,7864,291,59
43,G3,8155,291,85
48,C4,8446,291,85
52,E4,8737,292,87
52,E4,9029,1049,76
41,F3,10194,582,59
48,C4,10776,583,84
53,F4,11359,1049,86
38,D3,12524,291,62
45,A3,12815,291,85
50,D4,13106,292,88
57,A4,13398,1341,90
40,E3,14854,291,57
47,B3,15145,291,84
52,E4,15436,1050,86
52,E4,16601,583,78
33,A2,17184,291,60
40,E3,17475,291,87
36,C3,17766,783,71
45,A3,18640,583,90
45,A3,19223,291,78
33,A2,19514,583,57
40,E3,20097,1632,85
33,A2,21844,291,68
40,E3,22135,292,86
45,A3,22427,291,88
48,C4,22718,291,84
52,E4,23009,291,89
48,C4,23300,292,67
45,A3,23592,582,66
38,D3,24174,292,64
45,A3,24466,291,88
52,E4,24757,291,90
53,F4,25048,291,82
60,C5,25339,292,91
50,D4,25631,291,58
53,F4,25922,291,78
50,D4,26213,291,72
43,G3,26504,292,66
50,D4,26796,291,86
55,G4,27087,291,86
59,B4,27378,583,88
62,D5,27961,782,83
36,C3,28834,292,57
43,G3,29126,291,85
48,C4,29417,291,88
52,E4,29708,291,88
55,G4,29999,292,89
43,G3,30291,291,55
48,C4,30582,291,81
52,E4,30873,292,87
41,F3,31165,291,60
48,C4,31456,291,85
53,F4,31747,291,86
57,A4,32038,292,86
60,C5,32330,1049,82
38,D3,33495,291,57
45,A3,33786,291,86
52,E4,34077,291,90
53,F4,34368,292,79
60,C5,34660,291,92
50,D4,34951,291,60
53,F4,35242,291,81
57,A4,35533,292,85
40,E3,35825,291,58
47,B3,36116,291,85
52,E4,36407,292,88
56,G#4,36699,1341,87
33,A2,40485,291,58
40,E3,40776,291,84
45,A3,41067,292,89
47,B3,41359,291,83
48,C4,41650,291,82
45,A3,41941,291,71
50,D4,42232,292,85
52,E4,42524,291,83
38,D3,42815,291,61
45,A3,43106,292,85
52,E4,43398,291,93
53,F4,43689,291,80
50,D4,43980,291,71
48,C4,44271,292,71
47,B3,44563,291,72
45,A3,44854,291,69
43,G3,45145,291,72
47,B3,45436,292,84
50,D4,45728,291,83
55,G4,46019,1341,87
36,C3,47475,291,59
43,G3,47766,292,88
48,C4,48058,291,86
55,G4,48349,291,93
72,C6,48640,292,102
71,B5,48932,291,74
69,A5,49223,291,70
67,G5,49514,291,70
41,F3,49805,292,59
48,C4,50097,291,85
53,F4,50388,291,88
48,C4,50679,874,66
41,F3,51553,291,64
40,E3,51844,291,70
38,D3,52135,292,73
45,A3,52427,291,90
50,D4,52718,291,87
52,E4,53009,291,82
53,F4,53300,1050,78
40,E3,54465,292,57
47,B3,54757,291,87
56,G#4,55048,291,95
47,B3,55339,292,61
52,E4,55631,291,86
47,B3,55922,291,68
43,G3,56213,291,65
40,E3,56504,292,66
33,A2,56796,582,66
40,E3,57378,1632,85
38,D3,59126,582,74
45,A3,59708,583,90
40,E3,60291,291,71
47,B3,60582,291,86
52,E4,60873,583,88
33,A2,61456,582,59
40,E3,62038,292,89
45,A3,62330,291,87
47,B3,62621,291,87
40,E3,62912,291,63
48,C4,63203,292,91
52,E4,63495,291,87
38,D3,63786,783,61
45,A3,64660,291,87
53,F4,64951,291,94
52,E4,65242,291,75
50,D4,65533,292,69
48,C4,65825,291,70
43,G3,66116,291,70
50,D4,66407,292,88
55,G4,66699,291,88
50,D4,66990,582,66
50,D4,67572,783,73
36,C3,68446,583,59
43,G3,69029,582,88
48,C4,69611,1050,85
41,F3,70776,291,66
48,C4,71067,292,88
53,F4,71359,291,86
55,G4,71650,582,80
48,C4,72232,292,66
53,F4,72524,291,85
57,A4,72815,291,87
38,D3,73106,292,60
45,A3,73398,291,88
50,D4,73689,291,89
53,F4,73980,783,85
50,D4,74854,291,72
57,A4,75145,291,89
44,G#3,75436,292,60
47,B3,75728,291,77
52,E4,76019,291,85
55,G4,76310,583,84
52,E4,76893,291,75
47,B3,77184,291,66
44,G#3,77475,291,66
40,E3,77766,292,70
47,B3,78058,291,88
52,E4,78349,291,88
56,G#4,78640,292,88
64,E5,78932,1049,90
33,A2,80097,291,61
40,E3,80388,291,86
45,A3,80679,291,88
47,B3,80970,292,83
48,C4,81262,291,82
52,E4,81553,291,86
57,A4,81844,291,87
45,A3,82135,292,56
38,D3,82427,291,62
45,A3,82718,291,86
50,D4,83009,291,86
45,A3,83300,292,66
53,F4,83592,291,92
52,E4,83883,291,72
50,D4,84174,291,71
48,C4,84465,292,72
31,G2,84757,291,58
38,D3,85048,291,85
43,G3,85339,292,87
47,B3,85631,291,87
50,D4,85922,291,88
38,D3,86213,291,54
43,G3,86504,292,82
47,B3,86796,291,87
36,C3,87087,291,60
43,G3,87378,291,84
48,C4,87669,292,86
50,D4,87961,291,83
52,E4,88252,291,83
43,G3,88543,291,59
48,C4,88834,292,84
43,G3,89126,291,66
41,F3,89417,291,73
48,C4,89708,291,90
53,F4,89999,292,90
55,G4,90291,291,84
57,A4,90582,291,83
48,C4,90873,292,58
53,F4,91165,291,84
48,C4,91456,291,67
38,D3,91747,291,61
45,A3,92038,292,86
50,D4,92330,291,86
53,F4,92621,1341,82
40,E3,94077,291,59
47,B3,94368,292,87
52,E4,94660,291,88
56,G#4,94951,582,85
59,B4,95533,783,85
33,A2,96407,291,57
40,E3,96698,292,85
45,A3,96990,291,89
40,E3,97281,291,65
47,B3,97572,292,89
40,E3,97864,291,64
48,C4,98155,291,91
40,E3,98446,291,61
36,C3,98737,292,69
43,G3,99029,291,87
48,C4,99320,291,86
52,E4,99611,291,86
72,C6,99902,292,101
71,B5,100194,291,77
69,A5,100485,291,69
67,G5,100776,291,72
33,A2,101067,292,59
40,E3,101359,291,84
45,A3,101650,291,89
40,E3,101941,291,69
47,B3,102232,292,92
40,E3,102524,291,63
48,C4,102815,291,88
40,E3,103106,292,63
33,A2,103398,582,63
40,E3,103980,291,91
45,A3,104271,292,87
47,B3,104563,291,84
40,E3,104854,291,65
48,C4,105145,291,87
52,E4,105436,292,88
38,D3,105728,782,61
45,A3,106601,292,87
53,F4,106893,291,93
52,E4,107184,291,74
50,D4,107475,291,72
48,C4,107766,292,72
43,G3,108058,291,69
50,D4,108349,291,87
55,G4,108640,291,87
50,D4,108931,583,67
50,D4,109514,783,75
36,C3,110388,291,58
43,G3,110679,291,86
48,C4,110970,1633,87
41,F3,112718,291,66
48,C4,113009,291,89
53,F4,113300,292,88
55,G4,113592,582,83
48,C4,114174,291,68
53,F4,114465,292,82
57,A4,114757,291,83
38,D3,115048,291,61
45,A3,115339,292,86
50,D4,115631,291,86
53,F4,115922,783,84
50,D4,116796,291,73
57,A4,117087,291,90
44,G#3,117378,291,61
47,B3,117669,292,78
52,E4,117961,291,85
55,G4,118252,582,83
52,E4,118834,292,73
47,B3,119126,291,66
44,G#3,119417,291,68
40,E3,119708,291,68
47,B3,119999,292,87
52,E4,120291,291,87
56,G#4,120582,291,85
64,E5,120873,1050,90
33,A2,122038,292,61
40,E3,122330,291,86
45,A3,122621,291,85
47,B3,122912,291,82
48,C4,123203,292,84
52,E4,123495,291,85
57,A4,123786,291,86
45,A3,124077,291,56
38,D3,124368,292,60
45,A3,124660,291,86
50,D4,124951,291,86
45,A3,125242,291,68
53,F4,125533,292,93
52,E4,125825,291,74
50,D4,126116,291,71
48,C4,126407,291,69
31,G2,126698,292,56
38,D3,126990,291,87
43,G3,127281,291,87
47,B3,127572,292,87
50,D4,127864,291,88
38,D3,128155,291,57
43,G3,128446,291,83
47,B3,128737,292,83
36,C3,129029,291,62
43,G3,129320,291,85
48,C4,129611,291,89
50,D4,129902,292,83
52,E4,130194,291,85
43,G3,130485,291,57
48,C4,130776,291,84
43,G3,131067,292,66
41,F3,131359,291,73
48,C4,131650,291,91
53,F4,131941,291,90
55,G4,132232,292,83
57,A4,132524,291,84
48,C4,132815,291,57
53,F4,133106,292,83
48,C4,133398,291,66
38,D3,133689,291,58
45,A3,133980,291,87
50,D4,134271,292,86
53,F4,134563,291,83
53,F4,134854,1050,79
40,E3,136019,291,58
47,B3,136310,291,85
52,E4,136601,292,86
56,G#4,136893,582,86
59,B4,137475,783,85
59,B4,139514,1049,68
60,C5,140563,1049,68
45,A3,140563,1049,68
52,E4,140563,1049,68
57,A4,140563,1049,68