57,A4,9999,83,126
62,D5,10165,83,126
64,E5,10331,83,126
66,F#5,10497,83,126
64,E5,10663,166,126
62,D5,10995,83,126
62,D5,11161,499,126
57,A4,12659,83,126
62,D5,12825,83,126
64,E5,12991,83,126
66,F#5,13157,83,126
64,E5,13323,166,126
62,D5,13655,83,126
64,E5,13821,83,126
66,F#5,14153,166,126
66,F#5,14485,766,126
57,A4,15317,83,126
62,D5,15483,83,126
64,E5,15649,83,126
66,F#5,15815,83,126
64,E5,15981,166,126
62,D5,16313,83,126
62,D5,16479,499,126
57,A4,17977,83,126
62,D5,18143,83,126
64,E5,18309,83,126
66,F#5,18475,83,126
64,E5,18641,166,126
62,D5,18973,83,126
64,E5,19139,83,126
69,A5,19471,138,126
66,F#5,19803,766,126
66,F#5,20635,333,126
54,F#4,20968,333,126
55,G4,20968,333,126
67,G5,21301,333,126
57,A4,21301,333,126
69,A5,21634,333,126
64,E5,21634,333,126
61,C#5,21634,333,126
61,C#5,21634,166,126
57,A4,21800,166,126
69,A5,21800,166,126
64,E5,21800,166,126
61,C#5,21800,499,126
57,A4,22299,499,126
69,A5,22299,499,126
64,E5,22299,499,126
61,C#5,22299,333,126
57,A4,22632,333,126
69,A5,22632,333,126
64,E5,22632,333,126
59,B4,22632,333,126
69,A5,22965,333,126
66,F#5,22965,166,126
59,B4,23131,166,126
59,B4,23131,499,126
62,D5,23630,499,126
66,F#5,23630,166,126
67,G5,23796,166,126
61,C#5,23962,333,126
57,A4,24295,333,126
69,A5,24295,333,126
61,C#5,24295,166,126
57,A4,24461,166,126
69,A5,24461,166,126
61,C#5,24461,499,126
57,A4,24960,499,126
69,A5,24960,499,126
61,C#5,24960,333,126
57,A4,25293,333,126
69,A5,25293,333,126
57,A4,25293,333,126
69,A5,25626,333,126
57,A4,25626,166,126
66,F#5,25792,166,126
62,D5,25792,499,126
57,A4,26291,499,126
59,B4,26291,166,126
62,D5,26457,166,126
64,E5,26457,166,126
62,D5,26623,333,126
56,G#4,26956,333,126
66,F#5,26956,333,126
62,D5,26956,166,126
56,G#4,27122,166,126
66,F#5,27122,166,126
62,D5,27122,499,126
56,G#4,27621,499,126
66,F#5,27621,499,126
62,D5,27621,333,126
56,G#4,27954,333,126
66,F#5,27954,333,126
62,D5,27954,333,126
59,B4,28287,333,126
66,F#5,28287,333,126
71,B5,28287,333,126
64,E5,28620,111,126
71,B5,28731,111,126
66,F#5,28731,111,126
64,E5,28842,111,126
62,D5,29008,333,126
64,E5,29341,666,126
59,B4,30007,499,126
55,G4,30506,499,126
64,E5,30506,499,126
59,B4,30506,166,126
55,G4,30672,166,126
64,E5,30672,166,126
61,C#5,30672,333,126
57,A4,31005,333,126
64,E5,31005,333,126
61,C#5,31005,249,126
57,A4,31337,83,126
62,D5,31503,83,126
64,E5,31669,83,126
66,F#5,31835,83,126
64,E5,32001,166,126
62,D5,32333,83,126
62,D5,32499,499,126
57,A4,33997,83,126
62,D5,34163,83,126
64,E5,34329,83,126
66,F#5,34495,83,126
64,E5,34661,166,126
62,D5,34993,83,126
64,E5,35159,83,126
66,F#5,35491,166,126
66,F#5,35823,766,126
57,A4,36655,83,126
62,D5,36821,83,126
64,E5,36987,83,126
66,F#5,37153,83,126
64,E5,37319,166,126
62,D5,37651,83,126
62,D5,37817,499,126
57,A4,39315,83,126
62,D5,39481,83,126
64,E5,39647,83,126
66,F#5,39813,83,126
64,E5,39979,166,126
62,D5,40311,83,126
64,E5,40477,83,126
69,A5,40809,138,126
66,F#5,41141,766,126
66,F#5,41973,333,126
54,F#4,42306,333,126
55,G4,42306,333,126
67,G5,42639,333,126
57,A4,42639,333,126
69,A5,42972,333,126
64,E5,42972,333,126
61,C#5,42972,333,126
61,C#5,42972,166,126
57,A4,43138,166,126
69,A5,43138,166,126
64,E5,43138,166,126
61,C#5,43138,499,126
57,A4,43637,499,126
69,A5,43637,499,126
64,E5,43637,499,126
61,C#5,43637,333,126
57,A4,43970,333,126
69,A5,43970,333,126
64,E5,43970,333,126
59,B4,43970,333,126
69,A5,44303,333,126
66,F#5,44303,166,126
59,B4,44469,166,126
59,B4,44469,499,126
62,D5,44968,499,126
66,F#5,44968,166,126
67,G5,45134,166,126
61,C#5,45300,333,126
57,A4,45633,333,126
69,A5,45633,333,126
61,C#5,45633,166,126
57,A4,45799,166,126
69,A5,45799,166,126
61,C#5,45799,499,126
57,A4,46298,499,126
69,A5,46298,499,126
61,C#5,46298,333,126
57,A4,46631,333,126
69,A5,46631,333,126
57,A4,46631,333,126
69,A5,46964,333,126
57,A4,46964,166,126
66,F#5,47130,166,126
62,D5,47130,499,126
57,A4,47629,499,126
59,B4,47629,166,126
62,D5,47795,166,126
64,E5,47795,166,126
62,D5,47961,333,126
56,G#4,48294,333,126
66,F#5,48294,333,126
62,D5,48294,166,126
56,G#4,48460,166,126
66,F#5,48460,166,126
62,D5,48460,499,126
56,G#4,48959,499,126
66,F#5,48959,499,126
62,D5,48959,333,126
56,G#4,49292,333,126
66,F#5,49292,333,126
61,C#5,49292,666,126
55,G4,49958,666,126
66,F#5,49958,666,126
64,E5,49958,111,126
71,B5,50069,111,126
66,F#5,50069,111,126
64,E5,50180,111,126
62,D5,50291,166,126
59,B4,50457,166,126
62,D5,50623,666,126
52,E4,51289,333,126
57,A4,51622,333,126
54,F#4,51955,533,126
54,F#4,53162,62,126
47,B3,53224,62,126
50,D4,53224,599,126
47,B3,53952,333,126
50,D4,54285,333,126
54,F#4,54285,333,126
52,E4,54618,1183,126
47,B3,55801,1183,126
49,C#4,55801,1183,126
50,D4,55801,74,126
52,E4,55875,74,126
54,F#4,55949,666,126
57,A4,56615,666,126
57,A4,56615,333,126
54,F#4,56948,333,126
52,E4,56948,183,126
50,D4,57131,74,126
52,E4,57205,74,126
54,F#4,57279,666,126
57,A4,57945,666,126
57,A4,57945,333,126
54,F#4,58278,333,126
52,E4,58278,183,126
50,D4,58461,74,126
52,E4,58535,74,126
54,F#4,58609,666,126
57,A4,59275,666,126
57,A4,59275,333,126
54,F#4,59608,333,126
52,E4,59608,166,126
50,D4,59774,166,126
52,E4,59940,1333,126
49,C#4,61273,1333,126
69,A5,61273,166,126
57,A4,61439,166,126
62,D5,61605,166,126
64,E5,61771,166,126
69,A5,61937,166,126
64,E5,62103,166,126
62,D5,62269,166,126
57,A4,62435,166,126
69,A5,62601,166,126
57,A4,62767,166,126
62,D5,62933,166,126
64,E5,63099,166,126
69,A5,63265,166,126
64,E5,63431,166,126
62,D5,63597,166,126
57,A4,63763,166,126
69,A5,63929,166,126
57,A4,64095,166,126
62,D5,64261,166,126
64,E5,64427,166,126
69,A5,64593,166,126
64,E5,64759,166,126
62,D5,64925,166,126
57,A4,65091,166,126
69,A5,65257,166,126
57,A4,65423,166,126
62,D5,65589,166,126
64,E5,65755,166,126
69,A5,65921,166,126
64,E5,66087,166,126
62,D5,66253,166,126
57,A4,66419,166,126
69,A5,66585,166,126
57,A4,66751,166,126
62,D5,66917,166,126
64,E5,67083,166,126
69,A5,67249,166,126
64,E5,67415,166,126
62,D5,67581,166,126
57,A4,67747,166,126
69,A5,67913,166,126
57,A4,68079,166,126
62,D5,68245,166,126
64,E5,68411,166,126
69,A5,68577,166,126
64,E5,68743,166,126
62,D5,68909,166,126
57,A4,69075,166,126
69,A5,69241,166,126
57,A4,69407,166,126
62,D5,69573,166,126
64,E5,69739,166,126
69,A5,69905,166,126
64,E5,70071,166,126
62,D5,70237,166,126
57,A4,70403,166,126
69,A5,70569,166,126
57,A4,70735,166,126
62,D5,70901,166,126
64,E5,71067,166,126
69,A5,71233,166,126
64,E5,71399,166,126
62,D5,71565,166,126
57,A4,71731,166,126
74,D6,71897,166,126
62,D5,72063,166,126
67,G5,72229,166,126
69,A5,72395,166,126
74,D6,72561,166,126
69,A5,72727,166,126
67,G5,72893,166,126
62,D5,73059,166,126
74,D6,73225,166,126
62,D5,73391,166,126
67,G5,73557,166,126
69,A5,73723,166,126
74,D6,73889,166,126
69,A5,74055,166,126
67,G5,74221,166,126
62,D5,74387,166,126
74,D6,74553,166,126
62,D5,74719,166,126
67,G5,74885,166,126
69,A5,75051,166,126
74,D6,75217,166,126
69,A5,75383,166,126
67,G5,75549,166,126
62,D5,75715,166,126
74,D6,75881,166,126
62,D5,76047,166,126
67,G5,76213,166,126
69,A5,76379,166,126
74,D6,76545,166,126
69,A5,76711,166,126
67,G5,76877,166,126
62,D5,77043,166,126
74,D6,77209,166,126
62,D5,77375,166,126
67,G5,77541,166,126
69,A5,77707,166,126
74,D6,77873,166,126
69,A5,78039,166,126
67,G5,78205,166,126
62,D5,78371,166,126
74,D6,78537,166,126
62,D5,78703,166,126
67,G5,78869,166,126
69,A5,79035,166,126
74,D6,79201,166,126
69,A5,79367,166,126
67,G5,79533,166,126
62,D5,79699,166,126
74,D6,79865,166,126
62,D5,80031,166,126
67,G5,80197,166,126
69,A5,80363,166,126
74,D6,80529,166,126
69,A5,80695,166,126
67,G5,80861,166,126
62,D5,81027,166,126
74,D6,81193,166,126
62,D5,81359,166,126
67,G5,81525,166,126
69,A5,81691,166,126
74,D6,81857,166,126
69,A5,82023,166,126
67,G5,82189,166,126
62,D5,82355,166,126
69,A5,82521,166,126
57,A4,82687,166,126
62,D5,82853,166,126
64,E5,83019,166,126
69,A5,83185,166,126
64,E5,83351,166,126
62,D5,83517,166,126
57,A4,83683,166,126
69,A5,83849,166,126
57,A4,84015,166,126
62,D5,84181,166,126
64,E5,84347,166,126
69,A5,84513,166,126
64,E5,84679,166,126
62,D5,84845,166,126
57,A4,85011,166,126
69,A5,85177,166,126
57,A4,85343,166,126
62,D5,85509,166,126
64,E5,85675,166,126
69,A5,85841,166,126
64,E5,86007,166,126
62,D5,86173,166,126
57,A4,86339,166,126
69,A5,86505,166,126
57,A4,86671,166,126
62,D5,86837,166,126
64,E5,87003,166,126
69,A5,87169,166,126
64,E5,87335,166,126
62,D5,87501,166,126
57,A4,87667,166,126
69,A5,87833,166,126
57,A4,87999,166,126
62,D5,88165,166,126
64,E5,88331,166,126
69,A5,88497,166,126
64,E5,88663,166,126
62,D5,88829,166,126
57,A4,88995,166,126
69,A5,89161,166,126
57,A4,89327,166,126
62,D5,89493,166,126
64,E5,89659,166,126
69,A5,89825,166,126
64,E5,89991,166,126
62,D5,90157,166,126
57,A4,90323,166,126
69,A5,90489,166,126
57,A4,90655,166,126
62,D5,90821,166,126
64,E5,90987,166,126
69,A5,91153,166,126
64,E5,91319,166,126
62,D5,91485,166,126
57,A4,91651,166,126
69,A5,91817,166,126
57,A4,91983,166,126
62,D5,92149,166,126
64,E5,92315,166,126
69,A5,92481,166,126
64,E5,92647,166,126
62,D5,92813,166,126
57,A4,92979,166,126
69,A5,93145,333,126
64,E5,93478,333,126
57,A4,93478,333,126
61,C#5,93478,333,126
64,E5,93478,166,126
61,C#5,93644,166,126
57,A4,93644,166,126
69,A5,93644,166,126
64,E5,93644,499,126
61,C#5,94143,499,126
57,A4,94143,499,126
69,A5,94143,499,126
64,E5,94143,333,126
61,C#5,94476,333,126
57,A4,94476,333,126
69,A5,94476,333,126
59,B4,94476,333,126
69,A5,94809,333,126
59,B4,94809,166,126
66,F#5,94975,166,126
59,B4,94975,499,126
62,D5,95474,499,126
66,F#5,95474,166,126
67,G5,95640,166,126
61,C#5,95806,333,126
57,A4,96139,333,126
69,A5,96139,333,126
61,C#5,96139,166,126
57,A4,96305,166,126
69,A5,96305,166,126
61,C#5,96305,499,126
57,A4,96804,499,126
69,A5,96804,499,126
61,C#5,96804,333,126
57,A4,97137,333,126
69,A5,97137,333,126
57,A4,97137,333,126
69,A5,97470,333,126
57,A4,97470,166,126
66,F#5,97636,166,126
57,A4,97636,499,126
62,D5,98135,499,126
59,B4,98135,166,126
62,D5,98301,166,126
64,E5,98301,166,126
62,D5,98467,333,126
56,G#4,98800,333,126
66,F#5,98800,333,126
62,D5,98800,166,126
56,G#4,98966,166,126
66,F#5,98966,166,126
62,D5,98966,499,126
56,G#4,99465,499,126
66,F#5,99465,499,126
62,D5,99465,333,126
56,G#4,99798,333,126
66,F#5,99798,333,126
62,D5,99798,333,126
59,B4,100131,333,126
66,F#5,100131,333,126
71,B5,100131,333,126
64,E5,100464,93,126
71,B5,100557,93,126
66,F#5,100557,93,126
64,E5,100650,147,126
62,D5,100797,333,126
64,E5,101130,599,126
59,B4,101795,333,126
55,G4,102128,333,126
64,E5,102128,333,126
59,B4,102128,166,126
55,G4,102294,166,126
64,E5,102294,166,126
59,B4,102294,166,126
55,G4,102460,166,126
64,E5,102460,166,126
61,C#5,102460,333,126
57,A4,102793,333,126
64,E5,102793,333,126
61,C#5,102793,333,126
57,A4,103126,83,126
62,D5,103292,83,126
64,E5,103458,83,126
66,F#5,103624,83,126
64,E5,103790,166,126
62,D5,104122,83,126
62,D5,104288,499,126
57,A4,105786,83,126
62,D5,105952,83,126
64,E5,106118,83,126
66,F#5,106284,83,126
64,E5,106450,166,126
62,D5,106782,83,126
64,E5,106948,83,126
66,F#5,107280,166,126
66,F#5,107612,766,126
57,A4,108444,83,126
62,D5,108610,83,126
64,E5,108776,83,126
66,F#5,108942,83,126
64,E5,109108,166,126
62,D5,109440,83,126
62,D5,109606,499,126
57,A4,111104,83,126
62,D5,111270,83,126
64,E5,111436,83,126
66,F#5,111602,83,126
64,E5,111768,166,126
62,D5,112100,83,126
64,E5,112266,83,126
69,A5,112598,138,126
66,F#5,112930,766,126
66,F#5,113762,333,126
54,F#4,114095,333,126
55,G4,114095,333,126
67,G5,114428,333,126
57,A4,114428,333,126
69,A5,114761,333,126
64,E5,114761,333,126
61,C#5,114761,333,126
61,C#5,114761,166,126
57,A4,114927,166,126
69,A5,114927,166,126
64,E5,114927,166,126
61,C#5,114927,499,126
57,A4,115426,499,126
69,A5,115426,499,126
64,E5,115426,499,126
61,C#5,115426,333,126
57,A4,115759,333,126
69,A5,115759,333,126
64,E5,115759,333,126
59,B4,115759,333,126
69,A5,116092,333,126
66,F#5,116092,166,126
59,B4,116258,166,126
59,B4,116258,499,126
62,D5,116757,499,126
66,F#5,116757,166,126
67,G5,116923,166,126
61,C#5,117089,333,126
57,A4,117422,333,126
69,A5,117422,333,126
61,C#5,117422,166,126
57,A4,117588,166,126
69,A5,117588,166,126
61,C#5,117588,499,126
57,A4,118087,499,126
69,A5,118087,499,126
61,C#5,118087,333,126
57,A4,118420,333,126
69,A5,118420,333,126
57,A4,118420,333,126
69,A5,118753,333,126
57,A4,118753,166,126
66,F#5,118919,166,126
62,D5,118919,499,126
57,A4,119418,499,126
59,B4,119418,166,126
62,D5,119584,166,126
64,E5,119584,166,126
62,D5,119750,333,126
56,G#4,120083,333,126
66,F#5,120083,333,126
62,D5,120083,166,126
56,G#4,120249,166,126
66,F#5,120249,166,126
62,D5,120249,499,126
56,G#4,120748,499,126
66,F#5,120748,499,126
62,D5,120748,333,126
56,G#4,121081,333,126
66,F#5,121081,333,126
61,C#5,121081,666,126
55,G4,121747,666,126
66,F#5,121747,666,126
64,E5,121747,111,126
71,B5,121858,111,126
66,F#5,121858,111,126
64,E5,121969,111,126
62,D5,122080,166,126
59,B4,122246,166,126
62,D5,123078,541,126
74,D6,123619,541,126
61,C#5,123619,62,126
73,C#6,123681,999,126
69,A5,124742,333,126
57,A4,125075,333,126
54,F#4,125075,666,126
66,F#5,125741,666,126
47,B3,125741,333,126
50,D4,126074,333,126
54,F#4,126074,333,126
52,E4,126407,666,126
49,C#4,127073,666,126
57,A4,127073,166,126
62,D5,127239,166,126
64,E5,127405,166,126
66,F#5,127571,166,126
64,E5,127737,333,126
62,D5,128070,166,126
62,D5,128236,166,126
62,D5,128402,541,126
74,D6,128943,541,126
61,C#5,128943,62,126
73,C#6,129005,999,126
57,A4,130066,208,126
69,A5,130274,208,126
59,B4,130274,62,126
62,D5,130336,62,126
66,F#5,130336,729,126
71,B5,131065,729,126
47,B3,131065,166,126
49,C#4,131231,166,126
50,D4,131397,166,126
52,E4,131563,166,126
54,F#4,131729,166,126
55,G4,131895,166,126
52,E4,132061,333,126
57,A4,132394,166,126
62,D5,132560,166,126
64,E5,132726,166,126
66,F#5,132892,166,126
64,E5,133058,333,126
62,D5,133391,166,126
62,D5,133557,166,126
62,D5,133723,541,126
74,D6,134264,541,126
61,C#5,134264,62,126
73,C#6,134326,999,126
57,A4,135387,333,126
69,A5,135720,333,126
54,F#4,135720,666,126
66,F#5,136386,666,126
50,D4,136386,333,126
47,B3,136719,333,126
54,F#4,136719,333,126
50,D4,137052,333,126
47,B3,137052,333,126
52,E4,137052,666,126
49,C#4,137718,666,126
57,A4,137718,166,126
62,D5,137884,166,126
64,E5,138050,166,126
66,F#5,138216,166,126
64,E5,138382,333,126
62,D5,138715,166,126
62,D5,138881,766,126
59,B4,139713,499,126
55,G4,140212,499,126
57,A4,140212,499,126
50,D4,140711,499,126
55,G4,140711,333,126
50,D4,141044,333,126
54,F#4,141044,2399,126
52,E4,143443,2399,126
45,A3,143443,2399,126
--end--
35,B2,0,333,126
42,F#3,333,138,126
47,B3,665,138,126
42,F#3,997,138,126
31,G2,1329,333,126
38,D3,1662,138,126
43,G3,1994,138,126
38,D3,2326,138,126
33,A2,2658,333,126
40,E3,2991,138,126
45,A3,3323,138,126
40,E3,3655,138,126
38,D3,3987,333,126
45,A3,4320,138,126
50,D4,4652,138,126
45,A3,4984,138,126
35,B2,5316,333,126
42,F#3,5649,138,126
47,B3,5981,138,126
42,F#3,6313,138,126
31,G2,6645,333,126
38,D3,6978,138,126
43,G3,7310,138,126
38,D3,7642,138,126
33,A2,7974,333,126
40,E3,8307,138,126
45,A3,8639,138,126
40,E3,8971,138,126
38,D3,9303,333,126
45,A3,9636,138,126
50,D4,9968,138,126
45,A3,10300,138,126
35,B2,10632,333,126
42,F#3,10965,138,126
47,B3,11297,138,126
42,F#3,11629,138,126
31,G2,11961,333,126
38,D3,12294,138,126
43,G3,12626,138,126
38,D3,12958,138,126
33,A2,13290,333,126
40,E3,13623,138,126
45,A3,13955,138,126
40,E3,14287,138,126
38,D3,14619,333,126
45,A3,14952,138,126
50,D4,15284,138,126
45,A3,15616,138,126
35,B2,15948,333,126
42,F#3,16281,138,126
47,B3,16613,138,126
42,F#3,16945,138,126
31,G2,17277,333,126
38,D3,17610,138,126
43,G3,17942,138,126
38,D3,18274,138,126
33,A2,18606,333,126
40,E3,18939,138,126
45,A3,19271,138,126
40,E3,19603,138,126
38,D3,19935,333,126
45,A3,20268,333,126
50,D4,20601,333,126
45,A3,20934,333,126
33,A2,21267,333,126
40,E3,21600,333,126
45,A3,21933,333,126
40,E3,22266,333,126
31,G2,22599,333,126
38,D3,22932,333,126
43,G3,23265,333,126
38,D3,23598,333,126
30,F#2,23931,333,126
37,C#3,24264,333,126
42,F#3,24597,333,126
37,C#3,24930,333,126
35,B2,25263,333,126
42,F#3,25596,333,126
47,B3,25929,333,126
42,F#3,26262,333,126
28,E2,26595,333,126
35,B2,26928,333,126
40,E3,27261,333,126
35,B2,27594,333,126
31,G2,27927,333,126
38,D3,28260,333,126
43,G3,28593,333,126
38,D3,28926,299,126
33,A2,29313,333,126
40,E3,29646,333,126
45,A3,29979,333,126
40,E3,30312,333,126
33,A2,30645,333,126
40,E3,30978,333,126
45,A3,31311,166,126
40,E3,31643,166,126
35,B2,31975,333,126
42,F#3,32308,138,126
47,B3,32640,138,126
42,F#3,32972,138,126
31,G2,33304,333,126
38,D3,33637,138,126
43,G3,33969,138,126
38,D3,34301,138,126
33,A2,34633,333,126
40,E3,34966,138,126
45,A3,35298,138,126
40,E3,35630,138,126
38,D3,35962,333,126
45,A3,36295,138,126
50,D4,36627,138,126
45,A3,36959,138,126
35,B2,37291,333,126
42,F#3,37624,138,126
47,B3,37956,138,126
42,F#3,38288,138,126
31,G2,38620,333,126
38,D3,38953,138,126
43,G3,39285,138,126
38,D3,39617,138,126
33,A2,39949,333,126
40,E3,40282,138,126
45,A3,40614,138,126
40,E3,40946,138,126
38,D3,41278,333,126
45,A3,41611,333,126
50,D4,41944,333,126
45,A3,42277,333,126
33,A2,42610,333,126
40,E3,42943,333,126
45,A3,43276,333,126
40,E3,43609,333,126
31,G2,43942,333,126
38,D3,44275,333,126
43,G3,44608,333,126
38,D3,44941,333,126
30,F#2,45274,333,126
37,C#3,45607,333,126
42,F#3,45940,333,126
37,C#3,46273,333,126
35,B2,46606,333,126
42,F#3,46939,333,126
47,B3,47272,333,126
42,F#3,47605,333,126
28,E2,47938,333,126
35,B2,48271,333,126
40,E3,48604,333,126
35,B2,48937,333,126
33,A2,49270,1199,126
38,D3,50602,333,126
45,A3,50935,333,126
50,D4,51268,333,126
45,A3,51601,333,126
35,B2,51934,333,126
42,F#3,52267,333,126
47,B3,52600,333,126
42,F#3,52933,333,126
31,G2,53266,333,126
38,D3,53599,333,126
43,G3,53932,333,126
38,D3,54265,333,126
33,A2,54598,333,126
40,E3,54931,333,126
45,A3,55264,333,126
40,E3,55597,333,126
38,D3,55930,333,126
45,A3,56263,333,126
50,D4,56596,333,126
45,A3,56929,333,126
35,B2,57262,333,126
42,F#3,57595,333,126
47,B3,57928,333,126
42,F#3,58261,333,126
31,G2,58594,333,126
38,D3,58927,333,126
43,G3,59260,333,126
38,D3,59593,333,126
33,A2,59926,333,126
40,E3,60259,333,126
45,A3,60592,333,126
40,E3,60925,333,126
50,D4,61258,666,126
45,A3,61924,666,126
42,F#3,61924,666,126
38,D3,61924,666,126
45,A3,61924,666,126
42,F#3,62590,666,126
38,D3,62590,666,126
50,D4,62590,666,126
45,A3,62590,666,126
43,G3,63256,666,126
40,E3,63256,666,126
50,D4,63256,666,126
45,A3,63256,666,126
43,G3,63922,666,126
40,E3,63922,666,126
50,D4,63922,666,126
42,F#3,63922,666,126
50,D4,64588,666,126
45,A3,64588,666,126
45,A3,64588,666,126
42,F#3,65254,666,126
50,D4,65254,666,126
45,A3,65254,499,126
43,G3,65753,499,126
50,D4,65753,499,126
45,A3,65753,499,126
42,F#3,66252,499,126
50,D4,66252,499,126
45,A3,66252,333,126
43,G3,66585,333,126
40,E3,66585,333,126
50,D4,66585,333,126
42,F#3,66585,333,126
38,D3,66918,333,126
50,D4,66918,333,126
45,A3,66918,333,126
45,A3,66918,333,126
42,F#3,67251,333,126
38,D3,67251,333,126
50,D4,67251,333,126
45,A3,67251,333,126
42,F#3,67584,333,126
38,D3,67584,333,126
50,D4,67584,333,126
45,A3,67584,333,126
42,F#3,67917,333,126
38,D3,67917,333,126
50,D4,67917,333,126
45,A3,67917,333,126
43,G3,68250,333,126
40,E3,68250,333,126
50,D4,68250,333,126
45,A3,68250,333,126
43,G3,68583,333,126
40,E3,68583,333,126
50,D4,68583,333,126
45,A3,68583,333,126
43,G3,68916,333,126
40,E3,68916,333,126
50,D4,68916,333,126
45,A3,68916,333,126
43,G3,69249,333,126
40,E3,69249,333,126
50,D4,69249,333,126
42,F#3,69249,333,126
50,D4,69582,333,126
45,A3,69582,333,126
50,D4,69582,333,126
42,F#3,69915,333,126
45,A3,69915,333,126
42,F#3,69915,333,126
50,D4,70248,333,126
45,A3,70248,333,126
42,F#3,70248,333,126
50,D4,70581,333,126
45,A3,70581,333,126
45,A3,70581,499,126
43,G3,71080,499,126
50,D4,71080,499,126
42,F#3,71080,499,126
50,D4,71579,499,126
45,A3,71579,499,126
43,G3,71579,333,126
40,E3,71912,333,126
45,A3,71912,333,126
50,D4,71912,666,126
47,B3,72578,666,126
43,G3,72578,666,126
55,G4,72578,666,126
50,D4,72578,666,126
47,B3,73244,666,126
43,G3,73244,666,126
55,G4,73244,666,126
50,D4,73244,666,126
48,C4,73910,666,126
45,A3,73910,666,126
55,G4,73910,666,126
50,D4,73910,666,126
48,C4,74576,666,126
45,A3,74576,666,126
55,G4,74576,666,126
47,B3,74576,666,126
55,G4,75242,666,126
50,D4,75242,666,126
50,D4,75242,666,126
47,B3,75908,666,126
55,G4,75908,666,126
50,D4,75908,499,126
48,C4,76407,499,126
55,G4,76407,499,126
47,B3,76407,499,126
55,G4,76906,499,126
50,D4,76906,499,126
50,D4,76906,333,126
48,C4,77239,333,126
45,A3,77239,333,126
55,G4,77239,333,126
47,B3,77239,333,126
50,D4,77572,333,126
55,G4,77572,333,126
43,G3,77572,333,126
43,G3,77572,333,126
47,B3,77905,333,126
55,G4,77905,333,126
50,D4,77905,333,126
43,G3,77905,333,126
47,B3,78238,333,126
55,G4,78238,333,126
50,D4,78238,333,126
43,G3,78238,333,126
47,B3,78571,333,126
55,G4,78571,333,126
50,D4,78571,333,126
45,A3,78571,333,126
48,C4,78904,333,126
55,G4,78904,333,126
50,D4,78904,333,126
45,A3,78904,333,126
55,G4,79237,333,126
50,D4,79237,333,126
48,C4,79237,333,126
45,A3,79237,333,126
48,C4,79570,333,126
55,G4,79570,333,126
50,D4,79570,333,126
45,A3,79570,333,126
48,C4,79903,333,126
55,G4,79903,333,126
50,D4,79903,333,126
47,B3,79903,333,126
50,D4,80236,333,126
55,G4,80236,333,126
50,D4,80236,333,126
55,G4,80569,333,126
47,B3,80569,333,126
47,B3,80569,333,126
50,D4,80902,333,126
55,G4,80902,333,126
47,B3,80902,333,126
50,D4,81235,333,126
55,G4,81235,333,126
52,E4,81235,499,126
50,D4,81734,499,126
55,G4,81734,499,126
47,B3,81734,499,126
55,G4,82233,499,126
50,D4,82233,499,126
55,G4,82233,333,126
48,C4,82566,333,126
45,A3,82566,333,126
50,D4,82566,333,126
26,D2,82566,333,126
33,A2,82899,333,126
40,E3,83232,333,126
42,F#3,83565,333,126
28,E2,83898,333,126
40,E3,84231,333,126
43,G3,84564,333,126
45,A3,84897,333,126
30,F#2,85230,333,126
42,F#3,85563,333,126
45,A3,85896,333,126
50,D4,86229,333,126
43,G3,86562,499,126
31,G2,87061,499,126
42,F#3,87061,499,126
30,F#2,87560,499,126
28,E2,87560,333,126
40,E3,87893,333,126
26,D2,87893,333,126
33,A2,88226,333,126
40,E3,88559,333,126
42,F#3,88892,333,126
28,E2,89225,333,126
40,E3,89558,333,126
43,G3,89891,333,126
45,A3,90224,333,126
30,F#2,90557,333,126
42,F#3,90890,333,126
45,A3,91223,333,126
50,D4,91556,333,126
43,G3,91889,499,126
31,G2,92388,499,126
42,F#3,92388,499,126
30,F#2,92887,499,126
40,E3,92887,333,126
28,E2,93220,333,126
21,A1,93220,666,126
33,A2,93886,666,126
49,C#4,93886,666,126
45,A3,94552,666,126
40,E3,94552,666,126
19,G1,94552,666,126
31,G2,95218,666,126
50,D4,95218,666,126
47,B3,95884,666,126
43,G3,95884,666,126
18,F#1,95884,666,126
30,F#2,96550,666,126
49,C#4,96550,666,126
45,A3,97216,666,126
42,F#3,97216,666,126
52,E4,97216,666,126
23,B1,97216,666,126
35,B2,97882,666,126
42,F#3,97882,666,126
50,D4,98548,666,126
47,B3,98548,666,126
16,E1,98548,666,126
28,E2,99214,666,126
44,G#3,99214,666,126
50,D4,99880,666,126
47,B3,99880,666,126
19,G1,99880,666,126
31,G2,100546,666,126
50,D4,100546,666,126
47,B3,101212,666,126
43,G3,101212,666,126
33,A2,101212,666,126
21,A1,101878,666,126
47,B3,101878,666,126
52,E4,102544,666,126
43,G3,102544,666,126
21,A1,102544,666,126
33,A2,103210,666,126
52,E4,103210,666,126
49,C#4,103876,666,126
43,G3,103876,666,126
35,B2,103876,333,126
42,F#3,104209,138,126
47,B3,104541,138,126
42,F#3,104873,138,126
31,G2,105205,333,126
38,D3,105538,138,126
43,G3,105870,138,126
38,D3,106202,138,126
33,A2,106534,333,126
40,E3,106867,138,126
45,A3,107199,138,126
40,E3,107531,138,126
38,D3,107863,333,126
45,A3,108196,138,126
50,D4,108528,138,126
45,A3,108860,138,126
35,B2,109192,333,126
42,F#3,109525,138,126
47,B3,109857,138,126
42,F#3,110189,138,126
31,G2,110521,333,126
38,D3,110854,138,126
43,G3,111186,138,126
38,D3,111518,138,126
33,A2,111850,333,126
40,E3,112183,138,126
45,A3,112515,138,126
40,E3,112847,138,126
38,D3,113179,333,126
45,A3,113512,333,126
50,D4,113845,333,126
45,A3,114178,333,126
33,A2,114511,333,126
40,E3,114844,333,126
45,A3,115177,333,126
40,E3,115510,333,126
31,G2,115843,333,126
38,D3,116176,333,126
43,G3,116509,333,126
38,D3,116842,333,126
30,F#2,117175,333,126
37,C#3,117508,333,126
42,F#3,117841,333,126
37,C#3,118174,333,126
35,B2,118507,333,126
42,F#3,118840,333,126
47,B3,119173,333,126
42,F#3,119506,333,126
28,E2,119839,333,126
35,B2,120172,333,126
40,E3,120505,333,126
35,B2,120838,333,126
33,A2,121171,1199,126
38,D3,122503,333,126
45,A3,122836,333,126
50,D4,123169,333,126
45,A3,123502,333,126
35,B2,123835,333,126
42,F#3,124168,333,126
47,B3,124501,333,126
42,F#3,124834,333,126
31,G2,125167,333,126
38,D3,125500,333,126
43,G3,125833,333,126
38,D3,126166,333,126
33,A2,126499,333,126
40,E3,126832,333,126
45,A3,127165,333,126
40,E3,127498,333,126
38,D3,127831,333,126
45,A3,128164,333,126
50,D4,128497,333,126
45,A3,128830,333,126
35,B2,129163,333,126
42,F#3,129496,333,126
47,B3,129829,333,126
42,F#3,130162,333,126
31,G2,130495,333,126
38,D3,130828,333,126
43,G3,131161,333,126
38,D3,131494,333,126
33,A2,131827,333,126
40,E3,132160,333,126
45,A3,132493,333,126
40,E3,132826,333,126
38,D3,133159,333,126
45,A3,133492,333,126
50,D4,133825,333,126
45,A3,134158,333,126
35,B2,134491,333,126
42,F#3,134824,333,126
47,B3,135157,333,126
42,F#3,135490,333,126
31,G2,135823,333,126
38,D3,136156,333,126
43,G3,136489,333,126
38,D3,136822,333,126
33,A2,137155,333,126
40,E3,137488,333,126
45,A3,137821,333,126
40,E3,138154,333,126
38,D3,138487,333,126
45,A3,138820,333,126
50,D4,139153,599,126
19,G1,139818,499,126
31,G2,140317,499,126
30,F#2,140317,166,126
18,F#1,140483,166,126
18,F#1,140483,333,126
28,E2,140816,333,126
16,E1,141149,333,126
26,D2,141149,2399,126
14,D1,143548,2399,126