57,A4,0,750,60
60,C5,750,250,60
57,A4,1000,750,60
62,D5,1750,250,60
57,A4,2000,750,60
55,G4,2750,250,60
53,F4,3000,750,60
50,D4,3750,250,60
57,A4,4000,750,60
60,C5,4750,250,60
57,A4,5000,750,60
62,D5,5750,250,60
57,A4,6000,750,60
55,G4,6750,250,60
53,F4,7000,1000,60
65,F5,8000,250,60
65,F5,8250,250,60
65,F5,8500,250,60
62,D5,8750,250,60
62,D5,9000,250,60
60,C5,9250,250,60
62,D5,9500,250,60
62,D5,9750,125,60
60,C5,9875,125,60
57,A4,10000,994,60
55,G4,11250,250,60
60,C5,11500,375,60
57,A4,11875,1875,60
55,G4,13750,250,60
53,F4,14000,2000,60
62,D5,16000,250,72
65,F5,16250,125,72
65,F5,16375,250,72
65,F5,16625,375,72
62,D5,17000,375,72
62,D5,17375,250,72
60,C5,17625,125,72
62,D5,17750,125,72
60,C5,17875,125,72
57,A4,18000,994,72
55,G4,19250,250,72
60,C5,19500,375,72
57,A4,19875,1875,72
55,G4,21750,250,72
53,F4,22000,2000,72
62,D5,24000,500,72
62,D5,24500,499,72
65,F5,24999,251,72
67,G5,25250,250,72
65,F5,25500,500,72
62,D5,26000,1000,72
65,F5,27000,250,72
67,G5,27250,250,72
65,F5,27500,500,72
62,D5,28000,999,72
69,A5,28999,251,72
67,G5,29250,250,72
67,G5,29500,500,72
62,D5,30000,2000,72
62,D5,32000,250,72
65,F5,32250,125,72
65,F5,32375,250,72
65,F5,32625,375,72
62,D5,33000,375,72
62,D5,33375,250,72
60,C5,33625,125,72
62,D5,33750,125,72
60,C5,33875,125,72
57,A4,34000,994,72
55,G4,35250,250,72
60,C5,35500,375,72
57,A4,35875,1875,72
55,G4,37750,250,72
53,F4,38000,1494,72
53,F4,40000,375,49
45,A3,40375,250,49
53,F4,40625,375,49
57,A4,41000,375,49
45,A3,41375,250,49
57,A4,41625,375,49
50,D4,42000,375,49
45,A3,42375,250,49
50,D4,42625,375,49
50,D4,43000,500,49
45,A3,43500,500,49
48,C4,43500,500,49
43,G3,44000,500,49
53,F4,44000,375,49
45,A3,44375,250,49
53,F4,44625,375,49
57,A4,45000,375,49
45,A3,45375,250,49
57,A4,45625,375,49
45,A3,46000,375,49
38,D3,46375,250,49
45,A3,46625,375,49
43,G3,47000,375,49
36,C3,47375,125,49
62,D5,47500,250,60
60,C5,47750,250,60
65,F5,48000,250,60
62,D5,48250,250,60
62,D5,48500,375,60
65,F5,48875,375,60
62,D5,49250,250,60
62,D5,49500,250,60
62,D5,49750,125,60
60,C5,49875,124,60
57,A4,49999,2001,60
65,F5,52000,250,60
62,D5,52250,250,60
62,D5,52500,375,60
65,F5,52875,375,60
67,G5,53250,250,60
65,F5,53500,250,60
62,D5,53750,125,60
60,C5,53875,125,60
57,A4,54000,2000,60
65,F5,56000,250,64
62,D5,56250,250,64
62,D5,56500,375,64
65,F5,56875,375,64
62,D5,57250,250,64
62,D5,57500,250,64
62,D5,57750,125,64
60,C5,57875,124,64
57,A4,57999,1500,64
64,E5,59499,501,64
62,D5,60000,1994,64
57,A4,64000,750,64
60,C5,64750,250,64
57,A4,65000,750,64
62,D5,65750,250,64
57,A4,66000,750,64
55,G4,66750,250,64
53,F4,67000,750,64
50,D4,67750,250,64
57,A4,68000,750,64
60,C5,68750,250,64
57,A4,69000,750,64
62,D5,69750,250,64
57,A4,70000,750,64
55,G4,70750,250,64
53,F4,71000,1000,64
57,A4,72000,750,64
60,C5,72750,250,64
57,A4,73000,750,64
62,D5,73750,250,64
57,A4,74000,750,64
55,G4,74750,250,64
53,F4,75000,750,64
55,G4,75750,250,64
50,D4,76000,375,64
45,A3,76375,250,64
53,F4,76625,375,64
52,E4,77000,375,64
45,A3,77375,250,64
52,E4,77625,375,64
57,A4,78000,375,64
45,A3,78375,250,64
57,A4,78625,375,64
55,G4,79000,375,64
45,A3,79375,250,64
55,G4,79625,375,64
62,D5,80000,250,68
65,F5,80250,125,68
65,F5,80375,250,68
65,F5,80625,375,68
62,D5,81000,375,68
62,D5,81375,250,68
60,C5,81625,125,68
62,D5,81750,125,68
60,C5,81875,125,68
57,A4,82000,994,68
55,G4,83250,250,68
60,C5,83500,375,68
57,A4,83875,1875,68
55,G4,85750,250,68
53,F4,86000,2000,68
62,D5,88000,250,68
65,F5,88250,125,68
65,F5,88375,250,68
65,F5,88625,375,68
62,D5,89000,375,68
62,D5,89375,250,68
60,C5,89625,125,68
62,D5,89750,125,68
60,C5,89875,125,68
57,A4,90000,994,68
55,G4,91250,250,68
60,C5,91500,375,68
57,A4,91875,1875,68
55,G4,93750,250,68
53,F4,94000,2000,68
62,D5,96000,500,68
62,D5,96500,500,68
65,F5,97000,250,68
67,G5,97250,250,68
65,F5,97500,500,68
62,D5,98000,1000,68
65,F5,99000,250,68
67,G5,99250,250,68
65,F5,99500,499,68
62,D5,99999,1001,68
69,A5,101000,250,68
67,G5,101250,249,68
67,G5,101499,501,68
62,D5,102000,2000,68
62,D5,104000,250,68
65,F5,104250,125,68
65,F5,104375,250,68
65,F5,104625,375,68
62,D5,105000,375,68
62,D5,105375,250,68
60,C5,105625,125,68
62,D5,105750,125,68
60,C5,105875,125,68
57,A4,106000,994,68
55,G4,107250,250,68
60,C5,107500,375,68
57,A4,107875,1875,68
55,G4,109750,250,68
53,F4,110000,1494,68
65,F5,112000,250,58
62,D5,112250,250,58
62,D5,112500,375,58
65,F5,112875,375,58
62,D5,113250,250,58
62,D5,113500,250,58
62,D5,113750,125,58
60,C5,113875,125,58
57,A4,114000,1999,58
65,F5,115999,251,58
62,D5,116250,250,58
62,D5,116500,375,58
65,F5,116875,375,58
67,G5,117250,249,58
65,F5,117499,251,58
62,D5,117750,124,58
60,C5,117874,126,58
57,A4,118000,2000,58
65,F5,120000,250,58
62,D5,120250,250,58
62,D5,120500,375,58
65,F5,120875,375,58
62,D5,121250,250,58
62,D5,121500,250,58
62,D5,121750,125,58
60,C5,121875,125,58
57,A4,122000,1500,58
64,E5,123500,500,58
62,D5,124000,1994,58
57,A4,128000,750,72
60,C5,128750,250,72
57,A4,129000,750,72
62,D5,129750,250,72
57,A4,130000,750,72
55,G4,130750,250,72
53,F4,131000,750,72
50,D4,131750,250,72
57,A4,132000,750,72
60,C5,132750,250,72
57,A4,133000,750,72
62,D5,133750,250,72
57,A4,134000,750,72
55,G4,134750,250,72
53,F4,135000,1000,72
57,A4,136000,750,72
60,C5,136750,250,72
57,A4,137000,750,72
62,D5,137750,250,72
57,A4,138000,750,72
55,G4,138750,250,72
53,F4,139000,750,72
50,D4,139750,250,72
57,A4,140000,750,72
60,C5,140750,250,72
57,A4,141000,750,72
62,D5,141750,250,72
57,A4,142000,750,72
55,G4,142750,250,72
53,F4,143000,994,72
57,A4,144750,750,64
48,C4,145500,750,64
53,F4,145500,750,64
48,C4,145500,1250,64
53,F4,146750,1250,64
57,A4,146750,1250,64
50,D4,146750,750,64
53,F4,147500,750,64
57,A4,147500,750,64
48,C4,147500,1250,64
52,E4,148750,1250,64
55,G4,148750,1250,64
48,C4,148750,750,64
53,F4,149500,750,64
57,A4,149500,750,64
48,C4,149500,1250,64
53,F4,150750,1250,64
57,A4,150750,1250,64
57,A4,150750,750,64
50,D4,151500,750,64
53,F4,151500,750,64
48,C4,151500,494,64
52,E4,151994,494,64
55,G4,151994,494,64
--end--
38,D3,0,750,49
41,F3,750,750,49
45,A3,1500,750,49
45,A3,1500,500,49
41,F3,2000,500,49
34,A#2,2000,750,49
34,A#2,2750,750,49
41,F3,3500,750,49
45,A3,3500,750,49
43,G3,3500,500,49
36,C3,4000,500,49
40,E3,4000,500,49
38,D3,4000,750,49
41,F3,4750,750,49
45,A3,5500,750,49
45,A3,5500,500,49
41,F3,6000,500,49
34,A#2,6000,750,49
34,A#2,6750,750,49
41,F3,7500,750,49
45,A3,7500,750,49
36,C3,7500,500,49
40,E3,8000,500,49
43,G3,8000,500,49
38,D3,8000,1000,49
41,F3,9000,1000,49
45,A3,9000,1000,49
41,F3,9000,750,49
45,A3,9750,750,49
36,C3,9750,750,49
34,A#2,9750,1750,49
38,D3,11500,1750,49
41,F3,11500,1750,49
36,C3,11500,500,49
40,E3,12000,500,49
43,G3,12000,500,49
45,A3,12000,4000,49
38,D3,16000,4000,49
41,F3,16000,4000,49
38,D3,16000,750,64
45,A3,16750,750,64
41,F3,17500,750,64
45,A3,17500,500,64
41,F3,18000,500,64
34,A#2,18000,750,64
45,A3,18750,750,64
34,A#2,19500,750,64
41,F3,19500,750,64
36,C3,19500,500,64
40,E3,20000,500,64
43,G3,20000,500,64
38,D3,20000,750,64
41,F3,20750,750,64
45,A3,21500,750,64
45,A3,21500,750,64
41,F3,22250,750,64
34,A#2,22250,500,64
34,A#2,22750,750,64
41,F3,23500,750,64
45,A3,23500,750,64
40,E3,23500,500,64
43,G3,24000,500,64
36,C3,24000,500,64
38,D3,24000,750,64
45,A3,24750,750,64
41,F3,25500,750,64
41,F3,25500,500,64
45,A3,26000,500,64
34,A#2,26000,750,64
45,A3,26750,750,64
34,A#2,27500,750,64
41,F3,27500,750,64
36,C3,27500,500,64
40,E3,28000,500,64
43,G3,28000,500,64
38,D3,28000,750,64
45,A3,28750,750,64
41,F3,29500,750,64
41,F3,29500,750,64
45,A3,30250,750,64
34,A#2,30250,500,64
34,A#2,30750,750,64
41,F3,31500,750,64
45,A3,31500,750,64
36,C3,31500,500,64
40,E3,32000,500,64
43,G3,32000,500,64
38,D3,32000,750,64
45,A3,32750,750,64
41,F3,33500,750,64
45,A3,33500,500,64
41,F3,34000,500,64
34,A#2,34000,750,64
34,A#2,34750,750,64
41,F3,35500,750,64
45,A3,35500,750,64
36,C3,35500,500,64
40,E3,36000,500,64
43,G3,36000,500,64
38,D3,36000,750,64
41,F3,36750,750,64
45,A3,37500,750,64
45,A3,37500,750,64
41,F3,38250,750,64
34,A#2,38250,500,64
34,A#2,38750,7249,64
41,F3,45999,7249,64
45,A3,45999,7250,64
45,A3,45999,375,49
38,D3,46374,250,49
45,A3,46624,375,49
43,G3,46999,375,49
36,C3,47374,250,49
43,G3,47624,375,49
41,F3,47999,1000,49
45,A3,48999,1000,49
50,D4,48999,1000,49
53,F4,48999,1000,49
45,A3,49999,1000,49
48,C4,49999,999,49
46,A#3,49999,1000,49
50,D4,50999,1000,49
53,F4,50999,1001,49
46,A#3,50999,500,49
50,D4,51499,500,49
53,F4,51499,499,49
48,C4,51499,500,49
52,E4,51999,500,49
43,G3,51999,501,49
41,F3,51999,1000,49
45,A3,52999,1000,49
50,D4,52999,1000,49
53,F4,52999,1000,49
45,A3,53999,1000,49
48,C4,53999,1000,49
46,A#3,53999,1000,49
50,D4,54999,1000,49
53,F4,54999,1000,49
46,A#3,54999,500,49
50,D4,55499,500,49
53,F4,55499,499,49
43,G3,55499,500,49
48,C4,55999,500,49
52,E4,55999,501,49
41,F3,55999,1000,55
45,A3,56999,1000,55
50,D4,56999,1000,55
53,F4,56999,1000,55
45,A3,57999,1000,55
48,C4,57999,999,55
46,A#3,57999,1000,55
50,D4,58999,1000,55
53,F4,58999,1001,55
46,A#3,58999,500,55
50,D4,59499,500,55
53,F4,59499,499,55
43,G3,59499,500,55
48,C4,59999,500,55
52,E4,59999,501,55
45,A3,59999,1000,55
50,D4,60999,1000,55
41,F3,60999,1000,55
45,A3,60999,750,55
48,C4,61749,750,55
53,F4,61749,750,55
53,F4,61749,1250,55
46,A#3,62999,1250,55
50,D4,62999,1250,55
43,G3,62999,1000,55
48,C4,63999,1000,55
52,E4,63999,1000,55
38,D3,63999,1000,64
41,F3,64999,1000,64
34,A#2,65999,1000,64
34,A#2,66999,500,64
36,C3,67499,500,64
38,D3,67999,1000,64
41,F3,68999,1000,64
34,A#2,69999,1000,64
34,A#2,70999,500,64
36,C3,71499,500,64
38,D3,71999,1000,64
41,F3,72999,1000,64
34,A#2,73999,1000,64
34,A#2,74999,500,64
36,C3,75499,500,64
38,D3,75999,4000,64
38,D3,79999,1000,64
41,F3,80999,1000,64
34,A#2,81999,1000,64
34,A#2,82999,500,64
36,C3,83499,500,64
38,D3,83999,1000,64
41,F3,84999,1000,64
34,A#2,85999,1000,64
34,A#2,86999,500,64
36,C3,87499,500,64
38,D3,87999,1000,64
41,F3,88999,1000,64
34,A#2,89999,1000,64
34,A#2,90999,500,64
36,C3,91499,500,64
38,D3,91999,1000,64
41,F3,92999,1000,64
34,A#2,93999,1000,64
34,A#2,94999,500,64
36,C3,95499,500,64
38,D3,95999,1000,64
41,F3,96999,1000,64
34,A#2,97999,1000,64
34,A#2,98999,500,64
36,C3,99499,499,64
38,D3,99998,1001,64
41,F3,100999,1000,64
34,A#2,101999,999,64
34,A#2,102998,501,64
36,C3,103499,500,64
38,D3,103999,1000,64
41,F3,104999,1000,64
34,A#2,105999,1000,64
34,A#2,106999,500,64
36,C3,107499,500,64
38,D3,107999,1000,64
41,F3,108999,1000,64
34,A#2,109999,999,64
36,C3,110998,495,64
50,D4,111999,1000,49
41,F3,112999,1000,49
45,A3,112999,1000,49
53,F4,112999,750,49
45,A3,113749,750,49
48,C4,113749,750,49
46,A#3,113749,1750,49
50,D4,115499,1750,49
53,F4,115499,1750,49
52,E4,115499,500,49
43,G3,115999,500,49
48,C4,115999,499,49
41,F3,115999,1000,49
45,A3,116999,1000,49
50,D4,116999,1001,49
53,F4,116999,750,49
45,A3,117749,750,49
48,C4,117749,750,49
46,A#3,117749,1250,49
50,D4,118999,1250,49
53,F4,118999,1249,49
52,E4,118999,1000,49
43,G3,119999,1000,49
48,C4,119999,1001,49
41,F3,119999,1000,49
45,A3,120999,1000,49
50,D4,120999,1000,49
53,F4,120999,750,49
45,A3,121749,750,49
48,C4,121749,750,49
46,A#3,121749,1750,49
50,D4,123499,1750,49
53,F4,123499,1750,49
43,G3,123499,500,49
48,C4,123999,500,49
52,E4,123999,500,49
38,D3,123999,749,49
41,F3,124748,750,49
45,A3,125498,750,49
41,F3,125498,500,49
45,A3,125998,501,49
34,A#2,125998,750,49
41,F3,126748,1250,49
45,A3,127998,1250,49
34,A#2,127998,1250,49
38,D3,127998,750,64
41,F3,128748,750,64
45,A3,129498,750,64
45,A3,129498,500,64
41,F3,129998,500,64
34,A#2,129998,750,64
34,A#2,130748,750,64
41,F3,131498,750,64
45,A3,131498,750,64
43,G3,131498,500,64
36,C3,131998,500,64
40,E3,131998,500,64
38,D3,131998,750,64
41,F3,132748,750,64
45,A3,133498,750,64
45,A3,133498,750,64
41,F3,134248,750,64
34,A#2,134248,500,64
45,A3,134748,750,64
34,A#2,135498,750,64
41,F3,135498,750,64
36,C3,135498,500,64
40,E3,135998,500,64
43,G3,135998,500,64
38,D3,135998,750,64
41,F3,136748,750,64
45,A3,137498,750,64
45,A3,137498,500,64
41,F3,137998,500,64
34,A#2,137998,750,64
45,A3,138748,750,64
34,A#2,139498,750,64
41,F3,139498,750,64
43,G3,139498,500,64
36,C3,139998,500,64
40,E3,139998,500,64
38,D3,139998,750,64
41,F3,140748,750,64
45,A3,141498,750,64
41,F3,141498,750,64
45,A3,142248,750,64
34,A#2,142248,500,64
34,A#2,142748,750,64
41,F3,143498,750,64
45,A3,143498,750,64
36,C3,143498,500,64
40,E3,143998,500,64
43,G3,143998,500,64
38,D3,143998,750,64
41,F3,144748,750,64
41,F3,145498,500,64
34,A#2,145998,750,64
34,A#2,146748,750,64
36,C3,147498,500,64
38,D3,147998,750,64
41,F3,148748,750,64
41,F3,149498,500,64
34,A#2,149998,750,64
34,A#2,150748,750,64
36,C3,151498,500,64
38,D3,151998,1994,64