65,F5,0,631,80
65,F5,666,153,80
63,D#5,833,153,80
62,D5,1000,152,80
63,D#5,1166,153,80
65,F5,1333,632,80
65,F5,2000,152,80
63,D#5,2166,153,80
62,D5,2333,153,80
63,D#5,2500,152,80
65,F5,2666,313,80
70,A#5,3000,312,80
65,F5,3333,312,80
70,A#5,3666,313,80
65,F5,4000,312,80
70,A#5,4333,153,80
65,F5,4500,312,80
63,D#5,4833,153,80
62,D5,5000,152,80
58,A#4,5333,153,80
60,C5,5500,152,80
61,C#5,5666,153,80
60,C5,5833,153,80
61,C#5,6000,152,80
60,C5,6166,153,80
58,A#4,6333,153,80
61,C#5,7000,152,80
60,C5,7166,153,80
61,C#5,7333,153,80
60,C5,7500,152,80
58,A#4,7666,153,80
58,A#4,8000,152,80
60,C5,8166,153,80
61,C#5,8333,153,80
60,C5,8500,152,80
61,C#5,8666,153,80
60,C5,8833,153,80
58,A#4,9000,152,80
65,F5,9333,312,80
61,C#5,9666,313,80
58,A#4,10000,312,80
65,F5,10666,632,80
65,F5,11333,153,80
63,D#5,11500,152,80
62,D5,11666,153,80
63,D#5,11833,153,80
65,F5,12000,631,80
65,F5,12666,153,80
63,D#5,12833,153,80
62,D5,13000,152,80
63,D#5,13166,153,80
65,F5,13333,312,80
70,A#5,13666,313,80
65,F5,14000,312,80
70,A#5,14333,312,80
65,F5,14666,313,80
70,A#5,15000,152,80
65,F5,15166,313,80
63,D#5,15500,152,80
62,D5,15666,153,80
58,A#4,16000,152,80
60,C5,16166,153,80
61,C#5,16333,153,80
60,C5,16500,152,80
61,C#5,16666,153,80
60,C5,16833,153,80
58,A#4,17000,152,80
61,C#5,17666,153,80
60,C5,17833,153,80
61,C#5,18000,152,80
60,C5,18166,153,80
58,A#4,18333,153,80
58,A#4,18666,153,80
60,C5,18833,153,80
61,C#5,19000,152,80
60,C5,19166,153,80
61,C#5,19333,153,80
60,C5,19500,152,80
58,A#4,19666,153,80
65,F5,20000,312,80
61,C#5,20333,312,80
58,A#4,20666,313,80
70,A#5,21333,153,80
70,A#5,21500,312,80
70,A#5,21833,153,80
68,G#5,22000,312,80
68,G#5,22333,312,80
65,F5,22666,313,80
63,D#5,23000,312,80
63,D#5,23333,312,80
61,C#5,23666,313,80
70,A#5,24000,152,80
70,A#5,24166,313,80
70,A#5,24500,152,80
68,G#5,24666,313,80
68,G#5,25000,312,80
65,F5,25333,312,80
63,D#5,25666,313,80
63,D#5,26000,312,80
61,C#5,26333,312,80
65,F5,26666,632,80
65,F5,27666,313,80
65,F5,28000,1263,80
70,A#5,29333,153,80
70,A#5,29500,312,80
70,A#5,29833,153,80
68,G#5,30000,312,80
68,G#5,30333,312,80
65,F5,30666,313,80
63,D#5,31000,312,80
63,D#5,31333,312,80
61,C#5,31666,313,80
70,A#5,32000,152,80
70,A#5,32166,313,80
70,A#5,32500,152,80
68,G#5,32666,313,80
68,G#5,33000,312,80
73,C#6,33333,312,80
65,F5,33666,313,80
63,D#5,34000,312,80
61,C#5,34333,312,80
58,A#4,34666,153,80
60,C5,34833,153,80
61,C#5,35000,152,80
60,C5,35166,153,80
61,C#5,35333,153,80
60,C5,35500,152,80
58,A#4,35666,153,80
61,C#5,36333,153,80
60,C5,36500,152,80
61,C#5,36666,153,80
60,C5,36833,153,80
58,A#4,37000,152,80
61,C#5,37666,153,80
60,C5,37833,153,80
61,C#5,38000,152,80
60,C5,38166,153,80
58,A#4,38333,153,80
58,A#4,38666,1500,96
70,A#5,40166,1500,96
65,F5,40166,153,80
67,G5,40333,312,80
70,A#5,40666,313,80
67,G5,41000,312,80
65,F5,41333,1333,80
70,A#5,42666,1333,80
65,F5,42666,153,80
67,G5,42833,312,80
70,A#5,43166,472,80
72,C6,43666,153,80
65,F5,44000,1000,80
72,C6,45000,1000,80
70,A#5,45000,312,80
74,D6,45333,312,80
74,D6,45666,153,80
72,C6,45833,472,80
70,A#5,46333,153,80
70,A#5,46666,632,80
67,G5,47333,632,80
74,D6,48333,153,80
72,C6,48500,312,80
70,A#5,48833,312,80
65,F5,49333,312,80
65,F5,49666,313,80
70,A#5,50000,312,80
72,C6,50333,312,80
72,C6,50666,632,80
70,A#5,51333,312,80
67,G5,51666,313,80
65,F5,52000,1333,80
70,A#5,53333,1333,80
65,F5,53333,153,80
67,G5,53500,312,80
70,A#5,53833,472,80
72,C6,54333,153,80
65,F5,54666,1000,80
72,C6,55666,1000,80
70,A#5,55666,313,80
74,D6,56000,152,80
75,D#6,56166,153,80
74,D6,56333,153,80
75,D#6,56500,152,80
74,D6,56666,313,80
70,A#5,57000,312,80
74,D6,57666,153,80
75,D#6,57833,153,80
74,D6,58000,312,80
70,A#5,58333,312,80
70,A#5,58666,153,80
72,C6,58833,153,80
74,D6,59000,152,80
72,C6,59166,472,80
70,A#5,59666,313,80
70,A#5,60000,152,80
72,C6,60166,153,80
74,D6,60333,153,80
72,C6,60500,472,80
70,A#5,61000,333,80
62,D5,61333,500,80
65,F5,61833,500,80
63,D#5,61833,166,80
60,C5,61999,167,80
62,D5,61999,500,80
58,A#4,62499,500,80
60,C5,62499,166,80
63,D#5,62665,166,80
65,F5,62665,1333,80
62,D5,63998,1334,80
65,F5,63998,500,80
62,D5,64498,500,80
63,D#5,64498,166,80
60,C5,64664,166,80
62,D5,64664,500,80
58,A#4,65164,500,80
60,C5,65164,166,80
63,D#5,65330,167,80
65,F5,65330,1333,80
62,D5,66663,1333,80
65,F5,66663,500,80
62,D5,67163,500,80
63,D#5,67163,166,80
60,C5,67329,167,80
62,D5,67329,500,80
58,A#4,67829,500,80
60,C5,67829,166,80
63,D#5,67995,167,80
65,F5,67995,312,80
62,D5,68307,312,80
--end--
34,A#2,0,312,80
41,F3,333,666,80
46,A#3,999,667,80
46,A#3,999,333,80
41,F3,1332,333,80
34,A#2,1332,312,80
41,F3,1665,666,80
46,A#3,2331,667,80
46,A#3,2331,333,80
41,F3,2664,333,80
34,A#2,2664,313,80
46,A#3,2998,666,80
41,F3,3664,666,80
46,A#3,3664,333,80
41,F3,3997,334,80
34,A#2,3997,312,80
46,A#3,4330,333,80
41,F3,4663,333,80
34,A#2,4663,313,80
46,A#3,4997,333,80
41,F3,5330,333,80
34,A#2,5330,312,80
46,A#3,5663,333,80
41,F3,5996,334,80
34,A#2,5996,312,80
46,A#3,6329,333,80
41,F3,6662,333,80
34,A#2,6662,313,80
46,A#3,6996,333,80
41,F3,7329,333,80
34,A#2,7329,312,80
46,A#3,7662,333,80
41,F3,7995,334,80
34,A#2,7995,312,80
46,A#3,8328,333,80
41,F3,8661,333,80
34,A#2,8661,313,80
46,A#3,8995,333,80
41,F3,9328,333,80
34,A#2,9328,312,80
46,A#3,9661,333,80
41,F3,9994,334,80
46,A#3,9994,666,80
34,A#2,10660,666,80
34,A#2,10660,313,80
41,F3,10994,666,80
46,A#3,11660,666,80
46,A#3,11660,333,80
41,F3,11993,334,80
34,A#2,11993,312,80
41,F3,12326,666,80
46,A#3,12992,667,80
46,A#3,12992,333,80
41,F3,13325,333,80
34,A#2,13325,312,80
46,A#3,13658,666,80
41,F3,14324,667,80
46,A#3,14324,333,80
41,F3,14657,333,80
34,A#2,14657,313,80
46,A#3,14991,333,80
41,F3,15324,333,80
34,A#2,15324,312,80
46,A#3,15657,333,80
41,F3,15990,334,80
34,A#2,15990,312,80
46,A#3,16323,333,80
41,F3,16656,333,80
34,A#2,16656,313,80
46,A#3,16990,333,80
41,F3,17323,333,80
34,A#2,17323,312,80
46,A#3,17656,333,80
41,F3,17989,334,80
34,A#2,17989,312,80
46,A#3,18322,333,80
41,F3,18655,333,80
34,A#2,18655,313,80
46,A#3,18989,333,80
41,F3,19322,333,80
34,A#2,19322,312,80
46,A#3,19655,333,80
41,F3,19988,334,80
34,A#2,19988,312,80
46,A#3,20321,333,80
41,F3,20654,333,80
46,A#3,20654,666,80
34,A#2,21320,667,80
34,A#2,21320,312,80
41,F3,21653,313,80
46,A#3,21987,312,80
41,F3,22320,312,80
27,D#2,22653,313,80
34,A#2,22987,312,80
39,D#3,23320,312,80
41,F3,23653,313,80
34,A#2,23987,312,80
41,F3,24320,312,80
46,A#3,24653,313,80
41,F3,24987,312,80
27,D#2,25320,312,80
34,A#2,25653,313,80
39,D#3,25987,312,80
41,F3,26320,312,80
46,A#3,26653,333,80
34,A#2,26986,333,80
41,F3,26986,334,80
38,D3,26986,312,80
41,F3,27319,312,80
44,G#3,27652,313,80
34,A#2,27986,83,80
41,F3,28069,90,80
46,A#3,28159,1160,80
34,A#2,29319,312,80
41,F3,29652,313,80
46,A#3,29986,312,80
41,F3,30319,312,80
27,D#2,30652,313,80
34,A#2,30986,312,80
39,D#3,31319,312,80
41,F3,31652,313,80
34,A#2,31986,312,80
41,F3,32319,312,80
46,A#3,32652,313,80
41,F3,32986,312,80
27,D#2,33319,312,80
34,A#2,33652,313,80
39,D#3,33986,312,80
41,F3,34319,312,80
34,A#2,34652,313,80
46,A#3,34986,333,80
41,F3,35319,333,80
34,A#2,35319,312,80
46,A#3,35652,333,80
41,F3,35985,334,80
34,A#2,35985,312,80
46,A#3,36318,333,80
41,F3,36651,333,80
34,A#2,36651,313,80
46,A#3,36985,333,80
41,F3,37318,333,80
34,A#2,37318,312,80
46,A#3,37651,333,80
41,F3,37984,334,80
34,A#2,37984,312,80
46,A#3,38317,333,80
41,F3,38650,333,80
46,A#3,38650,2666,96
34,A#2,41316,2666,96
41,F3,41316,2667,96
34,A#2,41316,312,80
41,F3,41649,313,80
46,A#3,41983,312,80
41,F3,42316,312,80
46,A#3,42649,313,80
41,F3,42983,312,80
46,A#3,43316,312,80
41,F3,43649,313,80
29,F2,43983,312,80
36,C3,44316,312,80
41,F3,44649,313,80
36,C3,44983,312,80
27,D#2,45316,312,80
34,A#2,45649,313,80
39,D#3,45983,312,80
34,A#2,46316,312,80
43,G3,46649,313,80
34,A#2,46983,312,80
39,D#3,47316,312,80
34,A#2,47649,313,80
34,A#2,47983,312,80
41,F3,48316,312,80
46,A#3,48649,313,80
41,F3,48983,312,80
27,D#2,49316,312,80
34,A#2,49649,313,80
39,D#3,49983,312,80
41,F3,50316,312,80
41,F3,50649,1333,80
36,C3,51982,1334,80
34,A#2,51982,312,80
41,F3,52315,312,80
46,A#3,52648,313,80
41,F3,52982,312,80
46,A#3,53315,312,80
41,F3,53648,313,80
46,A#3,53982,312,80
41,F3,54315,312,80
29,F2,54648,313,80
36,C3,54982,312,80
41,F3,55315,312,80
36,C3,55648,313,80
27,D#2,55982,312,80
34,A#2,56315,312,80
39,D#3,56648,313,80
34,A#2,56982,312,80
27,D#2,57315,312,80
34,A#2,57648,313,80
39,D#3,57982,312,80
34,A#2,58315,312,80
29,F2,58648,313,80
36,C3,58982,312,80
41,F3,59315,312,80
36,C3,59648,313,80
29,F2,59982,312,80
36,C3,60315,312,80
41,F3,60648,313,80
36,C3,60982,312,80
34,A#2,61315,2000,80
41,F3,63315,2000,80
46,A#3,63315,2000,80
34,A#2,63315,333,80
29,F2,63648,333,80
34,A#2,63648,333,80
29,F2,63981,334,80
46,A#3,63981,2000,80
34,A#2,65981,2000,80
41,F3,65981,2000,80
34,A#2,65981,333,80
29,F2,66314,333,80
34,A#2,66314,333,80
29,F2,66647,333,80
46,A#3,66647,2000,80
34,A#2,68647,2000,80
41,F3,68647,2000,80
29,F2,68647,333,80
34,A#2,68980,334,80
34,A#2,68980,666,80
29,F2,69646,666,80
37,C#3,69646,153,80
36,C3,69813,153,80
37,C#3,69980,152,80
36,C3,70146,153,80
34,A#2,70313,312,80
25,C#2,70980,152,80
24,C2,71146,153,80
25,C#2,71313,153,80
24,C2,71480,152,80
22,A#1,71646,312,80