50,D4,0,193,100
53,F4,193,194,100
60,C5,387,193,100
57,A4,580,194,100
50,D4,1548,193,100
53,F4,1741,194,100
60,C5,1935,194,100
55,G4,2129,193,100
50,D4,3096,194,100
53,F4,3290,193,100
60,C5,3483,194,100
57,A4,3677,193,100
50,D4,4645,193,100
53,F4,4838,194,100
60,C5,5032,193,100
55,G4,5225,194,100
50,D4,6193,194,100
53,F4,6387,193,100
60,C5,6580,194,100
62,D5,6774,193,100
50,D4,7741,194,100
53,F4,7935,194,100
62,D5,8129,193,100
64,E5,8322,194,100
50,D4,9290,193,100
53,F4,9483,194,100
64,E5,9677,193,100
65,F5,9870,194,100
50,D4,10838,194,100
53,F4,11032,193,100
65,F5,11225,194,100
67,G5,11419,193,100
57,A4,12967,194,100
62,D5,13161,387,100
60,C5,13548,193,100
57,A4,14322,194,100
55,G4,14516,193,100
53,F4,14709,387,100
55,G4,15096,387,100
57,A4,16064,194,100
62,D5,16258,387,100
60,C5,16645,387,100
57,A4,17419,193,100
55,G4,17612,194,100
53,F4,17806,387,100
55,G4,18193,387,100
57,A4,19161,193,100
62,D5,19354,387,100
60,C5,19741,388,100
57,A4,20516,0,100
55,G4,20709,194,100
53,F4,20903,387,100
55,G4,21290,387,100
57,A4,22064,0,100
55,G4,22258,193,100
53,F4,22451,194,100
50,D4,22838,194,100
57,A4,23419,193,100
60,C5,23612,194,100
57,A4,23806,194,100
62,D5,24000,290,100
60,C5,24290,97,100
57,A4,24387,96,100
60,C5,24580,290,100
60,C5,25354,0,100
57,A4,25741,0,100
60,C5,25935,387,100
57,A4,26516,193,100
60,C5,26903,0,100
57,A4,27290,0,100
60,C5,27483,387,100
53,F4,28064,194,100
60,C5,28451,0,100
60,C5,28838,0,100
60,C5,29032,0,100
60,C5,29225,0,100
57,A4,29612,194,100
55,G4,30000,0,100
55,G4,30387,193,100
57,A4,30580,387,100
48,C4,31161,0,100
45,A3,31548,0,100
45,A3,31741,0,100
45,A3,32322,0,100
43,G3,32903,0,100
48,C4,34258,0,100
45,A3,34451,194,100
45,A3,34838,0,100
45,A3,35419,0,100
44,G#3,36000,0,100
62,D5,37161,968,100
50,D4,38129,0,100
50,D4,38322,193,100
62,D5,38515,194,100
62,D5,38515,193,100
50,D4,38708,193,100
54,F#4,38708,774,100
66,F#5,39482,774,100
67,G5,39482,775,100
67,G5,40257,193,100
55,G4,40450,193,100
67,G5,40450,193,100
55,G4,40643,194,100
67,G5,40643,193,100
55,G4,40836,193,100
67,G5,40836,193,100
55,G4,41029,194,100
67,G5,41029,193,100
55,G4,41222,193,100
57,A4,41222,193,100
69,A5,41415,194,100
55,G4,41415,193,100
67,G5,41608,193,100
55,G4,41608,387,100
67,G5,41995,388,100
54,F#4,41995,96,100
66,F#5,42091,96,100
53,F4,42091,96,100
65,F5,42187,97,100
50,D4,42187,1161,100
62,D5,43348,1161,100
54,F#4,43348,580,100
66,F#5,43928,581,100
67,G5,43928,193,100
55,G4,44121,194,100
66,F#5,44121,193,100
54,F#4,44314,193,100
50,D4,44314,194,100
50,D4,44508,193,100
62,D5,44701,193,100
60,C5,44701,96,100
48,C4,44797,97,100
45,A3,44797,97,100
45,A3,44894,1161,100
57,A4,46055,1161,100
62,D5,46055,0,100
62,D5,46249,0,100
67,G5,46636,0,100
67,G5,46829,0,100
67,G5,47023,0,100
67,G5,47410,193,100
67,G5,47797,194,100
62,D5,48571,0,100
29,F2,48765,387,100
65,F5,49152,387,100
31,G2,49152,387,100
67,G5,49539,387,100
58,A#4,49539,387,100
70,A#5,49926,387,100
70,A#5,49926,193,100
58,A#4,50119,194,100
57,A4,50119,774,100
69,A5,50893,774,100
58,A#4,50893,387,100
70,A#5,51280,387,100
70,A#5,51280,193,100
70,A#5,51473,193,100
58,A#4,51666,194,100
57,A4,51666,387,100
69,A5,52053,387,100
55,G4,52053,387,100
67,G5,52440,387,100
53,F4,52440,193,100
65,F5,52633,194,100
67,G5,52633,193,100
67,G5,52826,193,100
55,G4,53019,194,100
67,G5,53019,193,100
55,G4,53212,193,100
55,G4,53212,387,100
67,G5,53599,387,100
67,G5,53599,194,100
67,G5,53793,193,100
55,G4,53986,194,100
67,G5,53986,387,100
67,G5,54373,193,100
55,G4,54566,193,100
67,G5,54566,193,100
55,G4,54759,194,100
67,G5,54759,387,100
55,G4,55146,387,100
53,F4,55146,193,100
65,F5,55339,193,100
52,E4,55339,193,100
64,E5,55532,194,100
50,D4,55532,580,100
62,D5,56112,581,100
62,D5,56112,193,100
62,D5,56305,193,100
50,D4,56498,194,100
53,F4,56498,387,100
65,F5,56885,387,100
57,A4,56885,387,100
69,A5,57272,387,100
55,G4,57272,580,100
67,G5,57852,581,100
53,F4,57852,193,100
65,F5,58045,193,100
52,E4,58045,580,100
64,E5,58625,581,100
64,E5,58625,193,100
64,E5,58818,387,100
52,E4,59205,387,100
50,D4,59205,580,100
62,D5,59785,581,100
62,D5,59785,193,100
50,D4,59978,194,100
52,E4,59978,193,100
64,E5,60171,193,100
53,F4,60171,193,100
65,F5,60364,194,100
52,E4,60364,387,100
64,E5,60751,387,100
50,D4,60751,387,100
62,D5,61138,387,100
65,F5,61138,387,100
53,F4,61525,387,100
55,G4,61525,387,100
67,G5,61912,387,100
58,A#4,61912,580,100
70,A#5,62492,581,100
58,A#4,62492,193,100
70,A#5,62685,193,100
57,A4,62685,580,100
69,A5,63265,581,100
70,A#5,63265,580,100
58,A#4,63845,581,100
58,A#4,63845,387,100
70,A#5,64232,387,100
57,A4,64232,193,100
69,A5,64425,193,100
67,G5,64425,194,100
67,G5,64619,193,100
55,G4,64812,193,100
53,F4,64812,193,100
65,F5,65005,194,100
58,A#4,65005,580,100
70,A#5,65585,580,100
57,A4,65585,967,100
69,A5,66552,968,100
70,A#5,66552,194,100
70,A#5,66746,193,100
58,A#4,66939,193,100
70,A#5,66939,193,100
58,A#4,67132,194,100
69,A5,67132,387,100
57,A4,67519,387,100
53,F4,67519,193,100
65,F5,67712,193,100
55,G4,67712,193,100
67,G5,67905,194,100
57,A4,67905,193,100
69,A5,68098,194,100
62,D5,68098,774,100
74,D6,68872,774,100
60,C5,68872,774,100
72,C6,69646,774,100
55,G4,69646,580,100
67,G5,70226,581,100
53,F4,70226,193,100
65,F5,70419,193,100
52,E4,70419,580,100
64,E5,70999,581,100
64,E5,70999,193,100
64,E5,71192,387,100
52,E4,71579,387,100
50,D4,71579,387,100
62,D5,71966,388,100
52,E4,71966,387,100
64,E5,72353,387,100
50,D4,72353,193,100
62,D5,72546,193,100
62,D5,72546,387,100
50,D4,72933,387,100
62,D5,72933,194,100
62,D5,73127,193,100
50,D4,73320,193,100
62,D5,73320,193,100
50,D4,73513,194,100
62,D5,73513,387,100
50,D4,73900,387,100
48,C4,73900,387,100
60,C5,74287,387,100
50,D4,74287,387,100
62,D5,74674,387,100
50,D4,74674,387,100
62,D5,75061,387,100
50,D4,75061,387,100
62,D5,75448,387,100
50,D4,75448,387,100
62,D5,75835,388,100
50,D4,75835,387,100
62,D5,76222,387,100
62,D5,76222,387,100
50,D4,76609,387,100
50,D4,76609,387,100
62,D5,76996,387,100
50,D4,76996,387,100
62,D5,77383,387,100
50,D4,77383,387,100
62,D5,77770,387,100
62,D5,77770,194,100
62,D5,77964,193,100
50,D4,78157,193,100
62,D5,78157,193,100
50,D4,78350,194,100
62,D5,78350,193,100
50,D4,78543,193,100
62,D5,78543,194,100
62,D5,78737,193,100
50,D4,78930,193,100
50,D4,78930,0,100
62,D5,79124,387,100
50,D4,79511,387,100
50,D4,79511,580,100
62,D5,80091,581,100
48,C4,80091,387,100
60,C5,80478,387,100
50,D4,80478,387,100
62,D5,80865,387,100
62,D5,80865,387,100
50,D4,81252,387,100
50,D4,81252,387,100
62,D5,81639,387,100
62,D5,81639,97,100
62,D5,81736,290,100
50,D4,82026,290,100
62,D5,82026,97,100
62,D5,82123,290,100
50,D4,82413,290,100
62,D5,82413,387,100
50,D4,82800,387,100
50,D4,82800,387,100
62,D5,83187,387,100
50,D4,83187,387,100
62,D5,83574,387,100
50,D4,83574,387,100
62,D5,83961,388,100
62,D5,83961,193,100
50,D4,84154,193,100
62,D5,84347,194,100
62,D5,84347,193,100
50,D4,84540,193,100
62,D5,84540,193,100
50,D4,84733,194,100
62,D5,84733,193,100
62,D5,84926,193,100
50,D4,85119,194,100
50,D4,85119,0,100
62,D5,85312,580,100
50,D4,85892,581,100
65,F5,85892,387,100
67,G5,86279,387,100
58,A#4,86666,387,100
70,A#5,87053,387,100
58,A#4,87053,193,100
70,A#5,87246,194,100
57,A4,87246,774,100
69,A5,88020,774,100
58,A#4,88020,387,100
70,A#5,88407,387,100
70,A#5,88407,194,100
70,A#5,88601,193,100
58,A#4,88794,193,100
57,A4,88794,387,100
69,A5,89181,387,100
55,G4,89181,387,100
67,G5,89568,387,100
65,F5,89568,193,100
53,F4,89761,194,100
67,G5,89761,194,100
67,G5,89955,193,100
55,G4,90148,193,100
67,G5,90148,193,100
55,G4,90341,194,100
67,G5,90341,387,100
55,G4,90728,387,100
67,G5,90728,193,100
55,G4,90921,193,100
67,G5,91114,194,100
67,G5,91114,387,100
67,G5,91501,193,100
55,G4,91694,193,100
67,G5,91694,193,100
55,G4,91887,194,100
67,G5,91887,387,100
55,G4,92274,387,100
53,F4,92274,193,100
65,F5,92467,194,100
64,E5,92467,193,100
52,E4,92660,193,100
50,D4,92660,580,100
62,D5,93240,581,100
62,D5,93240,193,100
62,D5,93433,193,100
50,D4,93626,194,100
65,F5,93626,387,100
53,F4,94013,387,100
57,A4,94013,387,100
69,A5,94400,387,100
55,G4,94400,580,100
67,G5,94980,581,100
53,F4,94980,193,100
65,F5,95173,193,100
52,E4,95173,580,100
64,E5,95753,581,100
64,E5,95753,193,100
52,E4,95946,194,100
52,E4,95946,387,100
64,E5,96333,387,100
50,D4,96333,580,100
62,D5,96913,580,100
50,D4,96913,193,100
62,D5,97106,194,100
52,E4,97106,193,100
64,E5,97299,193,100
65,F5,97299,193,100
53,F4,97492,194,100
52,E4,97492,387,100
64,E5,97879,387,100
50,D4,97879,387,100
62,D5,98266,387,100
65,F5,98266,387,100
53,F4,98653,387,100
67,G5,98653,387,100
55,G4,99040,387,100
58,A#4,99040,580,100
70,A#5,99620,581,100
58,A#4,99620,193,100
70,A#5,99813,194,100
57,A4,99813,580,100
69,A5,100393,580,100
58,A#4,100393,580,100
70,A#5,100973,581,100
70,A#5,100973,387,100
58,A#4,101360,387,100
57,A4,101360,193,100
69,A5,101553,193,100
67,G5,101553,194,100
67,G5,101747,193,100
55,G4,101940,194,100
53,F4,101940,193,100
65,F5,102133,193,100
58,A#4,102133,580,100
70,A#5,102713,581,100
57,A4,102713,967,100
69,A5,103680,968,100
70,A#5,103680,193,100
58,A#4,103873,193,100
70,A#5,103873,194,100
70,A#5,104067,193,100
58,A#4,104260,193,100
57,A4,104260,387,100
69,A5,104647,387,100
53,F4,104647,193,100
65,F5,104840,194,100
67,G5,104840,193,100
55,G4,105033,193,100
57,A4,105033,193,100
69,A5,105226,194,100
62,D5,105226,774,100
74,D6,106000,774,100
60,C5,106000,774,100
72,C6,106774,774,100
55,G4,106774,580,100
67,G5,107354,581,100
65,F5,107354,193,100
53,F4,107547,193,100
52,E4,107547,580,100
64,E5,108127,581,100
64,E5,108127,194,100
64,E5,108321,387,100
52,E4,108708,387,100
50,D4,108708,387,100
62,D5,109095,387,100
52,E4,109095,387,100
64,E5,109482,387,100
50,D4,109482,193,100
62,D5,109675,194,100
62,D5,109675,387,100
50,D4,110062,387,100
62,D5,110062,193,100
62,D5,110255,193,100
50,D4,110448,194,100
62,D5,110448,193,100
50,D4,110641,193,100
62,D5,110641,387,100
50,D4,111028,387,100
48,C4,111028,387,100
60,C5,111415,387,100
50,D4,111415,387,100
62,D5,111802,388,100
62,D5,111802,387,100
50,D4,112189,387,100
62,D5,112189,387,100
50,D4,112576,387,100
62,D5,112576,387,100
50,D4,112963,387,100
50,D4,112963,387,100
62,D5,113350,387,100
62,D5,113350,387,100
50,D4,113737,387,100
50,D4,113737,387,100
62,D5,114124,387,100
62,D5,114124,387,100
50,D4,114511,387,100
50,D4,114511,387,100
62,D5,114898,387,100
50,D4,114898,194,100
50,D4,115092,193,100
62,D5,115285,193,100
50,D4,115285,193,100
62,D5,115478,194,100
50,D4,115478,193,100
62,D5,115671,194,100
50,D4,115671,193,100
62,D5,115864,0,100
62,D5,116058,193,100
50,D4,116251,193,100
62,D5,116251,387,100
50,D4,116638,387,100
50,D4,116638,580,100
62,D5,117218,581,100
60,C5,117218,387,100
48,C4,117605,387,100
62,D5,117605,387,100
50,D4,117992,387,100
50,D4,117992,387,100
62,D5,118379,387,100
50,D4,118379,387,100
62,D5,118766,387,100
50,D4,118766,97,100
50,D4,118863,290,100
62,D5,119153,290,100
50,D4,119153,97,100
50,D4,119250,290,100
62,D5,119540,290,100
50,D4,119540,387,100
62,D5,119927,388,100
62,D5,119927,387,100
50,D4,120314,387,100
50,D4,120314,387,100
62,D5,120701,387,100
50,D4,120701,387,100
62,D5,121088,387,100
50,D4,121088,193,100
62,D5,121281,0,100
62,D5,121475,193,100
50,D4,121668,194,100
62,D5,121668,193,100
50,D4,121861,193,100
62,D5,121861,194,100
62,D5,122055,193,100
50,D4,122248,193,100
62,D5,122248,193,100
50,D4,122441,194,100
62,D5,122441,1354,100
50,D4,123795,1355,100
34,A#2,123795,193,100
22,A#1,123988,193,100
50,D4,123988,193,100
53,F4,123988,194,100
60,C5,124182,193,100
57,A4,124375,194,100
24,C2,125343,193,100
36,C3,125536,193,100
50,D4,125536,193,100
53,F4,125536,194,100
60,C5,125730,194,100
55,G4,125924,193,100
26,D2,126891,193,100
38,D3,127084,193,100
50,D4,127084,194,100
53,F4,127084,193,100
60,C5,127277,194,100
62,D5,127471,194,100
40,E3,128439,193,100
28,E2,128632,193,100
50,D4,128632,193,100
53,F4,128632,194,100
62,D5,128826,193,100
64,E5,129019,194,100
29,F2,129987,193,100
41,F3,130180,193,100
50,D4,130180,194,100
53,F4,130180,193,100
64,E5,130373,194,100
65,F5,130567,193,100
45,A3,131534,193,100
33,A2,131727,193,100
50,D4,131727,194,100
53,F4,131727,194,100
65,F5,131921,193,100
67,G5,132114,193,100
--end--
34,A#2,0,580,100
38,D3,580,580,100
45,A3,580,387,100
43,G3,1161,387,100
36,C3,1548,580,100
41,F3,2128,581,100
41,F3,2128,387,100
41,F3,2708,387,100
43,G3,3095,387,100
48,C4,3676,387,100
45,A3,4257,387,100
33,A2,4644,580,100
38,D3,5224,580,100
38,D3,5224,387,100
38,D3,5805,387,100
34,A#2,6192,580,100
38,D3,6772,581,100
45,A3,6772,387,100
43,G3,7352,387,100
36,C3,7739,580,100
41,F3,8319,581,100
41,F3,8319,387,100
41,F3,8900,387,100
43,G3,9287,580,100
38,D3,9867,580,100
48,C4,9867,388,100
45,A3,10448,387,100
36,C3,10835,580,100
41,F3,11415,581,100
41,F3,11415,968,100
22,A#1,12383,193,100
29,F2,12576,194,100
34,A#2,12770,193,100
38,D3,12963,968,100
24,C2,13931,194,100
29,F2,14125,193,100
36,C3,14318,1161,100
26,D2,15479,194,100
31,G2,15673,193,100
38,D3,15866,1065,100
33,A2,17028,193,100
38,D3,17221,194,100
45,A3,17415,1064,100
22,A#1,18576,194,100
29,F2,18770,193,100
34,A#2,18963,194,100
38,D3,19157,968,100
24,C2,20125,193,100
29,F2,20318,194,100
36,C3,20512,1161,100
26,D2,21673,193,100
31,G2,21866,194,100
38,D3,22060,1065,100
33,A2,23221,194,100
38,D3,23415,193,100
45,A3,23608,1065,100
34,A#2,24770,580,100
38,D3,25350,580,100
38,D3,25350,387,100
38,D3,25931,387,100
36,C3,26318,580,100
41,F3,26898,581,100
41,F3,26898,387,100
41,F3,27478,387,100
43,G3,27865,388,100
43,G3,28446,387,100
43,G3,29027,387,100
33,A2,29414,580,100
38,D3,29994,581,100
38,D3,29994,387,100
38,D3,30574,387,100
38,D3,30961,580,100
34,A#2,31541,581,100
38,D3,31541,387,100
38,D3,32122,387,100
36,C3,32509,580,100
41,F3,33089,580,100
41,F3,33089,387,100
41,F3,33670,387,100
38,D3,34057,580,100
43,G3,34637,581,100
43,G3,34637,387,100
43,G3,35217,387,100
36,C3,35604,580,100
41,F3,36184,581,100
41,F3,36184,968,100
33,A2,37152,580,100
38,D3,37732,580,100
45,A3,37732,580,100
45,A3,37732,484,100
45,A3,38313,387,100
34,A#2,38700,580,100
41,F3,39280,580,100
46,A#3,39280,581,100
46,A#3,39280,484,100
46,A#3,39860,388,100
36,C3,40248,580,100
43,G3,40828,580,100
48,C4,40828,580,100
48,C4,40828,484,100
48,C4,41409,387,100
33,A2,41796,580,100
38,D3,42376,580,100
42,F#3,42376,581,100
42,F#3,42376,483,100
42,F#3,42956,387,100
34,A#2,43343,194,100
38,D3,43537,193,100
41,F3,43730,194,100
50,D4,43924,580,100
46,A#3,44504,581,100
53,F4,44504,387,100
50,D4,44891,387,100
36,C3,44891,193,100
40,E3,45084,194,100
43,G3,45278,193,100
52,E4,45471,580,100
48,C4,46051,581,100
52,E4,46051,387,100
48,C4,46438,387,100
38,D3,46438,194,100
41,F3,46632,193,100
45,A3,46825,194,100
53,F4,47019,580,100
50,D4,47599,580,100
53,F4,47599,1161,100
50,D4,48760,1162,100
36,C3,48760,193,100
43,G3,48953,193,100
48,C4,48953,193,100
55,G4,48953,193,100
43,G3,48953,193,100
48,C4,49146,193,100
55,G4,49146,193,100
36,C3,49146,194,100
43,G3,49146,193,100
48,C4,49339,193,100
36,C3,49339,193,100
43,G3,49339,193,100
48,C4,49532,193,100
55,G4,49532,193,100
36,C3,49532,194,100
22,A#1,49532,193,100
34,A#2,49725,193,100
46,A#3,49725,193,100
38,D3,49918,194,100
34,A#2,49918,194,100
46,A#3,50112,193,100
38,D3,50305,193,100
34,A#2,50305,194,100
38,D3,50499,193,100
46,A#3,50692,193,100
34,A#2,50692,194,100
38,D3,50886,193,100
46,A#3,51079,193,100
24,C2,51079,193,100
36,C3,51272,194,100
41,F3,51272,193,100
48,C4,51465,193,100
36,C3,51465,194,100
41,F3,51659,193,100
48,C4,51852,194,100
36,C3,51852,193,100
41,F3,52045,193,100
48,C4,52238,194,100
36,C3,52238,193,100
41,F3,52431,193,100
48,C4,52624,194,100
38,D3,52624,193,100
43,G3,52817,193,100
50,D4,53010,194,100
38,D3,53010,193,100
43,G3,53203,193,100
50,D4,53396,194,100
38,D3,53396,193,100
43,G3,53589,193,100
50,D4,53782,194,100
38,D3,53782,194,100
43,G3,53976,193,100
50,D4,54169,193,100
38,D3,54169,193,100
26,D2,54362,194,100
43,G3,54362,193,100
50,D4,54555,193,100
38,D3,54555,194,100
50,D4,54749,193,100
43,G3,54942,193,100
38,D3,54942,194,100
43,G3,55136,193,100
50,D4,55329,193,100
38,D3,55329,194,100
50,D4,55523,193,100
43,G3,55716,193,100
22,A#1,55716,193,100
34,A#2,55909,194,100
38,D3,55909,193,100
46,A#3,56102,194,100
34,A#2,56102,193,100
38,D3,56295,193,100
46,A#3,56488,194,100
34,A#2,56488,193,100
46,A#3,56681,193,100
38,D3,56874,194,100
34,A#2,56874,193,100
38,D3,57067,193,100
46,A#3,57260,194,100
24,C2,57260,193,100
36,C3,57453,193,100
41,F3,57453,193,100
48,C4,57646,194,100
36,C3,57646,194,100
48,C4,57840,193,100
41,F3,58033,193,100
36,C3,58033,194,100
48,C4,58227,193,100
41,F3,58420,193,100
36,C3,58420,194,100
41,F3,58614,193,100
48,C4,58807,193,100
38,D3,58807,194,100
43,G3,59001,193,100
50,D4,59194,193,100
38,D3,59194,194,100
43,G3,59388,193,100
50,D4,59581,193,100
38,D3,59581,194,100
43,G3,59775,193,100
50,D4,59968,194,100
38,D3,59968,193,100
43,G3,60161,193,100
50,D4,60354,194,100
38,D3,60354,193,100
26,D2,60547,193,100
50,D4,60547,193,100
43,G3,60740,194,100
38,D3,60740,193,100
43,G3,60933,193,100
50,D4,61126,194,100
38,D3,61126,193,100
50,D4,61319,193,100
43,G3,61512,194,100
38,D3,61512,193,100
50,D4,61705,193,100
43,G3,61898,194,100
22,A#1,61898,193,100
34,A#2,62091,194,100
46,A#3,62091,193,100
38,D3,62284,193,100
34,A#2,62284,194,100
38,D3,62478,193,100
46,A#3,62671,193,100
34,A#2,62671,194,100
46,A#3,62865,193,100
38,D3,63058,193,100
34,A#2,63058,194,100
38,D3,63252,193,100
46,A#3,63445,193,100
24,C2,63445,193,100
36,C3,63638,194,100
41,F3,63638,193,100
48,C4,63831,194,100
36,C3,63831,193,100
48,C4,64024,193,100
41,F3,64217,194,100
36,C3,64217,193,100
41,F3,64410,193,100
48,C4,64603,194,100
36,C3,64603,193,100
41,F3,64796,193,100
48,C4,64989,194,100
26,D2,64989,193,100
38,D3,65182,193,100
43,G3,65182,193,100
50,D4,65375,194,100
38,D3,65375,193,100
43,G3,65568,193,100
50,D4,65761,194,100
38,D3,65761,194,100
43,G3,65955,193,100
50,D4,66148,193,100
38,D3,66148,194,100
43,G3,66342,193,100
50,D4,66535,193,100
26,D2,66535,193,100
38,D3,66728,194,100
43,G3,66728,193,100
50,D4,66921,193,100
38,D3,66921,194,100
50,D4,67115,193,100
43,G3,67308,193,100
38,D3,67308,194,100
43,G3,67502,193,100
50,D4,67695,193,100
38,D3,67695,194,100
43,G3,67889,193,100
50,D4,68082,194,100
22,A#1,68082,193,100
34,A#2,68275,193,100
46,A#3,68275,193,100
38,D3,68468,194,100
34,A#2,68468,193,100
38,D3,68661,193,100
46,A#3,68854,194,100
34,A#2,68854,193,100
46,A#3,69047,193,100
38,D3,69240,194,100
34,A#2,69240,193,100
38,D3,69433,193,100
46,A#3,69626,194,100
24,C2,69626,193,100
36,C3,69819,194,100
48,C4,69819,193,100
41,F3,70012,193,100
36,C3,70012,194,100
41,F3,70206,193,100
48,C4,70399,193,100
36,C3,70399,194,100
41,F3,70593,193,100
48,C4,70786,193,100
36,C3,70786,194,100
41,F3,70980,193,100
48,C4,71173,193,100
26,D2,71173,193,100
38,D3,71366,194,100
43,G3,71366,193,100
50,D4,71559,193,100
38,D3,71559,194,100
43,G3,71753,193,100
50,D4,71946,194,100
38,D3,71946,193,100
43,G3,72139,193,100
50,D4,72332,194,100
38,D3,72332,193,100
50,D4,72525,193,100
43,G3,72718,194,100
38,D3,72718,193,100
26,D2,72911,193,100
43,G3,72911,193,100
50,D4,73104,194,100
38,D3,73104,193,100
43,G3,73297,193,100
50,D4,73490,194,100
38,D3,73490,193,100
50,D4,73683,193,100
43,G3,73876,194,100
38,D3,73876,194,100
43,G3,74070,193,100
50,D4,74263,193,100
22,A#1,74263,193,100
34,A#2,74456,194,100
38,D3,74456,193,100
46,A#3,74649,193,100
34,A#2,74649,194,100
46,A#3,74843,193,100
38,D3,75036,193,100
34,A#2,75036,194,100
38,D3,75230,193,100
46,A#3,75423,193,100
34,A#2,75423,194,100
38,D3,75617,193,100
46,A#3,75810,194,100
24,C2,75810,193,100
36,C3,76003,193,100
41,F3,76003,193,100
48,C4,76196,194,100
36,C3,76196,193,100
48,C4,76389,193,100
41,F3,76582,194,100
36,C3,76582,193,100
41,F3,76775,193,100
48,C4,76968,194,100
36,C3,76968,193,100
48,C4,77161,193,100
41,F3,77354,194,100
38,D3,77354,193,100
50,D4,77547,193,100
43,G3,77740,194,100
38,D3,77740,194,100
43,G3,77934,193,100
50,D4,78127,193,100
38,D3,78127,194,100
43,G3,78321,193,100
50,D4,78514,193,100
38,D3,78514,194,100
50,D4,78708,193,100
43,G3,78901,193,100
38,D3,78901,193,100
26,D2,79094,194,100
50,D4,79094,193,100
43,G3,79287,193,100
38,D3,79287,194,100
43,G3,79481,193,100
50,D4,79674,193,100
38,D3,79674,194,100
43,G3,79868,193,100
50,D4,80061,194,100
38,D3,80061,193,100
43,G3,80254,193,100
50,D4,80447,194,100
22,A#1,80447,193,100
34,A#2,80640,193,100
38,D3,80640,193,100
46,A#3,80833,194,100
34,A#2,80833,193,100
46,A#3,81026,193,100
38,D3,81219,194,100
34,A#2,81219,193,100
38,D3,81412,193,100
46,A#3,81605,194,100
34,A#2,81605,194,100
38,D3,81799,193,100
46,A#3,81992,193,100
24,C2,81992,193,100
36,C3,82185,194,100
41,F3,82185,193,100
48,C4,82378,193,100
36,C3,82378,194,100
48,C4,82572,193,100
41,F3,82765,193,100
36,C3,82765,194,100
41,F3,82959,193,100
48,C4,83152,193,100
36,C3,83152,194,100
41,F3,83346,193,100
48,C4,83539,193,100
38,D3,83539,194,100
50,D4,83733,193,100
43,G3,83926,194,100
38,D3,83926,193,100
43,G3,84119,193,100
50,D4,84312,194,100
38,D3,84312,193,100
43,G3,84505,193,100
50,D4,84698,194,100
38,D3,84698,193,100
43,G3,84891,193,100
50,D4,85084,194,100
38,D3,85084,193,100
26,D2,85277,193,100
43,G3,85277,193,100
50,D4,85470,194,100
38,D3,85470,193,100
50,D4,85663,193,100
43,G3,85856,194,100
38,D3,85856,194,100
50,D4,86050,193,100
43,G3,86243,193,100
38,D3,86243,194,100
43,G3,86437,193,100
50,D4,86630,193,100
22,A#1,86630,193,100
34,A#2,86823,194,100
46,A#3,86823,193,100
38,D3,87016,193,100
34,A#2,87016,194,100
46,A#3,87210,193,100
38,D3,87403,193,100
34,A#2,87403,194,100
38,D3,87597,193,100
46,A#3,87790,194,100
34,A#2,87790,193,100
38,D3,87983,193,100
46,A#3,88176,194,100
24,C2,88176,193,100
36,C3,88369,193,100
48,C4,88369,193,100
41,F3,88562,194,100
36,C3,88562,193,100
48,C4,88755,193,100
41,F3,88948,194,100
36,C3,88948,193,100
48,C4,89141,193,100
41,F3,89334,194,100
36,C3,89334,193,100
41,F3,89527,193,100
48,C4,89720,194,100
38,D3,89720,194,100
43,G3,89914,193,100
50,D4,90107,193,100
38,D3,90107,194,100
43,G3,90301,193,100
50,D4,90494,193,100
38,D3,90494,194,100
50,D4,90688,193,100
43,G3,90881,193,100
38,D3,90881,194,100
43,G3,91075,193,100
50,D4,91268,193,100
38,D3,91268,193,100
26,D2,91461,194,100
43,G3,91461,193,100
50,D4,91654,193,100
38,D3,91654,194,100
50,D4,91848,193,100
43,G3,92041,194,100
38,D3,92041,193,100
43,G3,92234,580,100
50,D4,92814,581,100
22,A#1,92814,193,100
34,A#2,93007,193,100
46,A#3,93007,193,100
38,D3,93200,194,100
34,A#2,93200,193,100
38,D3,93393,193,100
46,A#3,93586,194,100
34,A#2,93586,194,100
46,A#3,93780,193,100
38,D3,93973,193,100
34,A#2,93973,194,100
38,D3,94167,193,100
46,A#3,94360,193,100
24,C2,94360,193,100
36,C3,94553,194,100
41,F3,94553,193,100
48,C4,94746,193,100
36,C3,94746,194,100
41,F3,94940,193,100
48,C4,95133,193,100
36,C3,95133,194,100
41,F3,95327,193,100
48,C4,95520,193,100
36,C3,95520,194,100
41,F3,95714,193,100
48,C4,95907,194,100
38,D3,95907,193,100
43,G3,96100,193,100
50,D4,96293,194,100
38,D3,96293,193,100
50,D4,96486,193,100
43,G3,96679,194,100
38,D3,96679,193,100
43,G3,96872,193,100
50,D4,97065,194,100
38,D3,97065,193,100
43,G3,97258,193,100
50,D4,97451,194,100
38,D3,97451,193,100
26,D2,97644,193,100
43,G3,97644,193,100
50,D4,97837,194,100
38,D3,97837,194,100
50,D4,98031,193,100
43,G3,98224,193,100
38,D3,98224,194,100
50,D4,98418,580,100
43,G3,98998,580,100
22,A#1,98998,193,100
34,A#2,99191,194,100
46,A#3,99191,193,100
38,D3,99384,193,100
34,A#2,99384,194,100
46,A#3,99578,193,100
38,D3,99771,194,100
34,A#2,99771,193,100
46,A#3,99964,193,100
38,D3,100157,194,100
34,A#2,100157,193,100
38,D3,100350,193,100
46,A#3,100543,194,100
24,C2,100543,193,100
36,C3,100736,193,100
41,F3,100736,193,100
48,C4,100929,194,100
36,C3,100929,193,100
48,C4,101122,193,100
41,F3,101315,194,100
36,C3,101315,193,100
41,F3,101508,193,100
48,C4,101701,194,100
36,C3,101701,194,100
41,F3,101895,193,100
48,C4,102088,193,100
26,D2,102088,193,100
38,D3,102281,194,100
43,G3,102281,193,100
50,D4,102474,193,100
38,D3,102474,194,100
43,G3,102668,193,100
50,D4,102861,193,100
38,D3,102861,194,100
43,G3,103055,193,100
50,D4,103248,193,100
38,D3,103248,194,100
43,G3,103442,193,100
50,D4,103635,194,100
26,D2,103635,193,100
38,D3,103828,193,100
43,G3,103828,193,100
50,D4,104021,194,100
38,D3,104021,193,100
43,G3,104214,193,100
50,D4,104407,194,100
38,D3,104407,193,100
43,G3,104600,193,100
50,D4,104793,194,100
38,D3,104793,193,100
43,G3,104986,193,100
50,D4,105179,194,100
22,A#1,105179,193,100
34,A#2,105372,193,100
38,D3,105372,193,100
46,A#3,105565,194,100
34,A#2,105565,194,100
38,D3,105759,193,100
46,A#3,105952,193,100
34,A#2,105952,194,100
38,D3,106146,193,100
46,A#3,106339,193,100
34,A#2,106339,194,100
38,D3,106533,193,100
46,A#3,106726,193,100
24,C2,106726,193,100
36,C3,106919,194,100
41,F3,106919,193,100
48,C4,107112,193,100
36,C3,107112,194,100
41,F3,107306,193,100
48,C4,107499,193,100
36,C3,107499,194,100
48,C4,107693,193,100
41,F3,107886,194,100
36,C3,107886,193,100
41,F3,108079,193,100
48,C4,108272,194,100
26,D2,108272,193,100
38,D3,108465,193,100
50,D4,108465,193,100
43,G3,108658,194,100
38,D3,108658,193,100
43,G3,108851,193,100
50,D4,109044,194,100
38,D3,109044,193,100
43,G3,109237,193,100
50,D4,109430,194,100
38,D3,109430,194,100
50,D4,109624,193,100
43,G3,109817,193,100
26,D2,109817,193,100
38,D3,110010,194,100
43,G3,110010,193,100
50,D4,110203,193,100
38,D3,110203,194,100
43,G3,110397,193,100
50,D4,110590,193,100
38,D3,110590,194,100
50,D4,110784,193,100
43,G3,110977,193,100
38,D3,110977,194,100
50,D4,111171,193,100
43,G3,111364,193,100
22,A#1,111364,193,100
34,A#2,111557,194,100
38,D3,111557,193,100
46,A#3,111750,194,100
34,A#2,111750,193,100
46,A#3,111943,193,100
38,D3,112136,194,100
34,A#2,112136,193,100
46,A#3,112329,193,100
38,D3,112522,194,100
34,A#2,112522,193,100
46,A#3,112715,193,100
38,D3,112908,194,100
24,C2,112908,193,100
36,C3,113101,193,100
48,C4,113101,193,100
41,F3,113294,194,100
36,C3,113294,193,100
48,C4,113487,193,100
41,F3,113680,194,100
36,C3,113680,194,100
48,C4,113874,193,100
41,F3,114067,193,100
36,C3,114067,194,100
41,F3,114261,193,100
48,C4,114454,193,100
38,D3,114454,194,100
43,G3,114648,193,100
50,D4,114841,193,100
38,D3,114841,194,100
43,G3,115035,193,100
50,D4,115228,193,100
38,D3,115228,194,100
43,G3,115422,193,100
50,D4,115615,194,100
38,D3,115615,193,100
43,G3,115808,193,100
50,D4,116001,194,100
38,D3,116001,193,100
26,D2,116194,193,100
50,D4,116194,193,100
43,G3,116387,194,100
38,D3,116387,193,100
50,D4,116580,193,100
43,G3,116773,194,100
38,D3,116773,193,100
50,D4,116966,193,100
43,G3,117159,194,100
38,D3,117159,193,100
43,G3,117352,193,100
50,D4,117545,194,100
22,A#1,117545,194,100
38,D3,117739,193,100
46,A#3,117932,193,100
34,A#2,117932,194,100
38,D3,118126,193,100
46,A#3,118319,193,100
34,A#2,118319,194,100
38,D3,118513,193,100
46,A#3,118706,193,100
34,A#2,118706,194,100
46,A#3,118900,193,100
38,D3,119093,193,100
24,C2,119093,193,100
36,C3,119286,194,100
41,F3,119286,193,100
48,C4,119479,193,100
36,C3,119479,194,100
41,F3,119673,193,100
48,C4,119866,194,100
36,C3,119866,193,100
41,F3,120059,193,100
48,C4,120252,194,100
36,C3,120252,193,100
48,C4,120445,193,100
41,F3,120638,194,100
38,D3,120638,193,100
43,G3,120831,193,100
50,D4,121024,194,100
38,D3,121024,193,100
43,G3,121217,193,100
50,D4,121410,194,100
38,D3,121410,194,100
43,G3,121604,193,100
50,D4,121797,193,100
38,D3,121797,194,100
43,G3,121991,193,100
50,D4,122184,193,100
38,D3,122184,193,100
26,D2,122377,194,100
50,D4,122377,193,100
43,G3,122570,193,100
38,D3,122570,194,100
50,D4,122764,193,100
43,G3,122957,193,100
38,D3,122957,194,100
50,D4,123151,193,100
43,G3,123344,193,100
38,D3,123344,194,100
50,D4,123538,580,100
43,G3,124118,580,100