55,G4,0,234,126
62,D5,234,234,126
55,G4,468,234,126
62,D5,702,234,126
63,D#5,936,234,126
62,D5,1170,234,126
55,G4,1404,234,126
62,D5,1638,234,126
55,G4,1872,234,126
62,D5,2106,234,126
55,G4,2340,234,126
62,D5,2574,234,126
63,D#5,2808,234,126
62,D5,3042,234,126
55,G4,3276,234,126
62,D5,3510,234,126
55,G4,3744,234,126
62,D5,3978,234,126
55,G4,4212,234,126
62,D5,4446,234,126
63,D#5,4680,234,126
62,D5,4914,234,126
55,G4,5148,234,126
62,D5,5382,234,126
55,G4,5616,234,126
62,D5,5850,234,126
55,G4,6084,234,126
62,D5,6318,234,126
63,D#5,6552,234,126
62,D5,6786,234,126
55,G4,7020,234,126
62,D5,7254,234,126
55,G4,7488,234,126
62,D5,7722,234,126
55,G4,7956,234,126
62,D5,8190,234,126
63,D#5,8424,234,126
62,D5,8658,234,126
55,G4,8892,234,126
62,D5,9126,234,126
55,G4,9360,234,126
62,D5,9594,234,126
55,G4,9828,234,126
62,D5,10062,234,126
63,D#5,10296,234,126
62,D5,10530,234,126
55,G4,10764,234,126
62,D5,10998,234,126
55,G4,11232,234,126
62,D5,11466,234,126
55,G4,11700,234,126
62,D5,11934,234,126
63,D#5,12168,234,126
62,D5,12402,234,126
55,G4,12636,234,126
62,D5,12870,234,126
55,G4,13104,234,126
62,D5,13338,234,126
55,G4,13572,234,126
62,D5,13806,234,126
63,D#5,14040,234,126
62,D5,14274,234,126
55,G4,14508,234,126
62,D5,14742,234,126
55,G4,14976,234,126
62,D5,15210,234,126
55,G4,15444,234,126
62,D5,15678,234,126
63,D#5,15912,234,126
62,D5,16146,234,126
55,G4,16380,234,126
62,D5,16614,234,126
55,G4,16848,234,126
62,D5,17082,234,126
55,G4,17316,234,126
62,D5,17550,234,126
63,D#5,17784,234,126
62,D5,18018,234,126
55,G4,18252,234,126
62,D5,18486,234,126
46,A#3,18720,234,126
58,A#4,18954,234,126
50,D4,18954,234,126
58,A#4,18954,234,126
50,D4,19188,234,126
46,A#3,19188,234,126
58,A#4,19188,234,126
50,D4,19422,234,126
46,A#3,19422,234,126
58,A#4,19422,234,126
50,D4,19656,234,126
46,A#3,19656,234,126
58,A#4,19656,234,126
50,D4,19890,234,126
46,A#3,19890,234,126
58,A#4,19890,234,126
50,D4,20124,234,126
46,A#3,20124,234,126
57,A4,20124,234,126
50,D4,20358,234,126
45,A3,20358,234,126
57,A4,20358,234,126
50,D4,20592,234,126
45,A3,20592,234,126
58,A#4,20592,234,126
50,D4,20826,234,126
46,A#3,20826,234,126
58,A#4,20826,234,126
50,D4,21060,234,126
46,A#3,21060,234,126
58,A#4,21060,234,126
50,D4,21294,234,126
46,A#3,21294,234,126
58,A#4,21294,234,126
50,D4,21528,234,126
46,A#3,21528,234,126
58,A#4,21528,234,126
50,D4,21762,234,126
46,A#3,21762,234,126
58,A#4,21762,234,126
50,D4,21996,234,126
46,A#3,21996,234,126
60,C5,21996,234,126
48,C4,22230,234,126
60,C5,22230,234,126
48,C4,22464,234,126
57,A4,22464,234,126
48,C4,22698,234,126
45,A3,22698,234,126
57,A4,22698,234,126
48,C4,22932,234,126
45,A3,22932,234,126
57,A4,22932,234,126
48,C4,23166,234,126
45,A3,23166,234,126
57,A4,23166,234,126
48,C4,23400,234,126
45,A3,23400,234,126
57,A4,23400,234,126
48,C4,23634,234,126
45,A3,23634,234,126
57,A4,23634,234,126
48,C4,23868,234,126
45,A3,23868,234,126
45,A3,23868,234,126
57,A4,24102,234,126
48,C4,24102,234,126
57,A4,24102,234,126
48,C4,24336,234,126
45,A3,24336,234,126
55,G4,24336,234,126
48,C4,24570,234,126
43,G3,24570,234,126
55,G4,24570,234,126
48,C4,24804,234,126
43,G3,24804,234,126
55,G4,24804,234,126
48,C4,25038,234,126
43,G3,25038,234,126
55,G4,25038,234,126
48,C4,25272,234,126
43,G3,25272,234,126
55,G4,25272,234,126
48,C4,25506,234,126
43,G3,25506,234,126
55,G4,25506,234,126
48,C4,25740,234,126
43,G3,25740,234,126
57,A4,25740,234,126
48,C4,25974,234,126
45,A3,25974,234,126
57,A4,25974,234,126
48,C4,26208,234,126
45,A3,26208,234,126
58,A#4,26208,234,126
50,D4,26442,234,126
46,A#3,26442,234,126
58,A#4,26442,234,126
50,D4,26676,234,126
46,A#3,26676,234,126
58,A#4,26676,234,126
50,D4,26910,234,126
46,A#3,26910,234,126
58,A#4,26910,234,126
50,D4,27144,234,126
46,A#3,27144,234,126
58,A#4,27144,234,126
50,D4,27378,234,126
46,A#3,27378,234,126
58,A#4,27378,234,126
50,D4,27612,234,126
46,A#3,27612,234,126
57,A4,27612,234,126
50,D4,27846,234,126
45,A3,27846,234,126
57,A4,27846,234,126
50,D4,28080,234,126
45,A3,28080,234,126
58,A#4,28080,234,126
50,D4,28314,234,126
46,A#3,28314,234,126
58,A#4,28314,234,126
50,D4,28548,234,126
46,A#3,28548,234,126
58,A#4,28548,234,126
50,D4,28782,234,126
46,A#3,28782,234,126
50,D4,28782,234,126
46,A#3,29016,234,126
58,A#4,29016,234,126
58,A#4,29016,234,126
50,D4,29250,234,126
46,A#3,29250,234,126
58,A#4,29250,234,126
50,D4,29484,234,126
46,A#3,29484,234,126
60,C5,29484,234,126
48,C4,29718,234,126
60,C5,29718,234,126
48,C4,29952,234,126
57,A4,29952,234,126
48,C4,30186,234,126
45,A3,30186,234,126
57,A4,30186,234,126
48,C4,30420,234,126
45,A3,30420,234,126
57,A4,30420,234,126
48,C4,30654,234,126
45,A3,30654,234,126
57,A4,30654,234,126
48,C4,30888,234,126
45,A3,30888,234,126
57,A4,30888,234,126
48,C4,31122,234,126
45,A3,31122,234,126
57,A4,31122,234,126
48,C4,31356,234,126
45,A3,31356,234,126
57,A4,31356,234,126
48,C4,31590,234,126
45,A3,31590,234,126
57,A4,31590,234,126
48,C4,31824,234,126
45,A3,31824,234,126
55,G4,31824,234,126
48,C4,32058,234,126
43,G3,32058,234,126
55,G4,32058,234,126
48,C4,32292,234,126
43,G3,32292,234,126
55,G4,32292,234,126
48,C4,32526,234,126
43,G3,32526,234,126
55,G4,32526,234,126
48,C4,32760,234,126
43,G3,32760,234,126
55,G4,32760,234,126
48,C4,32994,234,126
43,G3,32994,234,126
55,G4,32994,234,126
48,C4,33228,234,126
43,G3,33228,234,126
57,A4,33228,234,126
48,C4,33462,234,126
45,A3,33462,234,126
57,A4,33462,234,126
48,C4,33696,234,126
45,A3,33696,234,126
55,G4,33696,234,126
62,D5,33930,234,126
55,G4,34164,234,126
62,D5,34398,234,126
63,D#5,34632,234,126
62,D5,34866,234,126
55,G4,35100,234,126
62,D5,35334,234,126
55,G4,35568,234,126
62,D5,35802,234,126
58,A#4,36036,421,126
58,A#4,36503,421,126
57,A4,36970,421,126
58,A#4,37437,1171,126
55,G4,38608,1171,126
55,G4,38608,234,126
57,A4,38842,234,126
58,A#4,39076,1406,126
55,G4,40482,1406,126
55,G4,40482,234,126
57,A4,40716,234,126
58,A#4,40950,468,126
55,G4,41418,468,126
55,G4,41418,468,126
55,G4,41886,703,126
48,C4,42589,703,126
53,F4,42589,421,126
52,E4,43056,468,126
48,C4,43524,468,126
43,G3,43524,468,126
58,A#4,43524,421,126
58,A#4,43991,421,126
57,A4,44458,421,126
58,A#4,44925,1171,126
55,G4,46096,1171,126
50,D4,46096,1171,126
55,G4,46096,234,126
57,A4,46330,234,126
58,A#4,46564,1406,126
55,G4,47970,1406,126
55,G4,47970,234,126
57,A4,48204,234,126
58,A#4,48438,468,126
55,G4,48906,468,126
55,G4,48906,421,126
55,G4,49373,703,126
48,C4,50076,703,126
53,F4,50076,421,126
52,E4,50543,468,126
48,C4,51011,468,126
43,G3,51011,468,126
55,G4,51011,468,126
62,D5,51479,468,126
55,G4,51479,468,126
62,D5,51947,468,126
53,F4,51947,468,126
60,C5,52415,468,126
58,A#4,52415,468,126
55,G4,52883,468,126
53,F4,52883,468,126
43,G3,52883,234,126
43,G3,53117,468,126
51,D#4,53585,468,126
43,G3,53585,234,126
51,D#4,53819,234,126
43,G3,54053,234,126
43,G3,54053,234,126
48,C4,54287,937,126
60,C5,55224,937,126
50,D4,55224,937,126
62,D5,56161,937,126
60,C5,56161,468,126
53,F4,56629,468,126
48,C4,56629,468,126
45,A3,56629,234,126
53,F4,56863,468,126
48,C4,57331,468,126
45,A3,57331,234,126
53,F4,57565,234,126
48,C4,57799,234,126
53,F4,57799,234,126
48,C4,58033,234,126
55,G4,58033,937,126
67,G5,58970,937,126
65,F5,58970,937,126
53,F4,59907,937,126
58,A#4,59907,468,126
55,G4,60375,468,126
67,G5,60375,468,126
46,A#3,60375,1171,126
43,G3,61546,1171,126
58,A#4,61546,234,126
58,A#4,61780,468,126
53,F4,62248,468,126
65,F5,62248,468,126
58,A#4,62248,468,126
53,F4,62716,468,126
63,D#5,62716,468,126
58,A#4,62716,468,126
53,F4,63184,468,126
62,D5,63184,468,126
50,D4,63184,468,126
46,A#3,63652,468,126
53,F4,63652,468,126
48,C4,64120,468,126
45,A3,64120,468,126
60,C5,64120,468,126
57,A4,64588,468,126
65,F5,64588,468,126
60,C5,64588,468,126
57,A4,65056,468,126
65,F5,65056,468,126
57,A4,65056,468,126
62,D5,65524,468,126
60,C5,65524,937,126
55,G4,66461,937,126
67,G5,66461,937,126
60,C5,66461,937,126
55,G4,67398,937,126
65,F5,67398,937,126
58,A#4,67398,468,126
55,G4,67866,468,126
67,G5,67866,468,126
55,G4,67866,1171,126
46,A#3,69037,1171,126
43,G3,69037,1171,126
58,A#4,69037,234,126
58,A#4,69271,468,126
53,F4,69739,468,126
65,F5,69739,468,126
58,A#4,69739,468,126
53,F4,70207,468,126
63,D#5,70207,468,126
58,A#4,70207,468,126
53,F4,70675,468,126
62,D5,70675,468,126
50,D4,70675,468,126
46,A#3,71143,468,126
53,F4,71143,468,126
48,C4,71611,468,126
45,A3,71611,468,126
60,C5,71611,468,126
57,A4,72079,468,126
65,F5,72079,468,126
60,C5,72079,468,126
57,A4,72547,468,126
65,F5,72547,468,126
57,A4,72547,468,126
62,D5,73015,468,126
60,C5,73015,937,126
55,G4,73952,937,126
67,G5,73952,937,126
60,C5,73952,937,126
55,G4,74889,937,126
65,F5,74889,937,126
58,A#4,74889,468,126
55,G4,75357,468,126
67,G5,75357,468,126
58,A#4,75357,703,126
55,G4,76060,703,126
67,G5,76060,703,126
55,G4,76060,234,126
57,A4,76294,234,126
58,A#4,76528,1406,126
55,G4,77934,234,126
57,A4,78168,234,126
58,A#4,78402,210,126
55,G4,78869,421,126
55,G4,79336,703,126
48,C4,80039,703,126
53,F4,80039,421,126
52,E4,80506,468,126
48,C4,80974,468,126
43,G3,80974,468,126
58,A#4,80974,421,126
58,A#4,81441,421,126
57,A4,81908,421,126
58,A#4,82375,1171,126
55,G4,83546,1171,126
50,D4,83546,1171,126
55,G4,83546,234,126
57,A4,83780,234,126
58,A#4,84014,234,126
55,G4,84248,234,126
58,A#4,84248,1171,126
55,G4,85419,234,126
57,A4,85653,234,126
58,A#4,85887,468,126
55,G4,86355,468,126
55,G4,86355,421,126
55,G4,86822,703,126
48,C4,87525,703,126
53,F4,87525,421,126
52,E4,87992,468,126
48,C4,88460,468,126
43,G3,88460,468,126
62,D5,88460,468,126
55,G4,88928,468,126
55,G4,88928,468,126
62,D5,89396,468,126
53,F4,89396,468,126
60,C5,89864,468,126
58,A#4,89864,468,126
55,G4,90332,468,126
53,F4,90332,468,126
43,G3,90332,234,126
43,G3,90566,468,126
51,D#4,91034,468,126
43,G3,91034,234,126
51,D#4,91268,234,126
43,G3,91502,234,126
43,G3,91502,234,126
48,C4,91736,937,126
60,C5,92673,937,126
50,D4,92673,937,126
62,D5,93610,937,126
60,C5,93610,468,126
53,F4,94078,468,126
48,C4,94078,468,126
45,A3,94078,234,126
53,F4,94312,468,126
48,C4,94780,468,126
45,A3,94780,234,126
53,F4,95014,234,126
48,C4,95248,234,126
53,F4,95248,234,126
48,C4,95482,234,126
55,G4,95482,937,126
67,G5,96419,937,126
65,F5,96419,937,126
53,F4,97356,937,126
58,A#4,97356,468,126
55,G4,97824,468,126
67,G5,97824,468,126
46,A#3,97824,1171,126
43,G3,98995,1171,126
58,A#4,98995,234,126
58,A#4,99229,468,126
53,F4,99697,468,126
65,F5,99697,468,126
58,A#4,99697,468,126
53,F4,100165,468,126
63,D#5,100165,468,126
58,A#4,100165,468,126
53,F4,100633,468,126
62,D5,100633,468,126
50,D4,100633,468,126
46,A#3,101101,468,126
53,F4,101101,468,126
48,C4,101569,468,126
45,A3,101569,468,126
60,C5,101569,468,126
57,A4,102037,468,126
65,F5,102037,468,126
60,C5,102037,468,126
57,A4,102505,468,126
65,F5,102505,468,126
57,A4,102505,468,126
62,D5,102973,468,126
55,G4,102973,937,126
67,G5,103910,937,126
60,C5,103910,937,126
60,C5,103910,937,126
55,G4,104847,937,126
65,F5,104847,937,126
58,A#4,104847,468,126
55,G4,105315,468,126
67,G5,105315,468,126
55,G4,105315,1171,126
46,A#3,106486,1171,126
43,G3,106486,1171,126
58,A#4,106486,234,126
58,A#4,106720,468,126
53,F4,107188,468,126
65,F5,107188,468,126
58,A#4,107188,468,126
53,F4,107656,468,126
63,D#5,107656,468,126
58,A#4,107656,468,126
53,F4,108124,468,126
62,D5,108124,468,126
50,D4,108124,468,126
46,A#3,108592,468,126
53,F4,108592,468,126
48,C4,109060,468,126
45,A3,109060,468,126
60,C5,109060,468,126
57,A4,109528,468,126
65,F5,109528,468,126
60,C5,109528,468,126
57,A4,109996,468,126
65,F5,109996,468,126
62,D5,109996,468,126
57,A4,110464,468,126
60,C5,110464,937,126
55,G4,111401,937,126
67,G5,111401,937,126
53,F4,111401,937,126
45,A3,112338,937,126
51,D#4,112338,234,126
46,A#3,112572,234,126
43,G3,112572,234,126
43,G3,112572,234,126
46,A#3,112806,234,126
43,G3,113040,234,126
51,D#4,113040,234,126
53,F4,113274,234,126
48,C4,113508,234,126
45,A3,113508,234,126
53,F4,113508,703,126
48,C4,114211,703,126
45,A3,114211,703,126
58,A#4,114211,234,126
50,D4,114445,234,126
46,A#3,114445,234,126
58,A#4,114445,234,126
50,D4,114679,234,126
46,A#3,114679,234,126
58,A#4,114679,234,126
50,D4,114913,234,126
46,A#3,114913,234,126
58,A#4,114913,234,126
50,D4,115147,234,126
46,A#3,115147,234,126
46,A#3,115147,234,126
58,A#4,115381,234,126
50,D4,115381,234,126
58,A#4,115381,234,126
50,D4,115615,234,126
46,A#3,115615,234,126
57,A4,115615,234,126
50,D4,115849,234,126
45,A3,115849,234,126
57,A4,115849,234,126
50,D4,116083,234,126
45,A3,116083,234,126
58,A#4,116083,234,126
50,D4,116317,234,126
46,A#3,116317,234,126
58,A#4,116317,234,126
50,D4,116551,234,126
46,A#3,116551,234,126
58,A#4,116551,234,126
50,D4,116785,234,126
46,A#3,116785,234,126
58,A#4,116785,234,126
50,D4,117019,234,126
46,A#3,117019,234,126
58,A#4,117019,234,126
50,D4,117253,234,126
46,A#3,117253,234,126
58,A#4,117253,234,126
50,D4,117487,234,126
46,A#3,117487,234,126
60,C5,117487,234,126
48,C4,117721,234,126
48,C4,117721,234,126
60,C5,117955,234,126
57,A4,117955,234,126
48,C4,118189,234,126
45,A3,118189,234,126
57,A4,118189,234,126
48,C4,118423,234,126
45,A3,118423,234,126
57,A4,118423,234,126
48,C4,118657,234,126
45,A3,118657,234,126
57,A4,118657,234,126
48,C4,118891,234,126
45,A3,118891,234,126
57,A4,118891,234,126
48,C4,119125,234,126
45,A3,119125,234,126
57,A4,119125,234,126
48,C4,119359,234,126
45,A3,119359,234,126
57,A4,119359,234,126
48,C4,119593,234,126
45,A3,119593,234,126
57,A4,119593,234,126
48,C4,119827,234,126
45,A3,119827,234,126
55,G4,119827,234,126
48,C4,120061,234,126
43,G3,120061,234,126
55,G4,120061,234,126
48,C4,120295,234,126
43,G3,120295,234,126
43,G3,120295,234,126
55,G4,120529,234,126
48,C4,120529,234,126
55,G4,120529,234,126
48,C4,120763,234,126
43,G3,120763,234,126
55,G4,120763,234,126
48,C4,120997,234,126
43,G3,120997,234,126
55,G4,120997,234,126
48,C4,121231,234,126
43,G3,121231,234,126
57,A4,121231,234,126
48,C4,121465,234,126
45,A3,121465,234,126
57,A4,121465,234,126
48,C4,121699,234,126
45,A3,121699,234,126
58,A#4,121699,234,126
50,D4,121933,234,126
46,A#3,121933,234,126
58,A#4,121933,234,126
50,D4,122167,234,126
46,A#3,122167,234,126
58,A#4,122167,234,126
50,D4,122401,234,126
46,A#3,122401,234,126
58,A#4,122401,234,126
50,D4,122635,234,126
46,A#3,122635,234,126
58,A#4,122635,234,126
50,D4,122869,234,126
46,A#3,122869,234,126
58,A#4,122869,234,126
50,D4,123103,234,126
46,A#3,123103,234,126
57,A4,123103,234,126
50,D4,123337,234,126
45,A3,123337,234,126
57,A4,123337,234,126
50,D4,123571,234,126
45,A3,123571,234,126
58,A#4,123571,234,126
50,D4,123805,234,126
46,A#3,123805,234,126
58,A#4,123805,234,126
50,D4,124039,234,126
46,A#3,124039,234,126
58,A#4,124039,234,126
50,D4,124273,234,126
46,A#3,124273,234,126
58,A#4,124273,234,126
50,D4,124507,234,126
46,A#3,124507,234,126
58,A#4,124507,234,126
50,D4,124741,234,126
46,A#3,124741,234,126
58,A#4,124741,234,126
50,D4,124975,234,126
46,A#3,124975,234,126
60,C5,124975,234,126
48,C4,125209,234,126
60,C5,125209,234,126
48,C4,125443,234,126
45,A3,125443,234,126
57,A4,125677,234,126
48,C4,125677,234,126
57,A4,125677,234,126
48,C4,125911,234,126
45,A3,125911,234,126
57,A4,125911,234,126
48,C4,126145,234,126
45,A3,126145,234,126
57,A4,126145,234,126
48,C4,126379,234,126
45,A3,126379,234,126
57,A4,126379,234,126
48,C4,126613,234,126
45,A3,126613,234,126
57,A4,126613,234,126
48,C4,126847,234,126
45,A3,126847,234,126
57,A4,126847,234,126
48,C4,127081,234,126
45,A3,127081,234,126
57,A4,127081,234,126
48,C4,127315,234,126
45,A3,127315,234,126
55,G4,127315,234,126
48,C4,127549,234,126
43,G3,127549,234,126
55,G4,127549,234,126
48,C4,127783,234,126
43,G3,127783,234,126
55,G4,127783,234,126
48,C4,128017,234,126
43,G3,128017,234,126
55,G4,128017,234,126
48,C4,128251,234,126
43,G3,128251,234,126
58,A#4,128251,234,126
46,A#3,128485,234,126
58,A#4,128485,234,126
46,A#3,128719,234,126
58,A#4,128719,234,126
55,G4,128953,234,126
58,A#4,128953,234,126
55,G4,129187,234,126
58,A#4,129187,937,126
55,G4,130124,937,126
67,G5,130124,937,126
60,C5,130124,937,126
53,F4,131061,937,126
65,F5,131061,937,126
62,D5,131061,1640,126
58,A#4,132701,1640,126
55,G4,132701,1640,126
67,G5,132701,1640,126
58,A#4,132701,234,126
62,D5,132935,234,126
58,A#4,132935,468,126
65,F5,133403,468,126
58,A#4,133403,468,126
63,D#5,133871,468,126
58,A#4,133871,1406,126
62,D5,135277,1406,126
57,A4,135277,468,126
65,F5,135745,468,126
65,F5,135745,468,126
57,A4,136213,468,126
57,A4,136213,468,126
62,D5,136681,468,126
58,A#4,136681,937,126
55,G4,137618,937,126
67,G5,137618,937,126
57,A4,137618,937,126
53,F4,138555,937,126
65,F5,138555,937,126
62,D5,138555,1640,126
58,A#4,140195,1640,126
55,G4,140195,1640,126
67,G5,140195,1640,126
58,A#4,140195,234,126
62,D5,140429,234,126
58,A#4,140429,468,126
65,F5,140897,468,126
58,A#4,140897,468,126
63,D#5,141365,468,126
58,A#4,141365,1406,126
62,D5,142771,1406,126
57,A4,142771,468,126
65,F5,143239,468,126
57,A4,143239,468,126
65,F5,143707,468,126
57,A4,143707,468,126
62,D5,144175,468,126
60,C5,144175,1875,126
55,G4,146050,1875,126
67,G5,146050,1875,126
55,G4,146050,1875,126
65,F5,147925,1875,126
58,A#4,147925,1875,126
58,A#4,147925,468,126
55,G4,148393,468,126
67,G5,148393,468,126
55,G4,148393,1171,126
46,A#3,149564,1171,126
43,G3,149564,1171,126
58,A#4,149564,234,126
58,A#4,149798,468,126
53,F4,150266,468,126
65,F5,150266,468,126
58,A#4,150266,468,126
53,F4,150734,468,126
63,D#5,150734,468,126
58,A#4,150734,468,126
53,F4,151202,468,126
62,D5,151202,468,126
50,D4,151202,468,126
46,A#3,151670,468,126
53,F4,151670,468,126
48,C4,152138,468,126
45,A3,152138,468,126
60,C5,152138,468,126
57,A4,152606,468,126
65,F5,152606,468,126
60,C5,152606,468,126
57,A4,153074,468,126
65,F5,153074,468,126
57,A4,153074,468,126
62,D5,153542,468,126
55,G4,153542,937,126
67,G5,154479,937,126
60,C5,154479,937,126
60,C5,154479,937,126
55,G4,155416,937,126
65,F5,155416,937,126
58,A#4,155416,468,126
55,G4,155884,468,126
67,G5,155884,468,126
55,G4,155884,1171,126
46,A#3,157055,1171,126
43,G3,157055,1171,126
58,A#4,157055,234,126
58,A#4,157289,468,126
53,F4,157757,468,126
65,F5,157757,468,126
58,A#4,157757,468,126
53,F4,158225,468,126
63,D#5,158225,468,126
58,A#4,158225,468,126
53,F4,158693,468,126
62,D5,158693,468,126
50,D4,158693,468,126
46,A#3,159161,468,126
53,F4,159161,468,126
48,C4,159629,468,126
45,A3,159629,468,126
60,C5,159629,468,126
57,A4,160097,468,126
65,F5,160097,468,126
60,C5,160097,468,126
57,A4,160565,468,126
65,F5,160565,468,126
62,D5,160565,468,126
57,A4,161033,468,126
60,C5,161033,937,126
55,G4,161970,937,126
67,G5,161970,937,126
60,C5,161970,937,126
55,G4,162907,937,126
65,F5,162907,937,126
58,A#4,162907,234,126
67,G5,163141,234,126
55,G4,163141,234,126
58,A#4,163375,234,126
62,D5,163609,234,126
55,G4,163609,234,126
58,A#4,163843,234,126
62,D5,164077,234,126
55,G4,164077,234,126
60,C5,164311,234,126
55,G4,164545,234,126
62,D5,164779,234,126
58,A#4,165013,234,126
50,D4,165013,234,126
62,D5,165247,234,126
58,A#4,165481,234,126
50,D4,165481,234,126
62,D5,165715,234,126
58,A#4,165949,234,126
53,F4,165949,234,126
63,D#5,166183,234,126
58,A#4,166417,234,126
53,F4,166417,234,126
60,C5,166651,234,126
57,A4,166885,234,126
48,C4,166885,234,126
57,A4,167119,234,126
53,F4,167353,234,126
48,C4,167353,234,126
60,C5,167587,234,126
53,F4,167821,234,126
48,C4,167821,234,126
58,A#4,168055,234,126
53,F4,168289,234,126
48,C4,168289,234,126
60,C5,168523,234,126
52,E4,168757,234,126
48,C4,168757,234,126
60,C5,168991,234,126
52,E4,169225,234,126
48,C4,169225,234,126
60,C5,169459,234,126
53,F4,169693,234,126
52,E4,169693,234,126
62,D5,169927,234,126
55,G4,170161,234,126
52,E4,170161,234,126
58,A#4,170395,234,126
55,G4,170629,234,126
50,D4,170629,234,126
58,A#4,170863,234,126
55,G4,171097,234,126
50,D4,171097,234,126
62,D5,171331,234,126
58,A#4,171565,234,126
50,D4,171565,234,126
60,C5,171799,234,126
50,D4,172033,234,126
62,D5,172267,234,126
58,A#4,172501,234,126
53,F4,172501,234,126
50,D4,172501,234,126
62,D5,172735,234,126
58,A#4,172969,234,126
53,F4,172969,234,126
50,D4,172969,234,126
62,D5,173203,234,126
58,A#4,173437,234,126
53,F4,173437,234,126
63,D#5,173671,234,126
58,A#4,173905,234,126
53,F4,173905,234,126
53,F4,174139,468,126
48,C4,174607,468,126
45,A3,174607,468,126
60,C5,174607,468,126
57,A4,175075,468,126
65,F5,175075,468,126
60,C5,175075,468,126
57,A4,175543,468,126
65,F5,175543,468,126
57,A4,175543,468,126
62,D5,176011,468,126
60,C5,176011,937,126
55,G4,176948,937,126
67,G5,176948,937,126
60,C5,176948,937,126
55,G4,177885,937,126
65,F5,177885,937,126
58,A#4,177885,234,126
67,G5,178119,234,126
55,G4,178119,234,126
62,D5,178353,234,126
55,G4,178587,234,126
63,D#5,178821,234,126
62,D5,179055,234,126
55,G4,179289,234,126
62,D5,179523,234,126
55,G4,179757,234,126
62,D5,179991,234,126
55,G4,180225,234,126
62,D5,180459,234,126
63,D#5,180693,234,126
62,D5,180927,234,126
55,G4,181161,234,126
62,D5,181395,210,126
--end--
31,G2,3750,1875,126
43,G3,5625,1875,126
34,A#2,5625,1875,126
46,A#3,7500,1875,126
41,F3,7500,1875,126
53,F4,9375,1875,126
36,C3,9375,1875,126
48,C4,11250,1875,126
31,G2,11250,1875,126
43,G3,13125,1875,126
34,A#2,13125,1875,126
46,A#3,15000,1875,126
41,F3,15000,1875,126
53,F4,16875,1875,126
36,C3,16875,937,126
48,C4,17812,937,126
36,C3,17812,468,126
48,C4,18280,468,126
36,C3,18280,234,126
48,C4,18514,234,126
31,G2,18748,234,126
43,G3,18982,234,126
31,G2,18982,234,126
43,G3,19216,234,126
31,G2,19216,234,126
43,G3,19450,234,126
31,G2,19450,234,126
43,G3,19684,234,126
31,G2,19684,234,126
43,G3,19918,234,126
31,G2,19918,234,126
43,G3,20152,234,126
31,G2,20152,234,126
43,G3,20386,234,126
31,G2,20386,234,126
43,G3,20620,234,126
34,A#2,20620,234,126
46,A#3,20854,234,126
34,A#2,20854,234,126
46,A#3,21088,234,126
34,A#2,21088,234,126
46,A#3,21322,234,126
34,A#2,21322,234,126
46,A#3,21556,234,126
34,A#2,21556,234,126
46,A#3,21790,234,126
34,A#2,21790,234,126
46,A#3,22024,234,126
34,A#2,22024,234,126
46,A#3,22258,234,126
34,A#2,22258,234,126
46,A#3,22492,234,126
29,F2,22492,234,126
17,F1,22726,234,126
29,F2,22726,234,126
17,F1,22960,234,126
29,F2,22960,234,126
17,F1,23194,234,126
29,F2,23194,234,126
17,F1,23428,234,126
41,F3,23428,234,126
29,F2,23662,234,126
41,F3,23662,234,126
29,F2,23896,234,126
41,F3,23896,234,126
29,F2,24130,234,126
41,F3,24130,234,126
29,F2,24364,234,126
36,C3,24364,234,126
24,C2,24598,234,126
36,C3,24598,234,126
24,C2,24832,234,126
36,C3,24832,234,126
24,C2,25066,234,126
36,C3,25066,234,126
24,C2,25300,234,126
36,C3,25300,234,126
24,C2,25534,234,126
36,C3,25534,234,126
24,C2,25768,234,126
36,C3,25768,234,126
24,C2,26002,234,126
36,C3,26002,234,126
24,C2,26236,234,126
31,G2,26236,234,126
43,G3,26470,234,126
31,G2,26470,234,126
43,G3,26704,234,126
31,G2,26704,234,126
43,G3,26938,234,126
31,G2,26938,234,126
43,G3,27172,234,126
31,G2,27172,234,126
43,G3,27406,234,126
31,G2,27406,234,126
43,G3,27640,234,126
31,G2,27640,234,126
43,G3,27874,234,126
31,G2,27874,234,126
43,G3,28108,234,126
34,A#2,28108,234,126
46,A#3,28342,234,126
34,A#2,28342,234,126
46,A#3,28576,234,126
34,A#2,28576,234,126
46,A#3,28810,234,126
34,A#2,28810,234,126
46,A#3,29044,234,126
34,A#2,29044,234,126
46,A#3,29278,234,126
34,A#2,29278,234,126
46,A#3,29512,234,126
34,A#2,29512,234,126
46,A#3,29746,234,126
34,A#2,29746,234,126
46,A#3,29980,234,126
29,F2,29980,234,126
17,F1,30214,234,126
29,F2,30214,234,126
17,F1,30448,234,126
29,F2,30448,234,126
17,F1,30682,234,126
29,F2,30682,234,126
17,F1,30916,234,126
41,F3,30916,234,126
29,F2,31150,234,126
41,F3,31150,234,126
29,F2,31384,234,126
41,F3,31384,234,126
29,F2,31618,234,126
41,F3,31618,234,126
29,F2,31852,234,126
36,C3,31852,234,126
24,C2,32086,234,126
36,C3,32086,234,126
24,C2,32320,234,126
36,C3,32320,234,126
24,C2,32554,234,126
36,C3,32554,234,126
24,C2,32788,234,126
36,C3,32788,234,126
24,C2,33022,234,126
36,C3,33022,234,126
24,C2,33256,234,126
36,C3,33256,234,126
24,C2,33490,234,126
36,C3,33490,234,126
24,C2,33724,234,126
31,G2,33724,234,126
31,G2,33958,234,126
31,G2,34192,234,126
31,G2,34426,234,126
31,G2,34660,234,126
31,G2,34894,234,126
31,G2,35128,234,126
31,G2,35362,234,126
19,G1,35596,1687,126
31,G2,37470,468,126
19,G1,37938,468,126
43,G3,37938,234,126
46,A#3,38172,234,126
38,D3,38172,468,126
31,G2,38640,468,126
43,G3,38640,234,126
38,D3,38874,468,126
31,G2,39342,468,126
34,A#2,39342,468,126
22,A#1,39810,468,126
41,F3,39810,234,126
46,A#3,40044,234,126
34,A#2,40044,468,126
41,F3,40512,468,126
41,F3,40512,234,126
34,A#2,40746,234,126
41,F3,40980,234,126
29,F2,41214,703,126
41,F3,41917,703,126
29,F2,41917,468,126
41,F3,42385,468,126
29,F2,42385,234,126
41,F3,42619,234,126
36,C3,42853,937,126
24,C2,43790,937,126
36,C3,43790,468,126
24,C2,44258,468,126
36,C3,44258,234,126
24,C2,44492,421,126
31,G2,44959,468,126
19,G1,45427,468,126
43,G3,45427,234,126
46,A#3,45661,234,126
38,D3,45661,468,126
31,G2,46129,468,126
43,G3,46129,234,126
38,D3,46363,468,126
31,G2,46831,468,126
34,A#2,46831,468,126
22,A#1,47299,468,126
41,F3,47299,234,126
46,A#3,47533,234,126
34,A#2,47533,468,126
41,F3,48001,468,126
41,F3,48001,234,126
34,A#2,48235,234,126
41,F3,48469,234,126
29,F2,48703,703,126
41,F3,49406,703,126
29,F2,49406,468,126
41,F3,49874,468,126
29,F2,49874,234,126
41,F3,50108,234,126
36,C3,50342,234,126
24,C2,50576,234,126
36,C3,50576,234,126
24,C2,50810,234,126
36,C3,50810,468,126
36,C3,51278,234,126
24,C2,51512,234,126
36,C3,51512,234,126
24,C2,51746,234,126
36,C3,51980,421,126
27,D#2,52447,703,126
39,D#3,53150,703,126
15,D#1,53150,703,126
27,D#2,53853,703,126
27,D#2,53853,468,126
15,D#1,54321,468,126
27,D#2,54321,234,126
39,D#3,54555,234,126
43,G3,54555,234,126
46,A#3,54789,234,126
51,D#4,55023,234,126
27,D#2,55023,234,126
39,D#3,55257,234,126
27,D#2,55257,234,126
39,D#3,55491,234,126
43,G3,55491,234,126
46,A#3,55725,234,126
51,D#4,55959,234,126
27,D#2,55959,234,126
39,D#3,56193,234,126
29,F2,56193,703,126
41,F3,56896,703,126
29,F2,56896,468,126
41,F3,57364,468,126
29,F2,57364,468,126
41,F3,57832,468,126
29,F2,57832,703,126
41,F3,58535,703,126
29,F2,58535,234,126
41,F3,58769,468,126
29,F2,59237,234,126
41,F3,59471,468,126
31,G2,59939,703,126
43,G3,60642,703,126
31,G2,60642,468,126
19,G1,61110,468,126
19,G1,61110,234,126
31,G2,61344,421,126
34,A#2,61811,703,126
22,A#1,62514,703,126
34,A#2,62514,468,126
41,F3,62982,468,126
34,A#2,62982,234,126
41,F3,63216,234,126
34,A#2,63450,234,126
29,F2,63684,703,126
41,F3,64387,703,126
29,F2,64387,468,126
41,F3,64855,468,126
29,F2,64855,234,126
41,F3,65089,421,126
36,C3,65556,468,126
24,C2,66024,468,126
24,C2,66024,234,126
36,C3,66258,468,126
24,C2,66726,234,126
36,C3,66960,468,126
31,G2,67428,703,126
43,G3,68131,703,126
38,D3,68131,234,126
31,G2,68365,234,126
31,G2,68365,234,126
43,G3,68599,234,126
46,A#3,68833,234,126
38,D3,68833,468,126
31,G2,69301,468,126
34,A#2,69301,703,126
22,A#1,70004,703,126
34,A#2,70004,468,126
41,F3,70472,468,126
34,A#2,70472,234,126
41,F3,70706,234,126
34,A#2,70940,234,126
29,F2,71174,703,126
41,F3,71877,703,126
29,F2,71877,468,126
41,F3,72345,468,126
29,F2,72345,234,126
41,F3,72579,421,126
36,C3,73046,468,126
24,C2,73514,468,126
24,C2,73514,234,126
36,C3,73748,421,126
24,C2,74215,234,126
36,C3,74449,421,126
31,G2,74916,937,126
19,G1,75853,937,126
31,G2,75853,468,126
43,G3,76321,468,126
31,G2,76321,234,126
43,G3,76555,234,126
34,A#2,76789,468,126
22,A#1,77257,468,126
41,F3,77257,234,126
46,A#3,77491,234,126
34,A#2,77491,468,126
41,F3,77959,468,126
41,F3,77959,234,126
34,A#2,78193,234,126
41,F3,78427,234,126
29,F2,78661,468,126
41,F3,79129,468,126
41,F3,79129,234,126
41,F3,79363,234,126
29,F2,79597,234,126
29,F2,79597,234,126
41,F3,79831,421,126
36,C3,80298,937,126
24,C2,81235,937,126
36,C3,81235,468,126
24,C2,81703,468,126
24,C2,81703,234,126
36,C3,81937,421,126
31,G2,82404,468,126
19,G1,82872,468,126
43,G3,82872,234,126
46,A#3,83106,234,126
31,G2,83106,421,126
43,G3,83573,234,126
31,G2,83807,421,126
34,A#2,84274,468,126
22,A#1,84742,468,126
41,F3,84742,234,126
46,A#3,84976,234,126
34,A#2,84976,234,126
41,F3,85210,234,126
22,A#1,85210,234,126
29,F2,85444,234,126
22,A#1,85678,421,126
29,F2,86145,468,126
41,F3,86613,468,126
29,F2,86613,234,126
41,F3,86847,468,126
29,F2,87315,468,126
29,F2,87315,234,126
41,F3,87549,421,126
36,C3,88016,234,126
24,C2,88250,234,126
36,C3,88250,210,126
36,C3,88717,234,126
24,C2,88951,234,126
36,C3,88951,234,126
24,C2,89185,234,126
36,C3,89419,210,126
27,D#2,89886,703,126
39,D#3,90589,703,126
27,D#2,90589,703,126
15,D#1,91292,703,126
27,D#2,91292,468,126
15,D#1,91760,468,126
27,D#2,91760,234,126
39,D#3,91994,234,126
43,G3,91994,234,126
46,A#3,92228,234,126
51,D#4,92462,234,126
27,D#2,92462,234,126
39,D#3,92696,234,126
27,D#2,92696,234,126
39,D#3,92930,234,126
43,G3,92930,234,126
46,A#3,93164,234,126
51,D#4,93398,234,126
27,D#2,93398,234,126
39,D#3,93632,234,126
29,F2,93632,703,126
41,F3,94335,703,126
29,F2,94335,468,126
41,F3,94803,468,126
41,F3,94803,421,126
29,F2,95270,210,126
29,F2,95972,234,126
41,F3,96206,468,126
29,F2,96674,234,126
17,F1,96908,234,126
29,F2,96908,468,126
17,F1,97376,468,126
31,G2,97376,703,126
43,G3,98079,703,126
31,G2,98079,468,126
19,G1,98547,468,126
19,G1,98547,234,126
31,G2,98781,421,126
34,A#2,99248,703,126
22,A#1,99951,703,126
34,A#2,99951,468,126
41,F3,100419,468,126
34,A#2,100419,234,126
41,F3,100653,234,126
34,A#2,100887,234,126
29,F2,101121,703,126
41,F3,101824,703,126
29,F2,101824,468,126
41,F3,102292,468,126
29,F2,102292,234,126
41,F3,102526,421,126
36,C3,102993,468,126
24,C2,103461,468,126
24,C2,103461,234,126
36,C3,103695,421,126
24,C2,104162,234,126
36,C3,104396,421,126
31,G2,104863,703,126
43,G3,105566,703,126
38,D3,105566,234,126
31,G2,105800,234,126
31,G2,105800,234,126
43,G3,106034,234,126
46,A#3,106268,234,126
38,D3,106268,468,126
31,G2,106736,468,126
34,A#2,106736,703,126
22,A#1,107439,703,126
34,A#2,107439,468,126
41,F3,107907,468,126
34,A#2,107907,234,126
41,F3,108141,234,126
34,A#2,108375,234,126
29,F2,108609,703,126
41,F3,109312,703,126
29,F2,109312,468,126
41,F3,109780,468,126
29,F2,109780,234,126
41,F3,110014,421,126
36,C3,110481,234,126
24,C2,110715,234,126
36,C3,110715,234,126
24,C2,110949,234,126
36,C3,110949,234,126
24,C2,111183,234,126
36,C3,111183,234,126
24,C2,111417,234,126
38,D3,111417,234,126
26,D2,111651,234,126
38,D3,111651,234,126
26,D2,111885,234,126
38,D3,111885,234,126
26,D2,112119,234,126
38,D3,112119,234,126
26,D2,112353,234,126
39,D#3,112353,234,126
27,D#2,112587,234,126
39,D#3,112587,234,126
27,D#2,112821,234,126
39,D#3,112821,234,126
27,D#2,113055,234,126
39,D#3,113055,234,126
27,D#2,113289,234,126
41,F3,113289,234,126
29,F2,113523,234,126
41,F3,113523,234,126
29,F2,113757,234,126
41,F3,113757,234,126
29,F2,113991,234,126
41,F3,113991,234,126
29,F2,114225,234,126
31,G2,114225,234,126
43,G3,114459,234,126
31,G2,114459,234,126
43,G3,114693,234,126
31,G2,114693,234,126
43,G3,114927,234,126
31,G2,114927,234,126
43,G3,115161,234,126
31,G2,115161,234,126
43,G3,115395,234,126
31,G2,115395,234,126
43,G3,115629,234,126
31,G2,115629,234,126
43,G3,115863,234,126
31,G2,115863,234,126
43,G3,116097,234,126
34,A#2,116097,234,126
46,A#3,116331,234,126
34,A#2,116331,234,126
46,A#3,116565,234,126
34,A#2,116565,234,126
46,A#3,116799,234,126
34,A#2,116799,234,126
46,A#3,117033,234,126
34,A#2,117033,234,126
46,A#3,117267,234,126
34,A#2,117267,234,126
46,A#3,117501,234,126
34,A#2,117501,234,126
46,A#3,117735,234,126
34,A#2,117735,234,126
46,A#3,117969,234,126
29,F2,117969,234,126
17,F1,118203,234,126
29,F2,118203,234,126
17,F1,118437,234,126
29,F2,118437,234,126
17,F1,118671,234,126
29,F2,118671,234,126
17,F1,118905,234,126
41,F3,118905,234,126
29,F2,119139,234,126
41,F3,119139,234,126
29,F2,119373,234,126
41,F3,119373,234,126
29,F2,119607,234,126
41,F3,119607,234,126
29,F2,119841,234,126
36,C3,119841,234,126
24,C2,120075,234,126
36,C3,120075,234,126
24,C2,120309,234,126
36,C3,120309,234,126
24,C2,120543,234,126
36,C3,120543,234,126
24,C2,120777,234,126
36,C3,120777,234,126
24,C2,121011,234,126
36,C3,121011,234,126
24,C2,121245,234,126
36,C3,121245,234,126
24,C2,121479,234,126
36,C3,121479,234,126
24,C2,121713,234,126
31,G2,121713,234,126
43,G3,121947,234,126
31,G2,121947,234,126
43,G3,122181,234,126
31,G2,122181,234,126
43,G3,122415,234,126
31,G2,122415,234,126
43,G3,122649,234,126
31,G2,122649,234,126
43,G3,122883,234,126
31,G2,122883,234,126
43,G3,123117,234,126
31,G2,123117,234,126
43,G3,123351,234,126
31,G2,123351,234,126
43,G3,123585,234,126
34,A#2,123585,234,126
46,A#3,123819,234,126
34,A#2,123819,234,126
46,A#3,124053,234,126
34,A#2,124053,234,126
46,A#3,124287,234,126
34,A#2,124287,234,126
46,A#3,124521,234,126
34,A#2,124521,234,126
46,A#3,124755,234,126
34,A#2,124755,234,126
46,A#3,124989,234,126
34,A#2,124989,234,126
46,A#3,125223,234,126
34,A#2,125223,234,126
46,A#3,125457,234,126
29,F2,125457,234,126
17,F1,125691,234,126
29,F2,125691,234,126
17,F1,125925,234,126
29,F2,125925,234,126
17,F1,126159,234,126
29,F2,126159,234,126
17,F1,126393,234,126
41,F3,126393,234,126
29,F2,126627,234,126
41,F3,126627,234,126
29,F2,126861,234,126
41,F3,126861,234,126
29,F2,127095,234,126
41,F3,127095,234,126
29,F2,127329,234,126
36,C3,127329,234,126
24,C2,127563,234,126
36,C3,127563,234,126
24,C2,127797,234,126
36,C3,127797,234,126
24,C2,128031,234,126
36,C3,128031,234,126
24,C2,128265,234,126
38,D3,128265,234,126
26,D2,128499,234,126
38,D3,128499,234,126
26,D2,128733,234,126
38,D3,128733,234,126
26,D2,128967,234,126
38,D3,128967,234,126
26,D2,129201,234,126
39,D#3,129201,234,126
27,D#2,129435,234,126
39,D#3,129435,234,126
27,D#2,129669,234,126
39,D#3,129669,234,126
27,D#2,129903,234,126
39,D#3,129903,234,126
27,D#2,130137,234,126
29,F2,130137,234,126
41,F3,130371,234,126
29,F2,130371,234,126
41,F3,130605,234,126
29,F2,130605,234,126
41,F3,130839,234,126
29,F2,130839,234,126
41,F3,131073,234,126
43,G3,131073,234,126
50,D4,131307,234,126
43,G3,131307,234,126
50,D4,131541,234,126
43,G3,131541,234,126
50,D4,131775,234,126
43,G3,131775,234,126
50,D4,132009,234,126
43,G3,132009,234,126
50,D4,132243,234,126
43,G3,132243,234,126
50,D4,132477,234,126
45,A3,132477,234,126
50,D4,132711,234,126
46,A#3,132711,234,126
50,D4,132945,234,126
46,A#3,132945,234,126
50,D4,133179,234,126
46,A#3,133179,234,126
50,D4,133413,234,126
46,A#3,133413,234,126
50,D4,133647,234,126
46,A#3,133647,234,126
50,D4,133881,234,126
46,A#3,133881,234,126
50,D4,134115,234,126
46,A#3,134115,234,126
50,D4,134349,234,126
46,A#3,134349,234,126
50,D4,134583,234,126
46,A#3,134583,234,126
50,D4,134817,234,126
41,F3,134817,234,126
48,C4,135051,234,126
41,F3,135051,234,126
48,C4,135285,234,126
41,F3,135285,234,126
48,C4,135519,234,126
41,F3,135519,234,126
48,C4,135753,234,126
41,F3,135753,234,126
48,C4,135987,234,126
41,F3,135987,234,126
48,C4,136221,234,126
41,F3,136221,234,126
48,C4,136455,234,126
41,F3,136455,234,126
48,C4,136689,234,126
36,C3,136689,234,126
48,C4,136923,234,126
36,C3,136923,234,126
48,C4,137157,234,126
36,C3,137157,234,126
48,C4,137391,234,126
36,C3,137391,234,126
48,C4,137625,234,126
36,C3,137625,234,126
48,C4,137859,234,126
36,C3,137859,234,126
48,C4,138093,234,126
36,C3,138093,234,126
48,C4,138327,234,126
38,D3,138327,234,126
48,C4,138561,234,126
43,G3,138561,234,126
50,D4,138795,234,126
43,G3,138795,234,126
50,D4,139029,234,126
43,G3,139029,234,126
50,D4,139263,234,126
43,G3,139263,234,126
50,D4,139497,234,126
43,G3,139497,234,126
50,D4,139731,234,126
43,G3,139731,234,126
50,D4,139965,234,126
45,A3,139965,234,126
50,D4,140199,234,126
46,A#3,140199,234,126
50,D4,140433,234,126
46,A#3,140433,234,126
50,D4,140667,234,126
46,A#3,140667,234,126
50,D4,140901,234,126
46,A#3,140901,234,126
50,D4,141135,234,126
46,A#3,141135,234,126
50,D4,141369,234,126
46,A#3,141369,234,126
50,D4,141603,234,126
46,A#3,141603,234,126
50,D4,141837,234,126
46,A#3,141837,234,126
50,D4,142071,234,126
46,A#3,142071,234,126
50,D4,142305,234,126
41,F3,142305,234,126
48,C4,142539,234,126
41,F3,142539,234,126
48,C4,142773,234,126
41,F3,142773,234,126
48,C4,143007,234,126
41,F3,143007,234,126
48,C4,143241,234,126
41,F3,143241,234,126
48,C4,143475,234,126
41,F3,143475,234,126
48,C4,143709,234,126
41,F3,143709,234,126
48,C4,143943,234,126
41,F3,143943,234,126
48,C4,144177,234,126
36,C3,144177,234,126
48,C4,144411,234,126
36,C3,144411,234,126
48,C4,144645,234,126
36,C3,144645,234,126
48,C4,144879,234,126
36,C3,144879,234,126
48,C4,145113,234,126
36,C3,145113,234,126
48,C4,145347,234,126
36,C3,145347,234,126
48,C4,145581,234,126
36,C3,145581,468,126
48,C4,146049,468,126
36,C3,146049,234,126
24,C2,146283,234,126
36,C3,146283,234,126
24,C2,146517,234,126
36,C3,146517,234,126
24,C2,146751,234,126
36,C3,146751,234,126
24,C2,146985,234,126
36,C3,146985,234,126
24,C2,147219,234,126
36,C3,147219,234,126
24,C2,147453,234,126
36,C3,147453,468,126
24,C2,147921,468,126
31,G2,147921,703,126
43,G3,148624,703,126
31,G2,148624,468,126
19,G1,149092,468,126
19,G1,149092,234,126
31,G2,149326,421,126
34,A#2,149793,703,126
22,A#1,150496,703,126
34,A#2,150496,468,126
41,F3,150964,468,126
34,A#2,150964,234,126
41,F3,151198,234,126
34,A#2,151432,234,126
29,F2,151666,703,126
41,F3,152369,703,126
29,F2,152369,468,126
41,F3,152837,468,126
29,F2,152837,234,126
41,F3,153071,421,126
36,C3,153538,468,126
24,C2,154006,468,126
24,C2,154006,234,126
36,C3,154240,421,126
24,C2,154707,234,126
36,C3,154941,421,126
31,G2,155408,703,126
43,G3,156111,703,126
38,D3,156111,234,126
31,G2,156345,234,126
31,G2,156345,234,126
43,G3,156579,234,126
46,A#3,156813,234,126
38,D3,156813,468,126
31,G2,157281,468,126
34,A#2,157281,703,126
22,A#1,157984,703,126
34,A#2,157984,468,126
41,F3,158452,468,126
34,A#2,158452,234,126
41,F3,158686,234,126
34,A#2,158920,234,126
29,F2,159154,703,126
41,F3,159857,703,126
29,F2,159857,468,126
41,F3,160325,468,126
29,F2,160325,234,126
41,F3,160559,421,126
36,C3,161026,468,126
24,C2,161494,468,126
24,C2,161494,234,126
36,C3,161728,421,126
24,C2,162195,234,126
36,C3,162429,421,126
31,G2,162896,468,126
19,G1,163364,468,126
43,G3,163364,234,126
46,A#3,163598,234,126
38,D3,163598,468,126
31,G2,164066,468,126
43,G3,164066,234,126
38,D3,164300,468,126
31,G2,164768,468,126
34,A#2,164768,468,126
22,A#1,165236,468,126
41,F3,165236,234,126
46,A#3,165470,234,126
34,A#2,165470,468,126
41,F3,165938,468,126
41,F3,165938,234,126
34,A#2,166172,234,126
41,F3,166406,234,126
29,F2,166640,703,126
41,F3,167343,703,126
29,F2,167343,468,126
41,F3,167811,468,126
29,F2,167811,234,126
41,F3,168045,234,126
36,C3,168279,234,126
24,C2,168513,234,126
24,C2,168513,234,126
36,C3,168747,234,126
36,C3,168747,468,126
36,C3,169215,234,126
24,C2,169449,234,126
36,C3,169449,234,126
24,C2,169683,234,126
36,C3,169917,421,126
31,G2,170384,468,126
19,G1,170852,468,126
43,G3,170852,234,126
46,A#3,171086,234,126
38,D3,171086,468,126
31,G2,171554,468,126
43,G3,171554,234,126
38,D3,171788,468,126
31,G2,172256,468,126
34,A#2,172256,468,126
22,A#1,172724,468,126
41,F3,172724,234,126
46,A#3,172958,234,126
34,A#2,172958,468,126
41,F3,173426,468,126
41,F3,173426,234,126
34,A#2,173660,234,126
41,F3,173894,234,126
29,F2,174128,703,126
41,F3,174831,703,126
41,F3,174831,468,126
29,F2,175299,468,126
29,F2,175299,234,126
41,F3,175533,234,126
36,C3,175767,234,126
24,C2,176001,234,126
36,C3,176001,468,126
24,C2,176469,468,126
24,C2,176469,234,126
36,C3,176703,234,126
36,C3,176937,234,126
24,C2,177171,234,126
36,C3,177171,234,126
24,C2,177405,234,126
36,C3,177405,234,126
24,C2,177639,234,126
31,G2,177873,1687,126
19,G1,179560,1687,126