68,G#5,1249,209,96
70,A#5,1458,208,96
72,C6,1666,417,96
70,A#5,2083,416,96
68,G#5,2499,417,96
67,G5,2916,417,96
65,F5,3333,824,96
60,C5,16666,208,80
63,D#5,16874,209,80
63,D#5,17083,208,80
60,C5,17291,208,80
63,D#5,17499,625,80
60,C5,18124,417,80
63,D#5,18541,417,80
60,C5,18958,208,80
63,D#5,19166,625,80
60,C5,19791,208,80
60,C5,19999,209,80
63,D#5,20208,208,80
63,D#5,20416,208,80
60,C5,20624,209,80
63,D#5,20833,625,80
68,G#5,21458,199,80
68,G#5,21874,417,80
63,D#5,22291,1042,80
60,C5,23333,208,80
63,D#5,23541,417,80
60,C5,23958,208,80
63,D#5,24166,625,80
60,C5,24791,200,80
63,D#5,25208,416,80
60,C5,25624,209,80
63,D#5,25833,833,80
68,G#5,26666,208,80
68,G#5,26874,209,80
68,G#5,27083,208,80
68,G#5,27291,208,80
63,D#5,27499,625,80
68,G#5,28124,200,80
68,G#5,28541,417,80
63,D#5,28958,208,80
63,D#5,29166,408,80
60,C5,30833,208,80
63,D#5,31041,208,80
63,D#5,31249,209,80
60,C5,31458,208,80
63,D#5,31666,417,80
65,F5,32083,416,80
63,D#5,32499,825,80
60,C5,34166,208,80
63,D#5,34374,209,80
63,D#5,34583,208,80
60,C5,34791,208,80
63,D#5,34999,417,80
65,F5,35416,417,80
63,D#5,35833,824,80
53,F4,37708,208,80
56,G#4,37916,208,80
53,F4,38124,209,80
56,G#4,38333,416,80
53,F4,38749,209,80
56,G#4,38958,199,80
58,A#4,39374,200,80
60,C5,39999,417,80
58,A#4,40416,408,80
56,G#4,42916,208,96
58,A#4,43124,209,96
60,C5,43333,416,96
58,A#4,43749,417,96
56,G#4,44166,417,96
55,G4,44583,416,96
53,F4,44999,834,96
56,G#4,45833,208,96
56,G#4,46041,208,96
56,G#4,46249,209,96
56,G#4,46458,208,96
55,G4,46666,625,96
56,G#4,47291,200,96
56,G#4,47916,1241,96
53,F4,49374,209,96
56,G#4,49583,208,96
58,A#4,49791,208,96
60,C5,49999,417,96
58,A#4,50416,417,96
56,G#4,50833,416,96
55,G4,51249,417,96
53,F4,51666,833,96
56,G#4,52499,209,96
56,G#4,52708,208,96
56,G#4,52916,208,96
56,G#4,53124,209,96
58,A#4,53333,625,96
60,C5,53958,199,96
60,C5,54583,1241,96
58,A#4,56249,209,96
60,C5,56458,208,96
61,C#5,56666,417,96
63,D#5,57083,416,96
60,C5,57499,417,96
56,G#4,57916,417,96
63,D#5,58333,416,96
56,G#4,58749,209,96
56,G#4,58958,199,96
56,G#4,59374,209,96
58,A#4,59583,416,96
58,A#4,59999,625,96
58,A#4,60624,200,96
53,F4,61041,208,96
56,G#4,61249,209,96
58,A#4,61458,208,96
60,C5,61666,417,96
58,A#4,62083,208,96
58,A#4,62291,200,96
56,G#4,62708,416,96
53,F4,63124,417,96
58,A#4,63541,208,96
56,G#4,63749,1250,96
53,F4,64999,209,96
56,G#4,65208,208,96
56,G#4,65416,208,96
53,F4,65624,209,96
56,G#4,65833,416,96
53,F4,66249,209,96
56,G#4,66458,199,96
56,G#4,66874,417,96
53,F4,67291,200,96
53,F4,68333,208,96
56,G#4,68541,208,96
56,G#4,68749,209,96
53,F4,68958,208,96
56,G#4,69166,417,96
60,C5,69583,208,96
58,A#4,69791,1866,96
60,C5,85833,208,80
63,D#5,86041,208,80
63,D#5,86249,209,80
60,C5,86458,208,80
63,D#5,86666,417,80
65,F5,87083,416,80
63,D#5,87499,825,80
60,C5,89166,208,80
63,D#5,89374,209,80
63,D#5,89583,208,80
60,C5,89791,208,80
63,D#5,89999,417,80
65,F5,90416,417,80
63,D#5,90833,824,80
53,F4,92708,208,80
56,G#4,92916,208,80
53,F4,93124,209,80
56,G#4,93333,416,80
53,F4,93749,209,80
56,G#4,93958,199,80
58,A#4,94374,200,80
60,C5,94999,417,80
58,A#4,95416,408,80
56,G#4,97916,208,96
58,A#4,98124,209,96
60,C5,98333,416,96
58,A#4,98749,417,96
56,G#4,99166,417,96
55,G4,99583,416,96
53,F4,99999,834,96
56,G#4,100833,208,96
56,G#4,101041,208,96
56,G#4,101249,209,96
56,G#4,101458,208,96
55,G4,101666,625,96
56,G#4,102291,200,96
56,G#4,102916,1241,96
53,F4,104374,209,96
56,G#4,104583,208,96
58,A#4,104791,208,96
60,C5,104999,417,96
58,A#4,105416,417,96
56,G#4,105833,416,96
55,G4,106249,417,96
53,F4,106666,833,96
56,G#4,107499,209,96
56,G#4,107708,208,96
56,G#4,107916,208,96
56,G#4,108124,209,96
58,A#4,108333,625,96
60,C5,108958,199,96
60,C5,109583,1241,96
58,A#4,111249,209,96
60,C5,111458,208,96
61,C#5,111666,417,96
63,D#5,112083,416,96
60,C5,112499,417,96
56,G#4,112916,417,96
63,D#5,113333,416,96
56,G#4,113749,209,96
56,G#4,113958,199,96
56,G#4,114374,209,96
58,A#4,114583,416,96
58,A#4,114999,625,96
58,A#4,115624,200,96
53,F4,116041,208,96
56,G#4,116249,209,96
58,A#4,116458,208,96
60,C5,116666,417,96
58,A#4,117083,208,96
58,A#4,117291,200,96
56,G#4,117708,416,96
53,F4,118124,417,96
58,A#4,118541,208,96
56,G#4,118749,1250,96
53,F4,119999,209,96
56,G#4,120208,208,96
56,G#4,120416,208,96
53,F4,120624,209,96
56,G#4,120833,416,96
53,F4,121249,209,96
56,G#4,121458,199,96
56,G#4,121874,417,96
53,F4,122291,200,96
53,F4,123333,208,96
56,G#4,123541,208,96
56,G#4,123749,209,96
53,F4,123958,208,96
56,G#4,124166,417,96
60,C5,124583,208,96
58,A#4,124791,1866,96
53,F4,127708,208,112
56,G#4,127916,208,112
53,F4,128124,209,112
56,G#4,128333,208,112
56,G#4,128541,208,112
53,F4,128749,209,112
56,G#4,128958,199,112
58,A#4,129374,200,112
53,F4,130833,208,112
56,G#4,131041,208,112
53,F4,131249,209,112
56,G#4,131458,208,112
56,G#4,131666,208,112
53,F4,131874,209,112
56,G#4,132083,199,112
58,A#4,132499,834,112
55,G4,133333,416,112
58,A#4,133749,209,112
55,G4,133958,199,112
53,F4,134374,209,112
51,D#4,134583,408,112
48,C4,135833,208,112
51,D#4,136041,208,112
51,D#4,136249,209,112
51,D#4,136458,208,112
51,D#4,136666,417,112
53,F4,137083,208,112
56,G#4,137291,200,112
58,A#4,137708,208,112
63,D#5,137916,833,112
60,C5,138749,417,112
58,A#4,139166,417,112
56,G#4,139583,408,112
53,F4,141041,208,112
56,G#4,141249,209,112
53,F4,141458,208,112
56,G#4,141666,208,112
56,G#4,141874,209,112
53,F4,142083,208,112
56,G#4,142291,200,112
63,D#5,142708,199,112
53,F4,144374,209,112
56,G#4,144583,208,112
53,F4,144791,208,112
56,G#4,144999,209,112
56,G#4,145208,208,112
53,F4,145416,208,112
56,G#4,145624,200,112
60,C5,146041,625,112
53,F4,146666,208,112
56,G#4,146874,417,112
53,F4,147291,208,112
56,G#4,147499,417,112
53,F4,147916,208,112
56,G#4,148124,200,112
58,A#4,148541,208,112
60,C5,148749,1250,112
51,D#4,149999,209,126
53,F4,150208,208,126
56,G#4,150416,208,126
58,A#4,150624,209,126
60,C5,150833,416,126
61,C#5,151249,209,126
63,D#5,151458,2291,126
58,A#4,153749,417,126
56,G#4,154166,825,126
57,A4,167916,208,112
59,B4,168124,209,112
61,C#5,168333,416,112
59,B4,168749,417,112
57,A4,169166,417,112
56,G#4,169583,416,112
54,F#4,169999,834,112
57,A4,170833,208,112
57,A4,171041,208,112
57,A4,171249,417,112
56,G#4,171666,625,112
57,A4,172291,200,112
57,A4,172916,1241,112
54,F#4,174374,209,112
57,A4,174583,208,112
59,B4,174791,208,112
61,C#5,174999,417,112
59,B4,175416,417,112
57,A4,175833,416,112
56,G#4,176249,417,112
54,F#4,176666,833,112
57,A4,177499,209,112
57,A4,177708,208,112
57,A4,177916,208,112
57,A4,178124,209,112
59,B4,178333,625,112
61,C#5,178958,199,112
61,C#5,179583,1241,112
59,B4,181249,209,112
61,C#5,181458,208,112
62,D5,181666,417,112
64,E5,182083,416,112
61,C#5,182499,417,112
57,A4,182916,417,112
64,E5,183333,416,112
57,A4,183749,209,112
57,A4,183958,199,112
57,A4,184374,209,112
59,B4,184583,416,112
59,B4,184999,625,112
59,B4,185624,200,112
54,F#4,186041,208,112
57,A4,186249,209,112
59,B4,186458,208,112
61,C#5,186666,417,112
59,B4,187083,208,112
59,B4,187291,200,112
57,A4,187708,416,112
54,F#4,188124,417,112
59,B4,188541,208,112
57,A4,188749,1250,112
54,F#4,189999,209,112
57,A4,190208,208,112
57,A4,190416,208,112
54,F#4,190624,209,112
57,A4,190833,416,112
54,F#4,191249,209,112
57,A4,191458,199,112
57,A4,191874,417,112
54,F#4,192291,200,112
54,F#4,193333,208,112
57,A4,193541,208,112
57,A4,193749,209,112
54,F#4,193958,208,112
57,A4,194166,417,112
61,C#5,194583,208,112
59,B4,194791,1866,112
59,B4,201874,209,112
59,B4,202083,208,112
57,A4,202291,208,112
57,A4,202499,417,112
54,F#4,202916,408,112
52,E4,208333,208,112
54,F#4,208541,200,112
57,A4,209166,208,112
56,G#4,209374,209,112
54,F#4,209583,208,112
52,E4,209791,200,112
57,A4,214583,208,112
59,B4,214791,208,112
61,C#5,214999,417,112
59,B4,215416,417,112
57,A4,215833,416,112
56,G#4,216249,417,112
54,F#4,216666,825,112
59,B4,217916,208,112
56,G#4,218124,200,112
54,F#4,218541,208,112
52,E4,218749,3742,112
57,A4,223333,3324,112
--end--
65,F5,3333,208,96
49,C#4,3541,208,96
56,G#4,3541,208,96
61,C#5,3749,209,96
63,D#5,3958,199,96
68,G#5,4374,200,96
67,G5,4999,208,96
51,D#4,5207,209,96
58,A#4,5207,208,96
63,D#5,5415,208,96
68,G#5,5623,200,96
63,D#5,6040,200,96
41,F3,6665,208,96
56,G#4,6873,208,96
63,D#5,6873,1459,96
58,A#4,8332,95,96
48,C4,8540,208,96
51,D#4,8748,209,96
56,G#4,8957,199,96
51,D#4,9373,209,96
27,D#2,9582,416,96
25,C#2,9998,104,96
49,C#4,10102,105,96
51,D#4,10102,104,96
56,G#4,10206,1458,96
55,G4,11664,208,96
27,D#2,11872,208,96
34,A#2,11872,209,96
39,D#3,12081,208,96
56,G#4,12289,417,96
51,D#4,12706,625,96
17,F1,13331,104,96
29,F2,13435,104,96
46,A#3,13435,104,96
44,G#3,13435,104,96
43,G3,13539,825,96
37,C#3,16664,208,80
44,G#3,16872,209,80
49,C#4,17081,208,80
51,D#4,17289,200,80
53,F4,17706,199,80
39,D#3,18331,208,80
46,A#3,18539,208,80
51,D#4,18747,209,80
53,F4,18956,199,80
55,G4,19372,200,80
41,F3,19997,209,80
51,D#4,20206,208,80
53,F4,20414,208,80
55,G4,20622,200,80
56,G#4,21039,625,80
58,A#4,21664,625,80
56,G#4,22289,200,80
51,D#4,22706,199,80
37,C#3,23331,208,80
44,G#3,23539,208,80
49,C#4,23747,209,80
51,D#4,23956,416,80
53,F4,24372,200,80
39,D#3,24997,209,80
46,A#3,25206,208,80
53,F4,25414,408,80
41,F3,26664,208,80
48,C4,26872,209,80
55,G4,27081,208,80
56,G#4,27289,417,80
58,A#4,27706,199,80
41,F3,28331,824,80
56,G#4,29581,416,96
37,C#3,29997,209,96
44,G#3,30206,208,96
49,C#4,30414,208,96
51,D#4,30622,200,96
39,D#3,31664,208,96
46,A#3,31872,209,96
51,D#4,32081,208,96
53,F4,32289,208,96
63,D#5,32497,417,96
56,G#4,32914,417,96
51,D#4,33331,208,96
41,F3,33539,208,96
48,C4,33539,208,96
55,G4,33747,209,96
56,G#4,33956,199,96
31,G2,34997,833,96
39,D#3,35830,834,96
32,G#2,35830,416,96
39,D#3,36246,416,96
63,D#5,36246,416,96
56,G#4,36246,416,96
60,C5,36246,416,96
56,G#4,36246,417,96
53,F4,36663,208,96
56,G#4,36871,208,96
34,A#2,36871,208,96
41,F3,36871,209,96
48,C4,37080,208,96
49,C#4,37288,200,96
34,A#2,38330,833,96
22,A#1,39163,833,96
27,D#2,39996,833,96
39,D#3,40829,834,96
27,D#2,40829,833,96
15,D#1,41662,1666,96
27,D#2,43328,1667,96
60,C5,43328,416,96
58,A#4,43744,417,96
56,G#4,44161,417,96
55,G4,44578,416,96
53,F4,44994,208,96
49,C#4,45202,208,96
25,C#2,45202,209,96
32,G#2,45202,208,96
39,D#3,45410,208,96
41,F3,45618,209,96
44,G#3,45827,208,96
56,G#4,46035,208,96
53,F4,46035,208,96
56,G#4,46035,208,96
56,G#4,46243,209,96
56,G#4,46452,208,96
53,F4,46660,208,96
55,G4,46868,208,96
27,D#2,46868,208,96
34,A#2,46868,209,96
39,D#3,47077,208,96
41,F3,47285,208,96
56,G#4,47493,208,96
43,G3,47493,417,96
53,F4,47910,416,96
48,C4,48326,416,96
56,G#4,48326,417,96
29,F2,48326,208,96
36,C3,48534,208,96
41,F3,48742,209,96
43,G3,48951,208,96
48,C4,49159,208,96
53,F4,49367,209,96
56,G#4,49576,208,96
58,A#4,49784,208,96
60,C5,49992,417,96
58,A#4,50409,417,96
27,D#2,50826,416,96
39,D#3,51242,416,96
56,G#4,51242,416,96
53,F4,51242,416,96
55,G4,51242,417,96
49,C#4,51659,208,96
53,F4,51867,208,96
25,C#2,51867,208,96
32,G#2,51867,209,96
39,D#3,52076,208,96
41,F3,52284,208,96
44,G#3,52492,208,96
56,G#4,52700,208,96
53,F4,52700,209,96
56,G#4,52700,208,96
56,G#4,52908,208,96
56,G#4,53116,209,96
53,F4,53325,208,96
55,G4,53533,208,96
58,A#4,53533,208,96
27,D#2,53533,208,96
34,A#2,53533,208,96
39,D#3,53741,209,96
41,F3,53950,208,96
60,C5,54158,208,96
43,G3,54158,417,96
56,G#4,54575,416,96
51,D#4,54991,416,96
60,C5,54991,416,96
29,F2,54991,209,96
36,C3,55200,208,96
41,F3,55408,208,96
43,G3,55616,209,96
44,G#3,55825,208,96
48,C4,56033,208,96
58,A#4,56241,209,96
60,C5,56450,208,96
31,G2,56658,208,96
55,G4,56866,208,96
61,C#5,56866,208,96
39,D#3,56866,209,96
43,G3,57075,416,96
63,D#5,57491,416,96
32,G#2,57491,416,96
44,G#3,57907,416,96
60,C5,57907,416,96
51,D#4,57907,416,96
56,G#4,57907,417,96
56,G#4,57907,417,96
53,F4,58324,208,96
56,G#4,58532,208,96
63,D#5,58532,208,96
22,A#1,58532,208,96
34,A#2,58532,208,96
56,G#4,58740,209,96
56,G#4,58949,208,96
34,A#2,59157,208,96
56,G#4,59365,209,96
22,A#1,59574,416,96
58,A#4,59990,416,96
24,C2,59990,624,96
36,C3,60614,624,96
58,A#4,60614,624,96
53,F4,60614,624,96
55,G4,60614,625,96
53,F4,60614,208,96
55,G4,60822,208,96
58,A#4,60822,209,96
36,C3,60822,208,96
53,F4,61030,208,96
24,C2,61238,208,96
56,G#4,61446,209,96
58,A#4,61446,208,96
29,F2,61654,416,96
60,C5,62070,416,96
51,D#4,62070,416,96
56,G#4,62070,417,96
58,A#4,62070,208,96
58,A#4,62278,208,96
51,D#4,62486,208,96
56,G#4,62486,208,96
41,F3,62486,209,96
56,G#4,62695,208,96
29,F2,62903,208,96
49,C#4,63111,208,96
53,F4,63319,209,96
37,C#3,63319,208,96
25,C#2,63527,208,96
58,A#4,63527,208,96
56,G#4,63735,209,96
25,C#2,63944,208,96
37,C#3,64152,417,96
24,C2,64569,416,96
36,C3,64985,416,96
22,A#1,64985,208,96
34,A#2,65193,208,96
53,F4,65193,208,96
49,C#4,65193,209,96
56,G#4,65193,208,96
56,G#4,65401,208,96
53,F4,65609,209,96
34,A#2,65818,416,96
56,G#4,66234,416,96
49,C#4,66234,416,96
53,F4,66234,416,96
53,F4,66234,209,96
49,C#4,66443,208,96
53,F4,66651,208,96
56,G#4,66651,208,96
22,A#1,66651,208,96
49,C#4,66859,416,96
53,F4,67275,416,96
56,G#4,67275,417,96
49,C#4,67275,208,96
53,F4,67483,208,96
34,A#2,67483,834,96
39,D#3,68317,208,96
53,F4,68525,208,96
49,C#4,68525,208,96
56,G#4,68525,208,96
56,G#4,68733,209,96
53,F4,68942,208,96
39,D#3,69150,416,96
56,G#4,69566,416,96
49,C#4,69566,416,96
53,F4,69566,417,96
60,C5,69566,208,96
58,A#4,69774,1874,96
53,F4,71648,1874,96
39,D#3,71648,1874,96
27,D#2,71648,1874,96
49,C#4,71648,1875,96
68,G#5,71648,208,112
37,C#3,71856,208,112
44,G#3,71856,209,112
49,C#4,72065,208,112
51,D#4,72273,417,112
53,F4,72690,199,112
67,G5,73315,208,112
39,D#3,73523,208,112
46,A#3,73523,208,112
51,D#4,73731,209,112
53,F4,73940,416,112
68,G#5,74356,416,112
63,D#5,74356,625,112
68,G#5,74981,208,112
41,F3,75189,209,112
48,C4,75189,208,112
53,F4,75397,208,112
55,G4,75605,200,112
56,G#4,76022,200,112
70,A#5,76647,208,112
41,F3,76855,208,112
51,D#4,76855,209,112
55,G4,77064,208,112
56,G#4,77272,416,112
68,G#5,77688,417,112
63,D#5,77688,625,112
68,G#5,78313,208,112
37,C#3,78521,208,112
44,G#3,78521,208,112
49,C#4,78729,209,112
51,D#4,78938,199,112
53,F4,79354,200,112
67,G5,79979,208,112
39,D#3,80187,209,112
46,A#3,80187,208,112
51,D#4,80395,208,112
53,F4,80603,416,112
68,G#5,81019,417,112
63,D#5,81019,625,112
68,G#5,81644,208,112
41,F3,81852,208,112
48,C4,81852,209,112
55,G4,82061,208,112
56,G#4,82269,200,112
60,C5,82686,625,112
58,A#4,83311,824,112
56,G#4,84561,416,96
37,C#3,84977,209,96
44,G#3,85186,208,96
49,C#4,85394,208,96
51,D#4,85602,200,96
39,D#3,86644,208,96
46,A#3,86852,209,96
51,D#4,87061,208,96
53,F4,87269,208,96
63,D#5,87477,417,96
56,G#4,87894,417,96
51,D#4,88311,208,96
41,F3,88519,208,96
48,C4,88519,208,96
55,G4,88727,209,96
56,G#4,88936,199,96
31,G2,89977,833,96
39,D#3,90810,834,96
32,G#2,90810,416,96
39,D#3,91226,416,96
63,D#5,91226,416,96
56,G#4,91226,416,96
60,C5,91226,416,96
56,G#4,91226,417,96
53,F4,91643,208,96
56,G#4,91851,208,96
34,A#2,91851,208,96
41,F3,91851,209,96
48,C4,92060,208,96
49,C#4,92268,200,96
34,A#2,93310,833,96
22,A#1,94143,833,96
27,D#2,94976,833,96
39,D#3,95809,834,96
27,D#2,95809,833,96
15,D#1,96642,1666,96
27,D#2,98308,1667,96
60,C5,98308,416,96
58,A#4,98724,417,96
56,G#4,99141,417,96
55,G4,99558,416,96
49,C#4,99974,208,96
53,F4,100182,208,96
25,C#2,100182,209,96
32,G#2,100182,208,96
39,D#3,100390,208,96
41,F3,100598,209,96
44,G#3,100807,208,96
56,G#4,101015,208,96
53,F4,101015,208,96
56,G#4,101015,208,96
56,G#4,101223,209,96
56,G#4,101432,208,96
53,F4,101640,208,96
55,G4,101848,208,96
27,D#2,101848,208,96
34,A#2,101848,209,96
39,D#3,102057,208,96
41,F3,102265,208,96
56,G#4,102473,208,96
43,G3,102473,417,96
53,F4,102890,416,96
48,C4,103306,416,96
56,G#4,103306,417,96
29,F2,103306,208,96
36,C3,103514,208,96
41,F3,103722,209,96
43,G3,103931,208,96
48,C4,104139,208,96
53,F4,104347,209,96
56,G#4,104556,208,96
58,A#4,104764,208,96
60,C5,104972,417,96
58,A#4,105389,417,96
27,D#2,105806,416,96
39,D#3,106222,416,96
56,G#4,106222,416,96
53,F4,106222,416,96
55,G4,106222,417,96
49,C#4,106639,208,96
53,F4,106847,208,96
25,C#2,106847,208,96
32,G#2,106847,209,96
39,D#3,107056,208,96
41,F3,107264,208,96
44,G#3,107472,208,96
56,G#4,107680,208,96
53,F4,107680,209,96
56,G#4,107680,208,96
56,G#4,107888,208,96
56,G#4,108096,209,96
53,F4,108305,208,96
55,G4,108513,208,96
58,A#4,108513,208,96
27,D#2,108513,208,96
34,A#2,108513,208,96
39,D#3,108721,209,96
41,F3,108930,208,96
60,C5,109138,208,96
43,G3,109138,417,96
51,D#4,109555,416,96
56,G#4,109971,416,96
60,C5,109971,416,96
29,F2,109971,209,96
36,C3,110180,208,96
41,F3,110388,208,96
43,G3,110596,209,96
44,G#3,110805,208,96
48,C4,111013,208,96
58,A#4,111221,209,96
60,C5,111430,208,96
55,G4,111638,208,96
61,C#5,111846,208,96
31,G2,111846,208,96
39,D#3,111846,209,96
43,G3,112055,416,96
63,D#5,112471,416,96
32,G#2,112471,416,96
44,G#3,112887,416,96
60,C5,112887,416,96
51,D#4,112887,416,96
56,G#4,112887,417,96
56,G#4,112887,417,96
53,F4,113304,208,96
56,G#4,113512,208,96
63,D#5,113512,208,96
22,A#1,113512,208,96
34,A#2,113512,208,96
56,G#4,113720,209,96
56,G#4,113929,208,96
34,A#2,114137,208,96
56,G#4,114345,209,96
22,A#1,114554,416,96
58,A#4,114970,416,96
24,C2,114970,624,96
36,C3,115594,624,96
58,A#4,115594,624,96
53,F4,115594,624,96
55,G4,115594,625,96
53,F4,115594,208,96
55,G4,115802,208,96
58,A#4,115802,209,96
36,C3,115802,208,96
53,F4,116010,208,96
24,C2,116218,208,96
56,G#4,116426,209,96
58,A#4,116426,208,96
29,F2,116634,416,96
60,C5,117050,416,96
51,D#4,117050,416,96
56,G#4,117050,417,96
58,A#4,117050,208,96
51,D#4,117258,208,96
56,G#4,117466,208,96
58,A#4,117466,208,96
41,F3,117466,209,96
56,G#4,117675,208,96
29,F2,117883,208,96
49,C#4,118091,208,96
53,F4,118299,209,96
37,C#3,118299,208,96
25,C#2,118507,208,96
58,A#4,118507,208,96
56,G#4,118715,209,96
25,C#2,118924,208,96
37,C#3,119132,417,96
24,C2,119549,416,96
36,C3,119965,416,96
22,A#1,119965,208,96
34,A#2,120173,208,96
53,F4,120173,208,96
49,C#4,120173,209,96
56,G#4,120173,208,96
56,G#4,120381,208,96
53,F4,120589,209,96
34,A#2,120798,416,96
56,G#4,121214,416,96
49,C#4,121214,416,96
53,F4,121214,416,96
53,F4,121214,209,96
49,C#4,121423,208,96
53,F4,121631,208,96
56,G#4,121631,208,96
22,A#1,121631,208,96
56,G#4,121839,416,96
49,C#4,122255,416,96
53,F4,122255,417,96
49,C#4,122255,208,96
53,F4,122463,208,96
34,A#2,122463,834,96
39,D#3,123297,208,96
53,F4,123505,208,96
49,C#4,123505,208,96
56,G#4,123505,208,96
56,G#4,123713,209,96
53,F4,123922,208,96
39,D#3,124130,416,96
56,G#4,124546,416,96
49,C#4,124546,416,96
53,F4,124546,417,96
60,C5,124546,208,96
53,F4,124754,1874,96
39,D#3,126628,1874,96
27,D#2,126628,1874,96
49,C#4,126628,1874,96
58,A#4,126628,1875,96
25,C#2,126628,624,112
37,C#3,127252,624,112
60,C5,127252,624,112
53,F4,127252,624,112
56,G#4,127252,625,112
53,F4,127252,208,112
56,G#4,127460,208,112
60,C5,127460,208,112
37,C#3,127460,825,112
25,C#2,129127,416,112
37,C#3,129543,417,112
24,C2,129543,416,112
36,C3,129959,416,112
56,G#4,129959,624,112
22,A#1,130583,624,112
34,A#2,130583,624,112
60,C5,130583,624,112
53,F4,130583,625,112
56,G#4,130583,208,112
60,C5,130791,208,112
53,F4,130791,209,112
34,A#2,130791,824,112
22,A#1,132457,416,112
34,A#2,132873,417,112
20,G#1,132873,416,112
32,G#2,133289,417,112
36,C3,133289,833,112
36,C3,134122,825,112
24,C2,135372,417,112
36,C3,135789,833,112
29,F2,136622,624,112
41,F3,137246,625,112
27,D#2,137246,624,112
39,D#3,137870,625,112
37,C#3,137870,624,112
25,C#2,138494,625,112
24,C2,138494,624,112
36,C3,139118,625,112
22,A#1,139118,416,112
34,A#2,139534,417,112
20,G#1,139534,416,112
32,G#2,139950,416,112
53,F4,139950,624,112
56,G#4,140574,624,112
25,C#2,140574,624,112
37,C#3,140574,624,112
60,C5,140574,625,112
53,F4,140574,208,112
56,G#4,140782,208,112
60,C5,140782,209,112
37,C#3,140782,824,112
25,C#2,142448,416,112
37,C#3,142864,417,112
24,C2,142864,416,112
36,C3,143280,417,112
22,A#1,143280,624,112
34,A#2,143904,624,112
60,C5,143904,624,112
53,F4,143904,624,112
56,G#4,143904,625,112
53,F4,143904,208,112
56,G#4,144112,208,112
60,C5,144112,208,112
34,A#2,144112,825,112
22,A#1,145779,416,112
34,A#2,146195,416,112
20,G#1,146195,416,112
32,G#2,146611,417,112
15,D#1,146611,833,112
27,D#2,147444,833,112
39,D#3,147444,834,112
27,D#2,148278,833,112
39,D#3,149111,417,112
27,D#2,149528,416,112
15,D#1,149944,3333,64
27,D#2,153277,3334,64
68,G#5,153277,208,96
37,C#3,153485,208,96
44,G#3,153485,208,96
49,C#4,153693,209,96
51,D#4,153902,416,96
53,F4,154318,200,96
67,G5,154943,208,96
39,D#3,155151,209,96
46,A#3,155151,208,96
51,D#4,155359,208,96
53,F4,155567,416,96
68,G#5,155983,417,96
63,D#5,155983,625,96
68,G#5,156608,208,96
41,F3,156816,208,96
48,C4,156816,209,96
53,F4,157025,208,96
55,G4,157233,200,96
56,G#4,157650,199,96
70,A#5,158275,208,96
41,F3,158483,208,96
51,D#4,158483,208,96
55,G4,158691,209,96
56,G#4,158900,416,96
68,G#5,159316,416,96
63,D#5,159316,625,96
68,G#5,159941,208,96
37,C#3,160149,209,96
44,G#3,160149,208,96
49,C#4,160357,208,96
51,D#4,160565,200,96
53,F4,160982,200,96
67,G5,161607,208,96
39,D#3,161815,208,96
46,A#3,161815,209,96
51,D#4,162024,208,96
53,F4,162232,416,96
68,G#5,162648,417,96
63,D#5,162648,625,96
41,F3,163273,208,96
80,G#6,163481,208,96
79,G6,163689,209,96
75,D#6,163898,208,96
79,G6,164106,208,96
75,D#6,164314,209,96
70,A#5,164523,208,96
68,G#5,164731,1866,96
54,F#4,169939,208,112
50,D4,170147,208,112
26,D2,170147,209,112
33,A2,170147,208,112
40,E3,170355,208,112
42,F#3,170563,209,112
45,A3,170772,208,112
57,A4,170980,208,112
54,F#4,170980,208,112
57,A4,170980,208,112
57,A4,171188,417,112
54,F#4,171605,208,112
56,G#4,171813,208,112
28,E2,171813,208,112
35,B2,171813,209,112
40,E3,172022,208,112
42,F#3,172230,208,112
57,A4,172438,208,112
44,G#3,172438,417,112
54,F#4,172855,416,112
57,A4,173271,416,112
49,C#4,173271,417,112
30,F#2,173271,208,112
37,C#3,173479,208,112
42,F#3,173687,209,112
44,G#3,173896,208,112
49,C#4,174104,208,112
54,F#4,174312,209,112
57,A4,174521,208,112
59,B4,174729,208,112
61,C#5,174937,417,112
59,B4,175354,417,112
28,E2,175771,416,112
40,E3,176187,416,112
57,A4,176187,416,112
54,F#4,176187,416,112
56,G#4,176187,417,112
50,D4,176604,208,112
54,F#4,176812,208,112
26,D2,176812,208,112
33,A2,176812,209,112
40,E3,177021,208,112
42,F#3,177229,208,112
45,A3,177437,208,112
57,A4,177645,208,112
54,F#4,177645,209,112
57,A4,177645,208,112
57,A4,177853,208,112
57,A4,178061,209,112
54,F#4,178270,208,112
56,G#4,178478,208,112
59,B4,178478,208,112
28,E2,178478,208,112
35,B2,178478,208,112
40,E3,178686,209,112
42,F#3,178895,208,112
61,C#5,179103,208,112
44,G#3,179103,417,112
57,A4,179520,416,112
52,E4,179936,416,112
61,C#5,179936,416,112
30,F#2,179936,209,112
37,C#3,180145,208,112
42,F#3,180353,208,112
44,G#3,180561,209,112
45,A3,180770,208,112
49,C#4,180978,208,112
59,B4,181186,209,112
61,C#5,181395,208,112
62,D5,181603,208,112
32,G#2,181811,208,112
56,G#4,181811,208,112
40,E3,181811,209,112
44,G#3,182020,416,112
64,E5,182436,416,112
33,A2,182436,416,112
45,A3,182852,416,112
61,C#5,182852,416,112
52,E4,182852,416,112
57,A4,182852,417,112
57,A4,182852,417,112
54,F#4,183269,208,112
57,A4,183477,208,112
64,E5,183477,208,112
23,B1,183477,208,112
35,B2,183477,208,112
57,A4,183685,209,112
57,A4,183894,208,112
35,B2,184102,208,112
57,A4,184310,209,112
23,B1,184519,416,112
59,B4,184935,416,112
25,C#2,184935,624,112
37,C#3,185559,624,112
59,B4,185559,624,112
53,F4,185559,624,112
56,G#4,185559,625,112
53,F4,185559,208,112
56,G#4,185767,208,112
59,B4,185767,209,112
37,C#3,185767,208,112
54,F#4,185975,208,112
25,C#2,186183,208,112
57,A4,186391,209,112
59,B4,186391,208,112
30,F#2,186599,416,112
61,C#5,187015,416,112
52,E4,187015,416,112
57,A4,187015,417,112
59,B4,187015,208,112
52,E4,187223,208,112
57,A4,187431,208,112
59,B4,187431,208,112
42,F#3,187431,209,112
57,A4,187640,208,112
30,F#2,187848,208,112
50,D4,188056,208,112
54,F#4,188264,209,112
38,D3,188264,208,112
26,D2,188472,208,112
59,B4,188472,208,112
57,A4,188680,209,112
26,D2,188889,208,112
38,D3,189097,417,112
25,C#2,189514,416,112
37,C#3,189930,416,112
23,B1,189930,208,112
35,B2,190138,208,112
54,F#4,190138,208,112
50,D4,190138,209,112
57,A4,190138,208,112
57,A4,190346,208,112
54,F#4,190554,209,112
35,B2,190763,416,112
57,A4,191179,416,112
50,D4,191179,416,112
54,F#4,191179,416,112
54,F#4,191179,209,112
50,D4,191388,208,112
54,F#4,191596,208,112
57,A4,191596,208,112
23,B1,191596,208,112
57,A4,191804,416,112
50,D4,192220,416,112
54,F#4,192220,417,112
50,D4,192220,208,112
54,F#4,192428,208,112
35,B2,192428,834,112
40,E3,193262,208,112
54,F#4,193470,208,112
50,D4,193470,208,112
57,A4,193470,208,112
57,A4,193678,209,112
54,F#4,193887,208,112
40,E3,194095,416,112
57,A4,194511,416,112
50,D4,194511,416,112
54,F#4,194511,417,112
61,C#5,194511,208,112
50,D4,194719,1874,112
59,B4,196593,1874,112
54,F#4,196593,1874,112
40,E3,196593,1874,112
28,E2,196593,1875,112
50,D4,196593,624,112
54,F#4,197217,624,112
57,A4,197217,624,112
26,D2,197217,624,112
38,D3,197217,625,112
26,D2,197217,208,112
50,D4,197425,416,112
54,F#4,197841,416,112
57,A4,197841,416,112
38,D3,197841,417,112
26,D2,197841,417,112
47,B3,198258,624,112
52,E4,198882,624,112
56,G#4,198882,624,112
28,E2,198882,624,112
40,E3,198882,625,112
28,E2,198882,208,112
47,B3,199090,416,112
52,E4,199506,416,112
57,A4,199506,416,112
40,E3,199506,417,112
28,E2,199506,416,112
52,E4,199922,624,112
45,A3,200546,624,112
49,C#4,200546,624,112
30,F#2,200546,624,112
42,F#3,200546,625,112
30,F#2,200546,209,112
45,A3,200755,416,112
49,C#4,201171,416,112
52,E4,201171,416,112
42,F#3,201171,416,112
30,F#2,201171,209,112
52,E4,201380,208,112
57,A4,201588,208,112
61,C#5,201588,208,112
30,F#2,201588,208,112
42,F#3,201796,208,112
71,B5,201796,209,112
71,B5,202005,208,112
30,F#2,202213,208,112
69,A5,202421,208,112
42,F#3,202421,416,112
69,A5,202837,417,112
30,F#2,202837,416,112
66,F#5,203253,417,112
50,D4,203253,624,112
54,F#4,203877,624,112
57,A4,203877,624,112
26,D2,203877,624,112
38,D3,203877,625,112
26,D2,203877,208,112
50,D4,204085,416,112
54,F#4,204501,416,112
57,A4,204501,416,112
38,D3,204501,417,112
26,D2,204501,416,112
47,B3,204917,624,112
52,E4,205541,624,112
56,G#4,205541,624,112
28,E2,205541,624,112
40,E3,205541,625,112
28,E2,205541,209,112
47,B3,205750,416,112
52,E4,206166,416,112
57,A4,206166,416,112
40,E3,206166,416,112
28,E2,206166,417,112
30,F#2,206583,624,112
42,F#3,207207,625,112
30,F#2,207207,208,112
42,F#3,207415,417,112
30,F#2,207832,417,112
30,F#2,208249,208,112
42,F#3,208457,208,112
64,E5,208457,208,112
66,F#5,208457,200,112
30,F#2,208874,208,112
42,F#3,209082,208,112
69,A5,209290,208,112
68,G#5,209290,209,112
30,F#2,209499,208,112
66,F#5,209707,208,112
64,E5,209707,208,112
54,F#4,209915,624,112
26,D2,210539,624,112
38,D3,210539,624,112
57,A4,210539,624,112
50,D4,210539,625,112
26,D2,210539,209,112
50,D4,210748,416,112
54,F#4,211164,416,112
57,A4,211164,416,112
38,D3,211164,416,112
26,D2,211164,417,112
47,B3,211581,624,112
52,E4,212205,624,112
56,G#4,212205,624,112
28,E2,212205,624,112
40,E3,212205,625,112
28,E2,212205,208,112
52,E4,212413,416,112
57,A4,212829,416,112
47,B3,212829,416,112
40,E3,212829,417,112
28,E2,212829,417,112
30,F#2,213246,624,112
42,F#3,213870,625,112
30,F#2,213870,208,112
42,F#3,214078,417,112
30,F#2,214495,208,112
69,A5,214703,208,112
71,B5,214703,208,112
30,F#2,214911,416,112
42,F#3,215327,416,112
73,C#6,215327,417,112
71,B5,215327,417,112
69,A5,215744,416,112
68,G#5,216160,417,112
26,D2,216577,833,112
38,D3,217410,833,112
66,F#5,217410,833,112
38,D3,217410,417,112
71,B5,217827,208,112
37,C#3,218035,416,112
68,G#5,218451,417,112
66,F#5,218451,208,112
64,E5,218659,3742,112
30,F#2,223243,3324,112
45,A3,226567,3324,112
49,C#4,226567,3324,112
52,E4,226567,3324,112