51,D#4,0,283,126
43,G3,283,283,126
48,C4,566,283,126
43,G3,849,283,126
51,D#4,1132,283,126
43,G3,1415,283,126
48,C4,1698,283,126
43,G3,1981,283,126
53,F4,2264,283,126
43,G3,2547,283,126
48,C4,2830,283,126
43,G3,3113,283,126
53,F4,3396,283,126
43,G3,3679,283,126
48,C4,3962,283,126
43,G3,4245,283,126
55,G4,4528,283,126
43,G3,4811,283,126
46,A#3,5094,283,126
43,G3,5377,283,126
55,G4,5660,283,126
43,G3,5943,283,126
46,A#3,6226,283,126
55,G4,6509,283,126
53,F4,6792,283,126
43,G3,7075,283,126
46,A#3,7358,283,126
43,G3,7641,283,126
53,F4,7924,283,126
43,G3,8207,283,126
51,D#4,8490,283,126
50,D4,8773,283,126
51,D#4,9056,283,126
43,G3,9339,283,126
48,C4,9622,283,126
43,G3,9905,283,126
51,D#4,10188,283,126
43,G3,10471,283,126
48,C4,10754,283,126
43,G3,11037,283,126
53,F4,11320,283,126
43,G3,11603,283,126
48,C4,11886,283,126
43,G3,12169,283,126
53,F4,12452,283,126
43,G3,12735,283,126
48,C4,13018,283,126
43,G3,13301,283,126
55,G4,13584,283,126
43,G3,13867,283,126
46,A#3,14150,283,126
43,G3,14433,283,126
55,G4,14716,283,126
43,G3,14999,283,126
46,A#3,15282,283,126
55,G4,15565,283,126
53,F4,15848,283,126
43,G3,16131,283,126
46,A#3,16414,283,126
43,G3,16697,283,126
53,F4,16980,283,126
43,G3,17263,283,126
51,D#4,17546,283,126
50,D4,17829,283,126
48,C4,18112,283,126
51,D#4,18395,283,126
43,G3,18395,283,126
51,D#4,18678,283,126
48,C4,18961,283,126
43,G3,18961,283,126
51,D#4,19244,283,126
48,C4,19527,283,126
43,G3,19527,283,126
51,D#4,19810,283,126
48,C4,20093,283,126
43,G3,20093,283,126
53,F4,20376,283,126
48,C4,20659,283,126
43,G3,20659,283,126
53,F4,20942,283,126
48,C4,21225,283,126
43,G3,21225,283,126
53,F4,21508,283,126
48,C4,21791,283,126
43,G3,21791,283,126
53,F4,22074,283,126
48,C4,22357,283,126
43,G3,22357,283,126
46,A#3,22640,283,126
55,G4,22923,283,126
43,G3,22923,283,126
55,G4,23206,283,126
46,A#3,23489,283,126
43,G3,23489,283,126
55,G4,23772,283,126
46,A#3,24055,283,126
43,G3,24055,283,126
55,G4,24338,283,126
46,A#3,24621,283,126
43,G3,24621,283,126
53,F4,24904,283,126
46,A#3,25187,283,126
43,G3,25187,283,126
53,F4,25470,283,126
46,A#3,25753,283,126
43,G3,25753,283,126
53,F4,26036,283,126
46,A#3,26319,283,126
43,G3,26319,283,126
53,F4,26602,283,126
46,A#3,26885,283,126
51,D#4,26885,283,126
48,C4,27168,283,126
51,D#4,27451,283,126
43,G3,27451,283,126
51,D#4,27734,283,126
48,C4,28017,283,126
43,G3,28017,283,126
51,D#4,28300,283,126
48,C4,28583,283,126
43,G3,28583,283,126
51,D#4,28866,283,126
48,C4,29149,283,126
43,G3,29149,283,126
53,F4,29432,283,126
48,C4,29715,283,126
43,G3,29715,283,126
53,F4,29998,283,126
48,C4,30281,283,126
43,G3,30281,283,126
53,F4,30564,283,126
48,C4,30847,283,126
43,G3,30847,283,126
53,F4,31130,283,126
48,C4,31413,283,126
43,G3,31413,283,126
46,A#3,31696,283,126
55,G4,31979,283,126
43,G3,31979,283,126
55,G4,32262,283,126
46,A#3,32545,283,126
43,G3,32545,283,126
55,G4,32828,283,126
46,A#3,33111,283,126
43,G3,33111,283,126
55,G4,33394,283,126
46,A#3,33677,283,126
43,G3,33677,283,126
53,F4,33960,283,126
46,A#3,34243,283,126
43,G3,34243,283,126
53,F4,34526,283,126
46,A#3,34809,283,126
43,G3,34809,283,126
53,F4,35092,283,126
46,A#3,35375,283,126
43,G3,35375,283,126
53,F4,35658,283,126
46,A#3,35941,283,126
51,D#4,35941,283,126
51,D#4,36224,283,126
60,C5,36507,283,126
58,A#4,36507,283,126
51,D#4,36790,283,126
60,C5,36790,283,126
51,D#4,37073,283,126
58,A#4,37073,283,126
51,D#4,37356,283,126
58,A#4,37356,566,126
51,D#4,37922,566,126
58,A#4,37922,283,126
51,D#4,38205,283,126
55,G4,38205,283,126
58,A#4,38488,566,126
51,D#4,39054,566,126
58,A#4,39054,566,126
51,D#4,39620,566,126
58,A#4,39620,593,126
51,D#4,40213,593,126
53,F4,40213,255,126
55,G4,40468,254,126
53,F4,43014,254,126
58,A#4,44994,283,126
60,C5,45277,283,126
51,D#4,45560,283,126
58,A#4,45560,283,126
51,D#4,45843,283,126
60,C5,45843,283,126
51,D#4,46126,283,126
58,A#4,46126,283,126
51,D#4,46409,283,126
58,A#4,46409,566,126
51,D#4,46975,566,126
58,A#4,46975,283,126
51,D#4,47258,283,126
55,G4,47258,283,126
58,A#4,47541,566,126
51,D#4,48107,566,126
58,A#4,48107,566,126
51,D#4,48673,566,126
58,A#4,48673,593,126
51,D#4,49266,593,126
53,F4,49266,255,126
55,G4,49521,254,126
53,F4,52067,254,126
58,A#4,54047,283,126
60,C5,54330,283,126
51,D#4,54613,283,126
51,D#4,54613,283,126
58,A#4,54896,283,126
60,C5,54896,283,126
51,D#4,55179,283,126
58,A#4,55179,283,126
51,D#4,55462,283,126
60,C5,55462,566,126
51,D#4,56028,566,126
51,D#4,56028,566,126
63,D#5,56594,566,126
60,C5,56594,283,126
51,D#4,56877,283,126
58,A#4,56877,283,126
51,D#4,57160,283,126
60,C5,57160,283,126
51,D#4,57443,283,126
58,A#4,57443,283,126
51,D#4,57726,283,126
51,D#4,57726,566,126
60,C5,58292,566,126
56,G#4,58292,283,126
63,D#5,58575,283,126
55,G4,58575,1981,126
63,D#5,60556,1981,126
58,A#4,60556,283,126
63,D#5,60839,283,126
65,F5,60839,1811,126
58,A#4,63102,283,126
60,C5,63385,283,126
51,D#4,63668,283,126
58,A#4,63668,283,126
51,D#4,63951,283,126
60,C5,63951,283,126
51,D#4,64234,283,126
58,A#4,64234,283,126
51,D#4,64517,283,126
60,C5,64517,566,126
51,D#4,65083,566,126
63,D#5,65083,566,126
51,D#4,65649,566,126
60,C5,65649,283,126
51,D#4,65932,283,126
58,A#4,65932,283,126
51,D#4,66215,283,126
60,C5,66215,283,126
51,D#4,66498,283,126
58,A#4,66498,283,126
51,D#4,66781,283,126
60,C5,66781,566,126
51,D#4,67347,566,126
56,G#4,67347,283,126
63,D#5,67630,283,126
55,G4,67630,1981,126
63,D#5,69611,1981,126
58,A#4,69611,283,126
63,D#5,69894,283,126
65,F5,69894,1811,126
51,D#4,72157,283,126
63,D#5,72440,283,126
58,A#4,72440,283,126
70,A#5,72723,283,126
58,A#4,72723,566,126
70,A#5,73289,566,126
48,C4,73289,283,126
60,C5,73572,283,126
51,D#4,73572,283,126
63,D#5,73855,283,126
48,C4,73855,283,126
60,C5,74138,283,126
51,D#4,74138,849,126
63,D#5,74987,849,126
63,D#5,74987,283,126
72,C6,75270,509,126
63,D#5,75835,283,126
70,A#5,76118,509,126
51,D#4,76683,283,126
63,D#5,76966,283,126
58,A#4,76966,283,126
70,A#5,77249,283,126
58,A#4,77249,566,126
70,A#5,77815,566,126
63,D#5,77815,283,126
72,C6,78098,283,126
63,D#5,78381,283,126
70,A#5,78664,283,126
63,D#5,78947,283,126
68,G#5,79230,509,126
63,D#5,79795,283,126
67,G5,80078,509,126
63,D#5,80643,283,126
65,F5,80926,283,126
63,D#5,81209,283,126
51,D#4,81492,283,126
58,A#4,81492,283,126
70,A#5,81775,283,126
58,A#4,81775,566,126
70,A#5,82341,566,126
48,C4,82341,283,126
60,C5,82624,283,126
51,D#4,82624,283,126
63,D#5,82907,283,126
48,C4,82907,283,126
60,C5,83190,283,126
51,D#4,83190,849,126
63,D#5,84039,849,126
63,D#5,84039,283,126
72,C6,84322,509,126
63,D#5,84887,283,126
70,A#5,85170,509,126
51,D#4,85735,283,126
63,D#5,86018,283,126
58,A#4,86018,283,126
70,A#5,86301,283,126
58,A#4,86301,566,126
70,A#5,86867,566,126
63,D#5,86867,283,126
72,C6,87150,283,126
63,D#5,87433,283,126
70,A#5,87716,283,126
63,D#5,87999,283,126
68,G#5,88282,509,126
63,D#5,88847,283,126
67,G5,89130,509,126
63,D#5,89695,283,126
65,F5,89978,509,126
63,D#5,90543,283,126
55,G4,90826,283,126
60,C5,91109,283,126
55,G4,91392,283,126
63,D#5,91675,283,126
55,G4,91958,283,126
60,C5,92241,283,126
55,G4,92524,283,126
65,F5,92807,283,126
55,G4,93090,283,126
60,C5,93373,283,126
55,G4,93656,283,126
65,F5,93939,283,126
55,G4,94222,283,126
60,C5,94505,283,126
55,G4,94788,283,126
67,G5,95071,283,126
55,G4,95354,283,126
58,A#4,95637,283,126
55,G4,95920,283,126
67,G5,96203,283,126
55,G4,96486,283,126
58,A#4,96769,283,126
67,G5,97052,283,126
65,F5,97335,283,126
55,G4,97618,283,126
58,A#4,97901,283,126
55,G4,98184,283,126
65,F5,98467,283,126
55,G4,98750,283,126
63,D#5,99033,283,126
62,D5,99316,283,126
51,D#4,99599,283,126
60,C5,99882,283,126
58,A#4,99882,283,126
51,D#4,100165,283,126
60,C5,100165,283,126
51,D#4,100448,283,126
58,A#4,100448,283,126
51,D#4,100731,283,126
58,A#4,100731,566,126
51,D#4,101297,566,126
58,A#4,101297,283,126
51,D#4,101580,283,126
55,G4,101580,283,126
58,A#4,101863,566,126
51,D#4,102429,566,126
58,A#4,102429,566,126
51,D#4,102995,566,126
58,A#4,102995,593,126
51,D#4,103588,593,126
53,F4,103588,255,126
55,G4,103843,254,126
53,F4,106389,254,126
58,A#4,108369,283,126
60,C5,108652,283,126
51,D#4,108935,283,126
58,A#4,108935,283,126
51,D#4,109218,283,126
60,C5,109218,283,126
51,D#4,109501,283,126
58,A#4,109501,283,126
51,D#4,109784,283,126
58,A#4,109784,566,126
51,D#4,110350,566,126
58,A#4,110350,283,126
51,D#4,110633,283,126
55,G4,110633,283,126
58,A#4,110916,566,126
51,D#4,111482,566,126
58,A#4,111482,566,126
51,D#4,112048,566,126
58,A#4,112048,593,126
51,D#4,112641,593,126
53,F4,112641,255,126
55,G4,112896,254,126
53,F4,115442,254,126
58,A#4,117422,283,126
60,C5,117705,283,126
51,D#4,117988,283,126
58,A#4,117988,283,126
60,C5,118271,283,126
51,D#4,118554,283,126
58,A#4,118554,283,126
60,C5,118837,566,126
51,D#4,119403,566,126
56,G#4,119403,566,126
63,D#5,119969,566,126
60,C5,119969,566,126
65,F5,120535,566,126
56,G#4,120535,283,126
60,C5,120818,283,126
56,G#4,120818,566,126
60,C5,121384,566,126
56,G#4,121384,283,126
63,D#5,121667,283,126
55,G4,121667,2122,126
63,D#5,123789,2122,126
58,A#4,123789,141,126
58,A#4,123930,154,126
63,D#5,124084,128,126
65,F5,124212,1047,126
67,G5,125343,154,126
68,G#5,125497,128,126
67,G5,125625,764,126
60,C5,126756,283,126
51,D#4,127039,283,126
58,A#4,127039,283,126
60,C5,127322,283,126
51,D#4,127605,283,126
58,A#4,127605,283,126
60,C5,127888,566,126
51,D#4,128454,566,126
51,D#4,128454,566,126
63,D#5,129020,566,126
60,C5,129020,283,126
51,D#4,129303,283,126
58,A#4,129303,283,126
60,C5,129586,283,126
51,D#4,129869,283,126
58,A#4,129869,283,126
60,C5,130152,566,126
51,D#4,130718,566,126
56,G#4,130718,283,126
63,D#5,131001,283,126
55,G4,131001,1981,126
63,D#5,132982,1981,126
55,G4,132982,283,126
65,F5,133265,566,126
65,F5,133831,283,126
63,D#5,134114,283,126
65,F5,134397,509,126
67,G5,134962,509,126
51,D#4,135527,283,126
63,D#5,135810,283,126
58,A#4,135810,283,126
70,A#5,136093,283,126
58,A#4,136093,566,126
70,A#5,136659,566,126
48,C4,136659,283,126
60,C5,136942,283,126
51,D#4,136942,283,126
63,D#5,137225,283,126
48,C4,137225,283,126
60,C5,137508,283,126
51,D#4,137508,849,126
63,D#5,138357,849,126
63,D#5,138357,283,126
72,C6,138640,509,126
63,D#5,139205,283,126
70,A#5,139488,509,126
51,D#4,140053,283,126
63,D#5,140336,283,126
58,A#4,140336,283,126
70,A#5,140619,283,126
58,A#4,140619,566,126
70,A#5,141185,566,126
63,D#5,141185,283,126
72,C6,141468,283,126
63,D#5,141751,283,126
70,A#5,142034,283,126
63,D#5,142317,283,126
68,G#5,142600,509,126
63,D#5,143165,283,126
67,G5,143448,509,126
63,D#5,144013,283,126
65,F5,144296,283,126
63,D#5,144579,283,126
51,D#4,144862,283,126
58,A#4,144862,283,126
70,A#5,145145,283,126
58,A#4,145145,566,126
70,A#5,145711,566,126
48,C4,145711,283,126
60,C5,145994,283,126
51,D#4,145994,283,126
63,D#5,146277,283,126
48,C4,146277,283,126
60,C5,146560,283,126
51,D#4,146560,849,126
63,D#5,147409,849,126
63,D#5,147409,283,126
72,C6,147692,509,126
63,D#5,148257,283,126
70,A#5,148540,509,126
51,D#4,149105,283,126
63,D#5,149388,283,126
58,A#4,149388,283,126
70,A#5,149671,283,126
58,A#4,149671,566,126
70,A#5,150237,566,126
63,D#5,150237,283,126
72,C6,150520,283,126
63,D#5,150803,283,126
70,A#5,151086,283,126
63,D#5,151369,283,126
68,G#5,151652,509,126
63,D#5,152217,283,126
67,G5,152500,509,126
63,D#5,153065,283,126
65,F5,153348,509,126
55,G4,153913,283,126
56,G#4,154196,283,126
56,G#4,154479,283,126
56,G#4,154762,283,126
56,G#4,155045,283,126
55,G4,155328,283,126
55,G4,155611,283,126
55,G4,155894,283,126
55,G4,156177,283,126
58,A#4,156460,283,126
58,A#4,156743,283,126
58,A#4,157026,283,126
58,A#4,157309,283,126
55,G4,157592,283,126
55,G4,157875,283,126
55,G4,158158,283,126
55,G4,158441,283,126
56,G#4,158724,283,126
55,G4,159007,283,126
56,G#4,159290,283,126
55,G4,159573,283,126
56,G#4,159856,283,126
63,D#5,160139,283,126
55,G4,160422,283,126
53,F4,160705,283,126
56,G#4,160988,283,126
63,D#5,161271,283,126
55,G4,161554,283,126
53,F4,161837,283,126
56,G#4,162120,283,126
63,D#5,162403,283,126
55,G4,162686,283,126
62,D5,162969,283,126
63,D#5,163252,283,126
63,D#5,163535,283,126
63,D#5,163818,283,126
63,D#5,164101,283,126
62,D5,164384,283,126
62,D5,164667,283,126
62,D5,164950,283,126
62,D5,165233,283,126
65,F5,165516,283,126
65,F5,165799,283,126
65,F5,166082,283,126
65,F5,166365,283,126
62,D5,166648,283,126
62,D5,166931,283,126
62,D5,167214,283,126
62,D5,167497,283,126
63,D#5,167780,283,126
70,A#5,168063,283,126
63,D#5,168346,283,126
62,D5,168629,283,126
63,D#5,168912,283,126
70,A#5,169195,283,126
63,D#5,169478,283,126
62,D5,169761,283,126
63,D#5,170044,283,126
70,A#5,170327,283,126
63,D#5,170610,283,126
62,D5,170893,283,126
63,D#5,171176,283,126
70,A#5,171459,283,126
63,D#5,171742,254,126
63,D#5,174005,283,126
51,D#4,174288,283,126
58,A#4,174288,283,126
70,A#5,174571,283,126
58,A#4,174571,566,126
70,A#5,175137,566,126
48,C4,175137,283,126
60,C5,175420,283,126
51,D#4,175420,283,126
63,D#5,175703,283,126
48,C4,175703,283,126
60,C5,175986,283,126
51,D#4,175986,849,126
63,D#5,176835,849,126
63,D#5,176835,283,126
72,C6,177118,509,126
63,D#5,177683,283,126
70,A#5,177966,509,126
51,D#4,178531,283,126
63,D#5,178814,283,126
58,A#4,178814,283,126
70,A#5,179097,283,126
58,A#4,179097,566,126
70,A#5,179663,566,126
63,D#5,179663,283,126
72,C6,179946,283,126
63,D#5,180229,283,126
70,A#5,180512,283,126
63,D#5,180795,283,126
68,G#5,181078,509,126
63,D#5,181643,283,126
67,G5,181926,509,126
63,D#5,182491,283,126
65,F5,182774,283,126
63,D#5,183057,283,126
51,D#4,183340,283,126
58,A#4,183340,283,126
70,A#5,183623,283,126
58,A#4,183623,566,126
70,A#5,184189,566,126
48,C4,184189,283,126
60,C5,184472,283,126
51,D#4,184472,283,126
63,D#5,184755,283,126
48,C4,184755,283,126
60,C5,185038,283,126
51,D#4,185038,849,126
63,D#5,185887,849,126
63,D#5,185887,283,126
72,C6,186170,509,126
63,D#5,186735,283,126
70,A#5,187018,509,126
51,D#4,187583,283,126
63,D#5,187866,283,126
58,A#4,187866,283,126
70,A#5,188149,283,126
58,A#4,188149,566,126
70,A#5,188715,566,126
63,D#5,188715,283,126
72,C6,188998,283,126
63,D#5,189281,283,126
70,A#5,189564,283,126
63,D#5,189847,283,126
68,G#5,190130,509,126
63,D#5,190695,283,126
67,G5,190978,509,126
63,D#5,191543,283,126
65,F5,191826,283,126
63,D#5,192109,283,126
51,D#4,192392,283,126
58,A#4,192392,283,126
70,A#5,192675,283,126
70,A#5,192675,566,126
58,A#4,193241,566,126
48,C4,193241,283,126
60,C5,193524,283,126
51,D#4,193524,283,126
63,D#5,193807,283,126
48,C4,193807,283,126
60,C5,194090,283,126
51,D#4,194090,849,126
63,D#5,194939,849,126
63,D#5,194939,283,126
72,C6,195222,509,126
63,D#5,195787,283,126
70,A#5,196070,509,126
51,D#4,196635,283,126
63,D#5,196918,283,126
58,A#4,196918,283,126
70,A#5,197201,283,126
58,A#4,197201,566,126
70,A#5,197767,566,126
63,D#5,197767,283,126
72,C6,198050,283,126
63,D#5,198333,283,126
70,A#5,198616,283,126
63,D#5,198899,283,126
68,G#5,199182,509,126
63,D#5,199747,283,126
67,G5,200030,509,126
63,D#5,200595,283,126
65,F5,200878,283,126
63,D#5,201161,283,126
51,D#4,201444,283,126
58,A#4,201444,283,126
70,A#5,201727,283,126
58,A#4,201727,566,126
70,A#5,202293,566,126
48,C4,202293,283,126
60,C5,202576,283,126
51,D#4,202576,283,126
63,D#5,202859,283,126
48,C4,202859,283,126
60,C5,203142,283,126
51,D#4,203142,849,126
63,D#5,203991,849,126
63,D#5,203991,283,126
72,C6,204274,509,126
63,D#5,204839,283,126
70,A#5,205122,509,126
63,D#5,205687,283,126
51,D#4,205970,283,126
58,A#4,205970,283,126
70,A#5,206253,283,126
58,A#4,206253,566,126
70,A#5,206819,566,126
63,D#5,206819,283,126
72,C6,207102,283,126
63,D#5,207385,283,126
70,A#5,207668,283,126
63,D#5,207951,283,126
68,G#5,208234,509,126
63,D#5,208799,283,126
67,G5,209082,509,126
63,D#5,209647,283,126
65,F5,209930,283,126
63,D#5,210213,283,126
60,C5,210496,283,126
51,D#4,210779,283,126
58,A#4,210779,283,126
51,D#4,211062,283,126
60,C5,211062,283,126
51,D#4,211345,283,126
58,A#4,211345,283,126
51,D#4,211628,283,126
58,A#4,211628,566,126
51,D#4,212194,566,126
58,A#4,212194,283,126
51,D#4,212477,283,126
55,G4,212477,283,126
58,A#4,212760,566,126
51,D#4,213326,566,126
58,A#4,213326,566,126
51,D#4,213892,566,126
51,D#4,213892,2264,126
63,D#5,216156,2264,126
53,F4,216156,283,126
55,G4,216439,622,126
--end--
36,C3,0,2037,126
32,G#2,2263,2037,126
39,D#3,4526,2037,126
38,D3,6789,2037,126
36,C3,9052,2264,126
24,C2,11316,2264,126
32,G#2,11316,2264,126
20,G#1,13580,2264,126
27,D#2,13580,2264,126
39,D#3,15844,2264,126
38,D3,15844,2264,126
26,D2,18108,2264,126
36,C3,18108,2264,126
24,C2,20372,2264,126
32,G#2,20372,2264,126
20,G#1,22636,2264,126
27,D#2,22636,2264,126
39,D#3,24900,2264,126
26,D2,24900,2264,126
38,D3,27164,2264,126
36,C3,27164,2264,126
24,C2,29428,2264,126
32,G#2,29428,2264,126
20,G#1,31692,2264,126
27,D#2,31692,2264,126
39,D#3,33956,2264,126
38,D3,33956,2264,126
26,D2,36220,2264,126
36,C3,36220,283,126
39,D#3,36503,283,126
43,G3,36786,283,126
48,C4,37069,283,126
50,D4,37352,283,126
43,G3,37635,283,126
48,C4,37918,283,126
43,G3,38201,283,126
32,G#2,38484,283,126
36,C3,38767,283,126
39,D#3,39050,283,126
44,G#3,39333,283,126
46,A#3,39616,283,126
39,D#3,39899,283,126
44,G#3,40182,283,126
39,D#3,40465,283,126
39,D#3,40748,283,126
43,G3,41031,283,126
46,A#3,41314,283,126
53,F4,41597,283,126
51,D#4,41880,283,126
46,A#3,42163,283,126
53,F4,42446,283,126
51,D#4,42729,283,126
34,A#2,43012,283,126
43,G3,43295,283,126
46,A#3,43578,283,126
51,D#4,43861,283,126
50,D4,44144,283,126
46,A#3,44427,283,126
50,D4,44710,283,126
51,D#4,44993,283,126
36,C3,45276,283,126
39,D#3,45559,283,126
43,G3,45842,283,126
48,C4,46125,283,126
50,D4,46408,283,126
43,G3,46691,283,126
48,C4,46974,283,126
43,G3,47257,283,126
32,G#2,47540,283,126
36,C3,47823,283,126
39,D#3,48106,283,126
44,G#3,48389,283,126
46,A#3,48672,283,126
39,D#3,48955,283,126
44,G#3,49238,283,126
39,D#3,49521,283,126
39,D#3,49804,283,126
43,G3,50087,283,126
46,A#3,50370,283,126
53,F4,50653,283,126
51,D#4,50936,283,126
46,A#3,51219,283,126
53,F4,51502,283,126
51,D#4,51785,283,126
34,A#2,52068,283,126
43,G3,52351,283,126
46,A#3,52634,283,126
51,D#4,52917,283,126
50,D4,53200,283,126
46,A#3,53483,283,126
50,D4,53766,283,126
51,D#4,54049,283,126
36,C3,54332,283,126
39,D#3,54615,283,126
43,G3,54898,283,126
48,C4,55181,283,126
50,D4,55464,283,126
43,G3,55747,283,126
48,C4,56030,283,126
43,G3,56313,283,126
32,G#2,56596,283,126
36,C3,56879,283,126
39,D#3,57162,283,126
44,G#3,57445,283,126
46,A#3,57728,283,126
39,D#3,58011,283,126
44,G#3,58294,283,126
39,D#3,58577,283,126
39,D#3,58860,283,126
43,G3,59143,283,126
46,A#3,59426,283,126
53,F4,59709,283,126
51,D#4,59992,283,126
46,A#3,60275,283,126
53,F4,60558,283,126
51,D#4,60841,283,126
34,A#2,61124,283,126
43,G3,61407,283,126
46,A#3,61690,283,126
51,D#4,61973,283,126
50,D4,62256,283,126
46,A#3,62539,283,126
50,D4,62822,283,126
51,D#4,63105,283,126
36,C3,63388,283,126
39,D#3,63671,283,126
43,G3,63954,283,126
48,C4,64237,283,126
50,D4,64520,283,126
43,G3,64803,283,126
48,C4,65086,283,126
43,G3,65369,283,126
32,G#2,65652,283,126
36,C3,65935,283,126
39,D#3,66218,283,126
44,G#3,66501,283,126
46,A#3,66784,283,126
39,D#3,67067,283,126
44,G#3,67350,283,126
39,D#3,67633,283,126
39,D#3,67916,283,126
43,G3,68199,283,126
46,A#3,68482,283,126
53,F4,68765,283,126
51,D#4,69048,283,126
46,A#3,69331,283,126
53,F4,69614,283,126
51,D#4,69897,283,126
34,A#2,70180,283,126
43,G3,70463,283,126
46,A#3,70746,283,126
51,D#4,71029,283,126
50,D4,71312,283,126
46,A#3,71595,283,126
50,D4,71878,283,126
51,D#4,72161,283,126
36,C3,72444,283,126
39,D#3,72727,283,126
43,G3,73010,283,126
48,C4,73293,283,126
50,D4,73576,283,126
43,G3,73859,283,126
48,C4,74142,283,126
43,G3,74425,283,126
32,G#2,74708,283,126
36,C3,74991,283,126
39,D#3,75274,283,126
44,G#3,75557,283,126
46,A#3,75840,283,126
39,D#3,76123,283,126
44,G#3,76406,283,126
39,D#3,76689,283,126
39,D#3,76972,283,126
43,G3,77255,283,126
46,A#3,77538,283,126
53,F4,77821,283,126
51,D#4,78104,283,126
46,A#3,78387,283,126
53,F4,78670,283,126
51,D#4,78953,283,126
34,A#2,79236,283,126
43,G3,79519,283,126
46,A#3,79802,283,126
51,D#4,80085,283,126
50,D4,80368,283,126
46,A#3,80651,283,126
50,D4,80934,283,126
51,D#4,81217,283,126
36,C3,81500,283,126
39,D#3,81783,283,126
43,G3,82066,283,126
48,C4,82349,283,126
50,D4,82632,283,126
43,G3,82915,283,126
48,C4,83198,283,126
43,G3,83481,283,126
32,G#2,83764,283,126
36,C3,84047,283,126
39,D#3,84330,283,126
44,G#3,84613,283,126
46,A#3,84896,283,126
39,D#3,85179,283,126
44,G#3,85462,283,126
39,D#3,85745,283,126
39,D#3,86028,283,126
43,G3,86311,283,126
46,A#3,86594,283,126
53,F4,86877,283,126
51,D#4,87160,283,126
46,A#3,87443,283,126
53,F4,87726,283,126
51,D#4,88009,283,126
34,A#2,88292,283,126
43,G3,88575,283,126
46,A#3,88858,283,126
51,D#4,89141,283,126
50,D4,89424,283,126
46,A#3,89707,283,126
50,D4,89990,283,126
51,D#4,90273,283,126
36,C3,90556,2037,126
32,G#2,92819,2037,126
39,D#3,95082,2037,126
38,D3,97345,2037,126
36,C3,99608,283,126
39,D#3,99891,283,126
43,G3,100174,283,126
48,C4,100457,283,126
50,D4,100740,283,126
43,G3,101023,283,126
48,C4,101306,283,126
43,G3,101589,283,126
32,G#2,101872,283,126
36,C3,102155,283,126
39,D#3,102438,283,126
44,G#3,102721,283,126
46,A#3,103004,283,126
39,D#3,103287,283,126
44,G#3,103570,283,126
39,D#3,103853,283,126
39,D#3,104136,283,126
43,G3,104419,283,126
46,A#3,104702,283,126
53,F4,104985,283,126
51,D#4,105268,283,126
46,A#3,105551,283,126
53,F4,105834,283,126
51,D#4,106117,283,126
34,A#2,106400,283,126
43,G3,106683,283,126
46,A#3,106966,283,126
51,D#4,107249,283,126
50,D4,107532,283,126
46,A#3,107815,283,126
50,D4,108098,283,126
51,D#4,108381,283,126
36,C3,108664,283,126
39,D#3,108947,283,126
43,G3,109230,283,126
48,C4,109513,283,126
50,D4,109796,283,126
43,G3,110079,283,126
48,C4,110362,283,126
43,G3,110645,283,126
32,G#2,110928,283,126
36,C3,111211,283,126
39,D#3,111494,283,126
44,G#3,111777,283,126
46,A#3,112060,283,126
39,D#3,112343,283,126
44,G#3,112626,283,126
39,D#3,112909,283,126
39,D#3,113192,283,126
43,G3,113475,283,126
46,A#3,113758,283,126
53,F4,114041,283,126
51,D#4,114324,283,126
46,A#3,114607,283,126
53,F4,114890,283,126
51,D#4,115173,283,126
34,A#2,115456,283,126
43,G3,115739,283,126
46,A#3,116022,283,126
51,D#4,116305,283,126
50,D4,116588,283,126
46,A#3,116871,283,126
50,D4,117154,283,126
51,D#4,117437,283,126
36,C3,117720,283,126
39,D#3,118003,283,126
43,G3,118286,283,126
48,C4,118569,283,126
50,D4,118852,283,126
43,G3,119135,283,126
48,C4,119418,283,126
43,G3,119701,283,126
32,G#2,119984,283,126
36,C3,120267,283,126
39,D#3,120550,283,126
44,G#3,120833,283,126
46,A#3,121116,283,126
39,D#3,121399,283,126
44,G#3,121682,283,126
39,D#3,121965,283,126
39,D#3,122248,283,126
43,G3,122531,283,126
46,A#3,122814,283,126
53,F4,123097,283,126
51,D#4,123380,283,126
46,A#3,123663,283,126
53,F4,123946,283,126
51,D#4,124229,283,126
34,A#2,124512,283,126
43,G3,124795,283,126
46,A#3,125078,283,126
51,D#4,125361,283,126
50,D4,125644,283,126
46,A#3,125927,283,126
50,D4,126210,283,126
51,D#4,126493,283,126
36,C3,126776,283,126
39,D#3,127059,283,126
43,G3,127342,283,126
48,C4,127625,283,126
50,D4,127908,283,126
43,G3,128191,283,126
48,C4,128474,283,126
43,G3,128757,283,126
32,G#2,129040,283,126
36,C3,129323,283,126
39,D#3,129606,283,126
44,G#3,129889,283,126
46,A#3,130172,283,126
39,D#3,130455,283,126
44,G#3,130738,283,126
39,D#3,131021,283,126
39,D#3,131304,283,126
43,G3,131587,283,126
46,A#3,131870,283,126
53,F4,132153,283,126
51,D#4,132436,283,126
46,A#3,132719,283,126
53,F4,133002,283,126
51,D#4,133285,283,126
34,A#2,133568,283,126
43,G3,133851,283,126
46,A#3,134134,283,126
51,D#4,134417,283,126
50,D4,134700,283,126
46,A#3,134983,283,126
50,D4,135266,283,126
51,D#4,135549,283,126
36,C3,135832,283,126
39,D#3,136115,283,126
43,G3,136398,283,126
48,C4,136681,283,126
50,D4,136964,283,126
43,G3,137247,283,126
48,C4,137530,283,126
43,G3,137813,283,126
32,G#2,138096,283,126
36,C3,138379,283,126
39,D#3,138662,283,126
44,G#3,138945,283,126
46,A#3,139228,283,126
39,D#3,139511,283,126
44,G#3,139794,283,126
39,D#3,140077,283,126
39,D#3,140360,283,126
43,G3,140643,283,126
46,A#3,140926,283,126
53,F4,141209,283,126
51,D#4,141492,283,126
46,A#3,141775,283,126
53,F4,142058,283,126
51,D#4,142341,283,126
34,A#2,142624,283,126
43,G3,142907,283,126
46,A#3,143190,283,126
51,D#4,143473,283,126
50,D4,143756,283,126
46,A#3,144039,283,126
50,D4,144322,283,126
51,D#4,144605,283,126
36,C3,144888,283,126
39,D#3,145171,283,126
43,G3,145454,283,126
48,C4,145737,283,126
50,D4,146020,283,126
43,G3,146303,283,126
48,C4,146586,283,126
43,G3,146869,283,126
32,G#2,147152,283,126
36,C3,147435,283,126
39,D#3,147718,283,126
44,G#3,148001,283,126
46,A#3,148284,283,126
39,D#3,148567,283,126
44,G#3,148850,283,126
39,D#3,149133,283,126
39,D#3,149416,283,126
43,G3,149699,283,126
46,A#3,149982,283,126
53,F4,150265,283,126
51,D#4,150548,283,126
46,A#3,150831,283,126
53,F4,151114,283,126
51,D#4,151397,283,126
34,A#2,151680,283,126
43,G3,151963,283,126
46,A#3,152246,283,126
51,D#4,152529,283,126
50,D4,152812,283,126
46,A#3,153095,283,126
50,D4,153378,283,126
51,D#4,153661,283,126
36,C3,153944,283,126
39,D#3,154227,283,126
43,G3,154510,283,126
48,C4,154793,764,126
36,C3,155641,509,126
32,G#2,156206,283,126
36,C3,156489,283,126
39,D#3,156772,283,126
44,G#3,157055,764,126
32,G#2,157903,509,126
39,D#3,158468,283,126
43,G3,158751,283,126
46,A#3,159034,283,126
53,F4,159317,764,126
39,D#3,160165,509,126
34,A#2,160730,283,126
43,G3,161013,283,126
46,A#3,161296,283,126
51,D#4,161579,764,126
34,A#2,162427,509,126
36,C3,162992,283,126
39,D#3,163275,283,126
43,G3,163558,283,126
48,C4,163841,764,126
36,C3,164689,509,126
32,G#2,165254,283,126
36,C3,165537,283,126
39,D#3,165820,283,126
44,G#3,166103,764,126
32,G#2,166951,509,126
39,D#3,167516,283,126
43,G3,167799,283,126
46,A#3,168082,283,126
53,F4,168365,764,126
39,D#3,169213,509,126
34,A#2,169778,283,126
43,G3,170061,283,126
46,A#3,170344,283,126
51,D#4,170627,764,126
34,A#2,171475,509,126
36,C3,174304,283,126
39,D#3,174587,283,126
43,G3,174870,283,126
48,C4,175153,283,126
50,D4,175436,283,126
43,G3,175719,283,126
48,C4,176002,283,126
43,G3,176285,283,126
32,G#2,176568,283,126
36,C3,176851,283,126
39,D#3,177134,283,126
44,G#3,177417,283,126
46,A#3,177700,283,126
39,D#3,177983,283,126
44,G#3,178266,283,126
39,D#3,178549,283,126
39,D#3,178832,283,126
43,G3,179115,283,126
46,A#3,179398,283,126
53,F4,179681,283,126
51,D#4,179964,283,126
46,A#3,180247,283,126
53,F4,180530,283,126
51,D#4,180813,283,126
34,A#2,181096,283,126
43,G3,181379,283,126
46,A#3,181662,283,126
51,D#4,181945,283,126
50,D4,182228,283,126
46,A#3,182511,283,126
50,D4,182794,283,126
51,D#4,183077,283,126
36,C3,183360,283,126
39,D#3,183643,283,126
43,G3,183926,283,126
48,C4,184209,283,126
50,D4,184492,283,126
43,G3,184775,283,126
48,C4,185058,283,126
43,G3,185341,283,126
32,G#2,185624,283,126
36,C3,185907,283,126
39,D#3,186190,283,126
44,G#3,186473,283,126
46,A#3,186756,283,126
39,D#3,187039,283,126
44,G#3,187322,283,126
39,D#3,187605,283,126
39,D#3,187888,283,126
43,G3,188171,283,126
46,A#3,188454,283,126
53,F4,188737,283,126
51,D#4,189020,283,126
46,A#3,189303,283,126
53,F4,189586,283,126
51,D#4,189869,283,126
34,A#2,190152,283,126
43,G3,190435,283,126
46,A#3,190718,283,126
51,D#4,191001,283,126
50,D4,191284,283,126
46,A#3,191567,283,126
50,D4,191850,283,126
51,D#4,192133,283,126
36,C3,192416,283,126
39,D#3,192699,283,126
43,G3,192982,283,126
48,C4,193265,283,126
50,D4,193548,283,126
43,G3,193831,283,126
48,C4,194114,283,126
43,G3,194397,283,126
32,G#2,194680,283,126
36,C3,194963,283,126
39,D#3,195246,283,126
44,G#3,195529,283,126
46,A#3,195812,283,126
39,D#3,196095,283,126
44,G#3,196378,283,126
39,D#3,196661,283,126
39,D#3,196944,283,126
43,G3,197227,283,126
46,A#3,197510,283,126
53,F4,197793,283,126
51,D#4,198076,283,126
46,A#3,198359,283,126
53,F4,198642,283,126
51,D#4,198925,283,126
34,A#2,199208,283,126
43,G3,199491,283,126
46,A#3,199774,283,126
51,D#4,200057,283,126
50,D4,200340,283,126
46,A#3,200623,283,126
50,D4,200906,283,126
51,D#4,201189,283,126
36,C3,201472,283,126
39,D#3,201755,283,126
43,G3,202038,283,126
48,C4,202321,283,126
50,D4,202604,283,126
43,G3,202887,283,126
48,C4,203170,283,126
43,G3,203453,283,126
32,G#2,203736,283,126
36,C3,204019,283,126
39,D#3,204302,283,126
44,G#3,204585,283,126
46,A#3,204868,283,126
39,D#3,205151,283,126
44,G#3,205434,283,126
39,D#3,205717,283,126
39,D#3,206000,283,126
43,G3,206283,283,126
46,A#3,206566,283,126
53,F4,206849,283,126
51,D#4,207132,283,126
46,A#3,207415,283,126
53,F4,207698,283,126
51,D#4,207981,283,126
34,A#2,208264,283,126
43,G3,208547,283,126
46,A#3,208830,283,126
51,D#4,209113,283,126
50,D4,209396,283,126
46,A#3,209679,283,126
50,D4,209962,283,126
51,D#4,210245,283,126
36,C3,210528,283,126
39,D#3,210811,283,126
43,G3,211094,283,126
48,C4,211377,283,126
50,D4,211660,283,126
43,G3,211943,283,126
48,C4,212226,283,126
43,G3,212509,283,126
32,G#2,212792,283,126
36,C3,213075,283,126
39,D#3,213358,283,126
44,G#3,213641,283,126
46,A#3,213924,2037,126
51,D#4,216364,622,126
46,A#3,216986,622,126
43,G3,216986,622,126
39,D#3,216986,622,126