68,G#5,1000,473,74
70,A#5,1500,473,74
65,F5,2000,62,74
68,G#5,2062,68,74
72,C6,2130,120,74
72,C6,2250,234,74
72,C6,2500,234,74
72,C6,2750,234,74
72,C6,3000,234,74
72,C6,3250,234,74
75,D#6,3500,500,74
68,G#5,4000,500,74
70,A#5,4000,473,74
68,G#5,5000,234,74
70,A#5,5250,234,74
68,G#5,5500,234,74
70,A#5,5750,234,74
72,C6,6000,250,74
63,D#5,6250,250,74
68,G#5,6250,249,74
72,C6,6250,235,74
72,C6,6501,234,74
72,C6,6751,234,74
72,C6,7001,234,74
72,C6,7250,235,50
75,D#6,7501,473,74
70,A#5,8001,1000,74
63,D#5,9001,1000,74
68,G#5,9001,234,74
70,A#5,9251,234,74
68,G#5,9501,234,74
70,A#5,9751,234,74
61,C#5,10001,62,74
65,F5,10063,68,74
68,G#5,10131,67,50
72,C6,10198,303,74
73,C#6,10501,234,74
72,C6,10751,473,74
73,C#6,11251,234,74
75,D#6,11501,473,74
72,C6,12001,473,74
70,A#5,12500,474,74
68,G#5,13001,234,74
70,A#5,13251,234,74
68,G#5,13501,234,74
70,A#5,13751,234,74
60,C5,14001,62,74
65,F5,14063,68,74
68,G#5,14131,67,74
72,C6,14198,302,74
73,C#6,14500,235,74
72,C6,14751,473,74
73,C#6,15251,234,74
75,D#6,15501,473,74
72,C6,16001,473,74
70,A#5,16501,473,74
70,A#5,17001,62,74
72,C6,17063,63,74
70,A#5,17126,354,74
68,G#5,17501,473,74
60,C5,18001,1500,74
63,D#5,19501,1500,74
65,F5,19501,1500,74
58,A#4,19501,1000,74
64,E5,20501,1000,74
55,G4,20501,1000,74
55,G4,20501,473,74
68,G#5,22001,500,74
75,D#6,22501,500,74
72,C6,22501,1000,74
65,F5,23501,1000,74
68,G#5,23501,1000,74
60,C5,24501,1000,74
65,F5,24501,1000,74
56,G#4,24501,1500,74
60,C5,26001,1500,74
63,D#5,26001,1500,74
65,F5,26001,750,74
60,C5,26751,750,74
63,D#5,26751,750,74
63,D#5,26751,750,74
65,F5,27501,750,74
60,C5,27501,750,74
55,G4,27501,1000,74
58,A#4,28501,1000,74
64,E5,28501,1000,74
55,G4,28501,473,74
70,A#5,30001,500,74
65,F5,30501,500,74
68,G#5,30501,1000,74
60,C5,31501,1000,74
63,D#5,31501,1000,74
55,G4,32501,1000,74
58,A#4,32501,2500,74
46,A#3,35001,2500,74
51,D#4,35001,2500,74
55,G4,35001,2500,74
58,A#4,35001,473,74
56,G#4,35501,234,74
58,A#4,35751,234,74
49,C#4,36001,250,74
56,G#4,36251,250,74
60,C5,36251,250,74
60,C5,36251,250,74
56,G#4,36501,250,74
56,G#4,36501,250,74
60,C5,36751,250,74
60,C5,36751,250,74
56,G#4,37001,250,74
60,C5,37001,234,74
60,C5,37251,234,74
63,D#5,37501,500,74
56,G#4,38001,500,74
60,C5,38001,500,74
58,A#4,38001,1000,74
49,C#4,39001,1000,74
53,F4,39001,1000,74
56,G#4,39001,234,74
58,A#4,39251,234,74
56,G#4,39501,234,74
58,A#4,39751,234,74
60,C5,40001,250,74
56,G#4,40251,250,74
60,C5,40251,250,74
56,G#4,40501,250,74
60,C5,40501,250,74
56,G#4,40751,250,74
60,C5,40751,250,74
56,G#4,41001,250,74
60,C5,41001,250,74
56,G#4,41251,250,74
56,G#4,41251,250,74
60,C5,41501,250,74
63,D#5,41501,500,74
56,G#4,42001,500,74
60,C5,42001,500,74
56,G#4,42001,1000,74
58,A#4,43001,1000,74
56,G#4,43001,234,74
58,A#4,43251,234,74
56,G#4,43501,234,74
58,A#4,43751,234,74
60,C5,44001,500,74
49,C#4,44501,500,74
53,F4,44501,500,74
58,A#4,44501,250,74
61,C#5,44751,250,74
56,G#4,44751,500,74
60,C5,45251,500,74
61,C#5,45251,250,74
58,A#4,45501,250,74
63,D#5,45501,500,74
60,C5,46001,500,74
60,C5,46001,500,74
56,G#4,46501,500,74
58,A#4,46501,500,74
55,G4,47001,500,74
56,G#4,47001,234,74
58,A#4,47251,234,74
56,G#4,47501,234,74
58,A#4,47751,234,74
56,G#4,48001,500,74
60,C5,48501,500,74
61,C#5,48501,250,74
58,A#4,48751,250,74
56,G#4,48751,500,74
60,C5,49251,500,74
58,A#4,49251,250,74
61,C#5,49501,250,74
60,C5,49501,500,74
63,D#5,50001,499,74
60,C5,50001,500,74
51,D#4,50501,501,74
49,C#4,50501,500,74
58,A#4,51001,500,74
56,G#4,51001,234,74
58,A#4,51251,234,74
56,G#4,51500,235,74
58,A#4,51751,234,74
60,C5,52001,250,74
49,C#4,52251,250,74
56,G#4,52251,250,74
60,C5,52251,250,74
56,G#4,52501,250,74
56,G#4,52501,250,74
60,C5,52751,250,74
56,G#4,52751,250,74
60,C5,53001,250,74
60,C5,53001,234,74
60,C5,53251,234,74
63,D#5,53501,500,74
56,G#4,54001,500,74
60,C5,54001,500,74
49,C#4,54001,1000,74
53,F4,55001,1000,74
58,A#4,55001,1000,74
56,G#4,55001,234,74
58,A#4,55251,234,74
56,G#4,55500,235,74
58,A#4,55751,234,74
56,G#4,56001,250,74
60,C5,56251,250,74
60,C5,56251,250,74
56,G#4,56501,250,74
60,C5,56501,250,74
56,G#4,56751,250,74
60,C5,56751,250,74
56,G#4,57001,250,74
60,C5,57001,250,74
56,G#4,57251,250,74
56,G#4,57251,250,74
60,C5,57501,250,74
63,D#5,57501,500,74
56,G#4,58001,500,74
60,C5,58001,499,74
58,A#4,58001,1000,74
56,G#4,59001,1001,74
56,G#4,59001,234,74
58,A#4,59251,234,74
56,G#4,59500,235,74
58,A#4,59751,234,74
60,C5,60001,500,74
49,C#4,60501,500,74
52,E4,60501,500,74
58,A#4,60501,250,74
61,C#5,60751,250,74
56,G#4,60751,500,74
60,C5,61251,500,74
58,A#4,61251,250,74
61,C#5,61501,250,74
63,D#5,61501,500,74
60,C5,62001,500,74
60,C5,62001,500,74
56,G#4,62501,500,74
55,G4,62501,500,74
58,A#4,63001,500,74
56,G#4,63001,234,74
58,A#4,63251,234,74
56,G#4,63500,235,74
58,A#4,63751,234,74
60,C5,64001,500,74
56,G#4,64501,500,74
61,C#5,64501,250,74
58,A#4,64751,250,74
60,C5,64751,500,74
56,G#4,65251,500,74
61,C#5,65251,250,74
58,A#4,65501,250,74
63,D#5,65501,500,74
60,C5,66001,500,74
60,C5,66001,473,74
58,A#4,66501,473,74
58,A#4,67001,62,74
60,C5,67063,63,74
58,A#4,67126,354,74
56,G#4,67501,473,74
53,F4,68001,3796,74
--end--
49,C#4,2000,62,65
53,F4,2062,68,65
56,G#4,2130,1864,65
49,C#4,4500,473,65
56,G#4,5000,473,65
49,C#4,5500,473,65
44,G#3,6000,234,65
51,D#4,6249,235,65
56,G#4,6500,234,65
60,C5,6750,234,65
63,D#5,7000,473,65
60,C5,7500,473,65
56,G#4,8500,473,65
60,C5,9000,473,65
56,G#4,9500,473,65
37,C#3,10000,234,65
44,G#3,10250,234,65
49,C#4,10500,234,65
53,F4,10750,234,65
56,G#4,11000,473,65
53,F4,11500,473,65
48,C4,12000,750,65
40,E3,12750,750,65
48,C4,12750,234,65
52,E4,13000,473,65
48,C4,13500,473,65
29,F2,14000,234,65
36,C3,14250,234,65
41,F3,14499,235,65
44,G#3,14750,234,65
48,C4,15000,473,65
44,G#3,15500,473,65
51,D#4,16000,1000,65
42,F#3,17000,1000,65
44,G#3,17000,1000,65
48,C4,17000,1000,65
54,F#4,17000,1000,65
42,F#3,18000,1000,65
44,G#3,18000,1000,65
48,C4,18000,1000,65
44,G#3,18000,750,65
37,C#3,18750,750,65
44,G#3,18750,750,65
37,C#3,19500,750,65
48,C4,19500,1000,65
36,C3,20500,1000,65
43,G3,20500,500,65
40,E3,21000,500,65
43,G3,21000,1000,65
40,E3,22000,1000,65
48,C4,22000,750,65
41,F3,22750,750,65
48,C4,22750,750,65
41,F3,23500,750,65
48,C4,23500,1000,65
41,F3,24500,1000,65
51,D#4,24500,500,65
44,G#3,25000,499,65
44,G#3,25000,1000,65
51,D#4,26000,1001,65
44,G#3,26000,750,65
37,C#3,26750,750,65
44,G#3,26750,750,65
37,C#3,27500,750,65
36,C3,27500,1000,65
48,C4,28500,1000,65
43,G3,28500,500,65
40,E3,29000,499,65
43,G3,29000,1000,65
40,E3,30000,1001,65
48,C4,30000,750,65
41,F3,30750,750,65
48,C4,30750,750,65
41,F3,31500,750,65
48,C4,31500,1000,65
41,F3,32500,1000,65
39,D#3,32500,3500,65
27,D#2,36000,3500,65
37,C#3,36000,750,65
25,C#2,36750,750,65
37,C#3,36750,234,65
53,F4,37000,500,65
49,C#4,37500,500,65
37,C#3,37500,708,65
36,C3,38250,473,65
36,C3,38750,234,65
36,C3,39000,473,65
36,C3,39500,500,65
28,E2,40000,500,65
29,F2,40000,234,65
36,C3,40250,234,65
41,F3,40500,234,65
44,G#3,40750,234,65
48,C4,41000,473,65
44,G#3,41500,947,65
44,G#3,42500,947,65
27,D#2,43500,473,65
25,C#2,44000,750,65
37,C#3,44750,750,65
37,C#3,44750,234,65
49,C#4,45000,500,65
53,F4,45500,500,65
37,C#3,45500,473,65
37,C#3,46750,234,65
39,D#3,47000,473,65
28,E2,47500,473,65
29,F2,48000,234,65
36,C3,48250,234,65
41,F3,48500,234,65
44,G#3,48750,234,65
48,C4,49000,473,65
44,G#3,49500,473,65
51,D#4,49999,948,65
44,G#3,51000,500,65
32,G#2,51500,499,65
39,D#3,51500,500,65
27,D#2,52000,501,65
37,C#3,52000,750,65
25,C#2,52750,750,65
37,C#3,52750,234,65
53,F4,53000,500,65
49,C#4,53500,500,65
37,C#3,53500,500,65
37,C#3,54000,234,65
36,C3,54250,473,65
36,C3,54749,235,65
36,C3,55000,473,65
36,C3,55499,500,65
28,E2,55999,501,65
29,F2,55999,234,65
36,C3,56249,234,65
41,F3,56499,234,65
44,G#3,56749,234,65
48,C4,56999,473,65
44,G#3,57499,473,65
44,G#3,58499,947,65
27,D#2,59498,474,65
37,C#3,59999,750,65
28,E2,60749,750,65
37,C#3,60749,234,65
49,C#4,60999,500,65
52,E4,61499,500,65
37,C#3,61499,473,65
37,C#3,62748,235,65
39,D#3,62999,473,65
28,E2,63498,474,65
29,F2,63999,473,65
29,F2,64749,473,65
32,G#2,65499,473,65
44,G#3,65999,1000,65
32,G#2,66999,1000,65
36,C3,66999,1000,65
39,D#3,66999,1000,65
42,F#3,66999,1000,65
32,G#2,67999,1000,65
36,C3,67999,1000,65
39,D#3,67999,1000,65
25,C#2,67999,3796,65