59,B4,0,187,70
50,D4,187,188,56
59,B4,375,187,88
59,B4,562,188,82
59,B4,750,375,77
61,C#5,1125,375,82
61,C#5,1500,375,78
61,C#5,1875,187,77
54,F#4,2062,688,64
61,C#5,2812,188,90
62,D5,3000,375,86
61,C#5,3375,187,74
62,D5,3562,188,81
62,D5,3750,187,80
64,E5,3937,375,81
66,F#5,4312,563,81
62,D5,4875,187,67
59,B4,5062,188,68
59,B4,5250,375,77
54,F#4,5625,375,64
55,G4,6000,187,80
54,F#4,6187,188,70
55,G4,6375,375,78
59,B4,6750,375,86
58,A#4,7125,562,71
58,A#4,7687,188,73
59,B4,7875,375,80
61,C#5,8250,375,85
59,B4,8625,375,70
59,B4,9000,374,80
59,B4,9374,188,76
66,F#5,9562,188,90
59,B4,9750,375,68
61,C#5,10125,375,76
61,C#5,10500,1007,80
54,F#4,11625,375,63
55,G4,12000,187,78
54,F#4,12187,187,73
55,G4,12374,376,77
59,B4,12750,375,84
58,A#4,13125,375,73
59,B4,13500,374,81
58,A#4,13874,188,75
60,C5,14062,188,81
61,C#5,14250,375,84
66,F#5,14625,375,84
66,F#5,15000,671,80
61,C#5,15750,187,67
66,F#5,15937,188,85
70,A#5,16125,187,84
73,C#6,16312,164,85
59,B4,18749,376,70
59,B4,19125,187,76
57,A4,19312,563,70
52,E4,19875,187,63
52,E4,20062,563,74
57,A4,20625,375,87
54,F#4,21000,2851,75
59,B4,24749,376,72
59,B4,25125,187,72
57,A4,25312,188,70
57,A4,25500,375,76
61,C#5,25875,187,86
61,C#5,26062,563,76
57,A4,26625,375,65
62,D5,27000,375,87
61,C#5,27375,187,73
59,B4,27562,563,70
62,D5,28125,375,82
61,C#5,28500,375,74
62,D5,28875,375,81
61,C#5,29250,375,71
57,A4,29625,375,65
59,B4,30000,671,82
59,B4,30749,376,80
59,B4,31125,187,76
57,A4,31312,188,73
57,A4,31500,375,78
52,E4,31875,187,69
52,E4,32062,375,72
52,E4,32437,188,81
57,A4,32625,335,87
54,F#4,34500,1351,73
50,D4,36375,187,69
50,D4,36562,563,74
54,F#4,37125,187,82
52,E4,37312,187,74
52,E4,37499,376,79
50,D4,37875,187,73
49,C#4,38062,563,69
50,D4,38625,375,79
49,C#4,39000,1351,75
47,B3,40500,1351,72
59,B4,42000,375,98
59,B4,42375,187,77
59,B4,42562,188,78
59,B4,42750,187,78
59,B4,42937,375,77
61,C#5,43312,187,79
61,C#5,43499,376,77
61,C#5,43875,187,76
54,F#4,44062,688,63
61,C#5,44812,188,89
62,D5,45000,375,82
61,C#5,45375,187,73
62,D5,45562,375,79
64,E5,45937,375,81
66,F#5,46312,563,81
62,D5,46875,187,66
59,B4,47062,188,69
59,B4,47250,500,76
54,F#4,47812,188,63
55,G4,48000,187,82
54,F#4,48187,188,70
55,G4,48375,375,76
59,B4,48750,375,84
58,A#4,49125,562,72
58,A#4,49687,188,73
58,A#4,49875,375,75
61,C#5,50250,375,83
58,A#4,50625,375,70
59,B4,51000,375,81
59,B4,51375,187,75
66,F#5,51562,188,88
59,B4,51750,375,67
61,C#5,52125,1382,76
54,F#4,53625,375,61
55,G4,54000,187,80
54,F#4,54187,188,73
55,G4,54375,375,79
59,B4,54750,375,82
58,A#4,55125,562,71
58,A#4,55687,188,71
59,B4,55875,375,80
61,C#5,56250,375,83
66,F#5,56625,375,85
66,F#5,57000,2507,79
59,B4,59625,187,67
61,C#5,59812,188,77
62,D5,60000,375,84
61,C#5,60375,375,75
59,B4,60750,375,69
66,F#5,61125,374,89
66,F#5,61499,376,83
59,B4,61875,187,61
61,C#5,62062,563,80
59,B4,62625,187,70
61,C#5,62812,188,80
62,D5,63000,375,82
61,C#5,63375,375,72
62,D5,63750,375,80
66,F#5,64125,375,84
64,E5,64500,375,74
62,D5,64875,375,71
61,C#5,65250,375,71
59,B4,65625,187,70
54,F#4,65812,188,66
55,G4,66000,187,81
62,D5,66187,375,89
62,D5,66562,375,80
62,D5,66937,375,80
57,A4,67312,188,65
57,A4,67500,187,75
64,E5,67687,375,88
64,E5,68062,750,79
59,B4,68812,188,67
59,B4,69000,375,76
66,F#5,69375,187,91
66,F#5,69562,375,79
66,F#5,69937,375,76
64,E5,70312,188,71
64,E5,70500,375,80
62,D5,70875,187,72
61,C#5,71062,188,71
61,C#5,71250,187,79
62,D5,71437,375,81
62,D5,71812,188,75
62,D5,72000,187,80
69,A5,72187,188,90
69,A5,72375,375,80
62,D5,72750,375,66
61,C#5,73125,750,70
61,C#5,73875,187,76
62,D5,74062,188,80
64,E5,74250,375,85
59,B4,74625,374,68
59,B4,74999,188,79
66,F#5,75187,188,89
64,E5,75375,375,72
62,D5,75750,375,72
61,C#5,76125,750,73
61,C#5,76875,187,75
62,D5,77062,375,80
64,E5,77437,375,81
54,F#4,77812,188,57
55,G4,78000,375,78
54,F#4,78375,187,74
55,G4,78562,563,80
59,B4,79125,375,85
58,A#4,79500,375,78
58,A#4,79875,187,75
59,B4,80062,188,80
59,B4,80250,375,78
61,C#5,80625,375,81
59,B4,81000,1351,73
--end--
35,B2,0,671,72
47,B3,750,671,95
30,F#2,1500,187,61
37,C#3,1687,188,86
42,F#3,1875,1007,87
35,B2,3000,671,65
33,A2,3750,671,68
31,G2,4500,671,73
43,G3,5250,375,98
31,G2,5625,187,58
30,F#2,5812,188,68
28,E2,6000,375,73
35,B2,6375,375,90
40,E3,6750,375,88
35,B2,7125,375,67
30,F#2,7500,375,67
37,C#3,7875,375,88
42,F#3,8250,375,87
37,C#3,8625,375,66
31,G2,9000,187,66
38,D3,9187,187,88
43,G3,9374,188,88
45,A3,9562,188,81
47,B3,9750,671,83
33,A2,10500,187,59
40,E3,10687,187,87
45,A3,10874,188,87
47,B3,11062,188,84
49,C#4,11250,671,83
28,E2,12000,374,60
35,B2,12374,376,85
40,E3,12750,375,86
43,G3,13125,375,86
30,F#2,13500,187,58
37,C#3,13687,187,84
42,F#3,13874,188,88
44,G#3,14062,188,83
46,A#3,14250,375,84
42,F#3,14625,375,69
42,F#3,15000,187,76
49,C#4,15187,187,87
54,F#4,15374,188,87
57,A4,15562,164,84
18,F#1,16500,1351,70
31,G2,18000,375,98
38,D3,18375,374,95
43,G3,18749,672,88
33,A2,19500,375,64
40,E3,19875,375,87
45,A3,20250,671,88
35,B2,21000,375,61
42,F#3,21375,374,87
47,B3,21749,376,89
49,C#4,22125,375,81
50,D4,22500,375,82
47,B3,22875,375,71
57,A4,23250,375,93
50,D4,23625,375,66
19,G1,24000,375,58
38,D3,24375,374,91
43,G3,24749,672,90
21,A1,25500,375,59
40,E3,25875,375,92
45,A3,26250,671,89
23,B1,27000,375,62
42,F#3,27375,374,92
47,B3,27749,376,91
49,C#4,28125,375,84
50,D4,28500,671,81
47,B3,29250,671,70
19,G1,30000,375,56
31,G2,30375,375,56
38,D3,30375,374,85
43,G3,30749,376,85
38,D3,31125,375,67
33,A2,31500,375,68
21,A1,31875,375,68
40,E3,31875,375,89
45,A3,32250,375,88
40,E3,32625,375,66
35,B2,33000,375,65
23,B1,33375,375,65
42,F#3,33375,375,88
47,B3,33750,375,85
49,C#4,34125,375,82
50,D4,34500,1351,84
28,E2,36000,375,60
35,B2,36375,375,87
40,E3,36750,375,85
35,B2,37125,374,67
30,F#2,37499,376,67
37,C#3,37875,375,89
42,F#3,38250,671,87
35,B2,39000,375,67
42,F#3,39375,375,87
47,B3,39750,375,88
49,C#4,40125,375,83
50,D4,40500,375,82
54,F#4,40875,375,84
45,A3,41250,750,74
49,C#4,42000,750,74
52,E4,42000,750,74
31,G2,42000,375,56
38,D3,42375,375,85
43,G3,42750,375,87
38,D3,43125,187,70
43,G3,43312,187,84
33,A2,43499,376,62
40,E3,43875,375,87
45,A3,44250,375,86
49,C#4,44625,375,84
35,B2,45000,671,58
33,A2,45750,671,67
31,G2,46500,671,73
43,G3,47250,671,96
28,E2,48000,375,59
35,B2,48375,375,85
40,E3,48750,375,89
35,B2,49125,374,68
30,F#2,49499,376,67
37,C#3,49875,375,86
42,F#3,50250,671,89
31,G2,51000,375,60
38,D3,51375,375,85
43,G3,51750,375,88
35,B2,52125,375,60
33,A2,52500,375,73
42,F#3,52875,375,92
47,B3,53250,671,88
28,E2,54000,375,59
35,B2,54375,375,88
40,E3,54750,671,88
30,F#2,55499,376,63
37,C#3,55875,375,88
42,F#3,56250,375,86
37,C#3,56625,375,69
30,F#2,57000,375,65
37,C#3,57375,375,85
42,F#3,57750,375,89
44,G#3,58125,375,84
46,A#3,58500,1351,84
23,B1,60000,187,58
30,F#2,60187,188,87
35,B2,60375,187,87
38,D3,60562,188,86
42,F#3,60750,187,88
47,B3,60937,188,88
42,F#3,61125,187,66
38,D3,61312,187,65
21,A1,61499,188,56
28,E2,61687,188,87
33,A2,61875,187,87
37,C#3,62062,188,87
40,E3,62250,125,89
45,A3,62375,117,86
49,C#4,62492,133,86
45,A3,62625,375,71
19,G1,63000,187,59
26,D2,63187,188,85
31,G2,63375,187,87
35,B2,63562,188,87
38,D3,63750,187,88
43,G3,63937,188,87
38,D3,64125,187,68
35,B2,64312,188,69
33,A2,64500,187,75
40,E3,64687,188,88
45,A3,64875,187,88
49,C#4,65062,188,87
52,E4,65250,187,88
57,A4,65437,188,85
52,E4,65625,187,65
49,C#4,65812,188,67
28,E2,66000,187,56
35,B2,66187,188,88
40,E3,66375,187,88
42,F#3,66562,188,81
43,G3,66750,671,81
30,F#2,67500,187,59
37,C#3,67687,188,86
42,F#3,67875,187,88
37,C#3,68062,188,66
45,A3,68250,187,91
37,C#3,68437,188,65
42,F#3,68625,187,83
37,C#3,68812,188,67
31,G2,69000,187,66
38,D3,69187,188,85
43,G3,69375,187,88
45,A3,69562,188,82
47,B3,69750,671,81
33,A2,70500,187,59
40,E3,70687,188,86
45,A3,70875,187,86
47,B3,71062,188,82
49,C#4,71250,671,82
23,B1,72000,187,59
30,F#2,72187,188,88
35,B2,72375,187,87
38,D3,72562,188,85
42,F#3,72750,187,87
38,D3,72937,188,69
35,B2,73125,187,70
30,F#2,73312,188,63
21,A1,73500,187,60
28,E2,73687,188,84
33,A2,73875,187,87
37,C#3,74062,188,85
40,E3,74250,187,87
37,C#3,74437,188,69
33,A2,74625,187,69
28,E2,74812,187,62
19,G1,74999,188,61
26,D2,75187,188,86
31,G2,75375,187,86
35,B2,75562,188,86
38,D3,75750,187,89
35,B2,75937,188,70
31,G2,76125,187,67
26,D2,76312,188,66
21,A1,76500,187,67
28,E2,76687,188,89
33,A2,76875,187,87
37,C#3,77062,188,86
40,E3,77250,187,87
37,C#3,77437,188,69
33,A2,77625,187,69
28,E2,77812,188,62
28,E2,78000,375,79
35,B2,78375,375,91
40,E3,78750,671,89
30,F#2,79500,375,64
37,C#3,79875,375,85
42,F#3,80250,671,86
35,B2,81000,375,67
42,F#3,81375,375,86
47,B3,81750,375,88
49,C#4,82125,375,81
50,D4,82500,375,82
49,C#4,82875,375,74
50,D4,83250,375,80
49,C#4,83625,375,72
47,B3,84000,1351,76