63,D#5,833,374,126
70,A#5,1248,374,126
65,F5,1663,1124,126
66,F#5,2911,374,126
66,F#5,3326,749,126
63,D#5,4158,374,126
70,A#5,4573,374,126
65,F5,4988,1124,126
66,F#5,6236,374,126
68,G#5,6651,374,126
66,F#5,7066,374,126
63,D#5,7481,2041,126
65,F5,9563,374,126
61,C#5,9978,374,126
59,B4,10393,374,126
61,C#5,10808,2041,126
63,D#5,12890,374,126
59,B4,13305,374,126
58,A#4,13720,374,126
59,B4,14135,374,126
61,C#5,14550,374,126
63,D#5,14965,1208,126
63,D#5,16214,374,126
65,F5,16629,374,126
66,F#5,17044,374,126
66,F#5,17459,1124,126
68,G#5,18707,374,126
65,F5,19122,749,126
63,D#5,19954,374,126
70,A#5,20369,374,126
65,F5,20784,1124,126
66,F#5,22032,374,126
66,F#5,22447,749,126
63,D#5,23279,374,126
70,A#5,23694,374,126
65,F5,24109,1124,126
66,F#5,25357,374,126
68,G#5,25772,374,126
66,F#5,26187,374,126
63,D#5,26602,2041,126
65,F5,28684,374,126
61,C#5,29099,374,126
59,B4,29514,374,126
61,C#5,29929,2041,126
63,D#5,32011,374,126
59,B4,32426,374,126
58,A#4,32841,374,126
59,B4,33256,374,126
68,G#5,33671,374,126
66,F#5,34086,374,126
65,F5,34501,374,126
63,D#5,34916,374,126
62,D5,35331,374,126
60,C5,35746,374,126
62,D5,36161,374,126
63,D#5,36576,374,126
55,G4,36991,416,126
67,G5,37407,416,126
63,D#5,37407,416,126
68,G#5,37407,416,126
63,D#5,37823,416,126
56,G#4,37823,416,126
70,A#5,37823,416,126
63,D#5,38239,416,126
58,A#4,38239,416,126
71,B5,38239,416,126
68,G#5,38655,416,126
59,B4,38655,416,126
66,F#5,38655,416,126
63,D#5,39071,416,126
54,F#4,39071,416,126
65,F5,39071,416,126
61,C#5,39487,416,126
53,F4,39487,416,126
71,B5,39487,416,126
68,G#5,39903,416,126
59,B4,39903,416,126
58,A#4,39903,416,126
70,A#5,40319,416,126
61,C#5,40319,416,126
73,C#6,40735,416,126
54,F#4,40735,416,126
66,F#5,41151,416,126
58,A#4,41151,416,126
70,A#5,41567,416,126
68,G#5,41567,416,126
56,G#4,41983,416,126
54,F#4,41983,416,126
66,F#5,42399,416,126
53,F4,42399,277,126
65,F5,42676,277,126
50,D4,42676,277,126
62,D5,42953,277,126
47,B3,42953,277,126
59,B4,43230,277,126
58,A#4,43230,416,126
46,A#3,43646,416,126
67,G5,43646,416,126
63,D#5,44062,416,126
55,G4,44062,416,126
68,G#5,44062,416,126
63,D#5,44478,416,126
56,G#4,44478,416,126
70,A#5,44478,416,126
63,D#5,44894,416,126
58,A#4,44894,416,126
71,B5,44894,416,126
68,G#5,45310,416,126
59,B4,45310,416,126
66,F#5,45310,416,126
63,D#5,45726,416,126
54,F#4,45726,416,126
65,F5,45726,416,126
61,C#5,46142,416,126
53,F4,46142,416,126
71,B5,46142,416,126
68,G#5,46558,416,126
59,B4,46558,416,126
58,A#4,46558,416,126
70,A#5,46974,416,126
61,C#5,46974,416,126
73,C#6,47390,416,126
54,F#4,47390,416,126
66,F#5,47806,416,126
58,A#4,47806,416,126
70,A#5,48222,416,126
66,F#5,48222,416,126
57,A4,48638,416,126
69,A5,48638,416,126
54,F#4,48638,416,126
66,F#5,49054,416,126
53,F4,49054,416,126
65,F5,49470,416,126
51,D#4,49470,416,126
63,D#5,49886,416,126
66,F#5,49886,416,126
59,B4,50302,104,126
58,A#4,50406,104,126
54,F#4,50510,104,126
51,D#4,50614,104,126
47,B3,50718,104,126
46,A#3,50822,104,126
42,F#3,50926,104,126
39,D#3,51030,104,126
68,G#5,51134,416,126
56,G#4,51550,416,126
53,F4,51550,416,126
65,F5,51966,416,126
70,A#5,51966,104,126
68,G#5,52070,104,126
65,F5,52174,104,126
62,D5,52278,104,126
58,A#4,52382,104,126
56,G#4,52486,104,126
53,F4,52590,104,126
50,D4,52694,104,126
46,A#3,52798,104,126
44,G#3,52902,104,126
41,F3,53006,104,126
38,D3,53110,93,126
63,D#5,54046,374,126
70,A#5,54461,374,126
65,F5,54876,1124,126
66,F#5,56124,374,126
66,F#5,56539,749,126
63,D#5,57371,374,126
70,A#5,57786,374,126
65,F5,58201,1124,126
66,F#5,59449,374,126
68,G#5,59864,374,126
66,F#5,60279,374,126
63,D#5,60694,2041,126
65,F5,62776,374,126
61,C#5,63191,374,126
59,B4,63606,374,126
61,C#5,64021,2041,126
63,D#5,66103,374,126
59,B4,66518,374,126
58,A#4,66933,374,126
59,B4,67348,374,126
61,C#5,67763,374,126
63,D#5,68178,1208,126
63,D#5,69427,374,126
65,F5,69842,374,126
66,F#5,70257,374,126
66,F#5,70672,1124,126
68,G#5,71920,374,126
65,F5,72335,749,126
63,D#5,73167,374,126
70,A#5,73582,374,126
65,F5,73997,1124,126
66,F#5,75245,374,126
66,F#5,75660,749,126
63,D#5,76492,374,126
70,A#5,76907,374,126
65,F5,77322,1124,126
66,F#5,78570,374,126
68,G#5,78985,374,126
66,F#5,79400,374,126
63,D#5,79815,2041,126
65,F5,81897,374,126
61,C#5,82312,374,126
59,B4,82727,374,126
61,C#5,83142,2041,126
63,D#5,85224,374,126
59,B4,85639,374,126
58,A#4,86054,374,126
59,B4,86469,374,126
68,G#5,86884,374,126
66,F#5,87299,374,126
65,F5,87714,374,126
63,D#5,88129,374,126
62,D5,88544,374,126
60,C5,88959,374,126
62,D5,89374,374,126
63,D#5,89789,374,126
55,G4,90204,416,126
67,G5,90620,416,126
63,D#5,90620,416,126
68,G#5,90620,416,126
63,D#5,91036,416,126
56,G#4,91036,416,126
70,A#5,91036,416,126
63,D#5,91452,416,126
58,A#4,91452,416,126
71,B5,91452,416,126
68,G#5,91868,416,126
59,B4,91868,416,126
66,F#5,91868,416,126
54,F#4,92284,416,126
65,F5,92284,416,126
61,C#5,92700,416,126
53,F4,92700,416,126
71,B5,92700,416,126
59,B4,93116,416,126
66,F#5,93116,416,126
58,A#4,93532,416,126
70,A#5,93532,416,126
61,C#5,93532,416,126
73,C#6,93948,416,126
63,D#5,93948,416,126
54,F#4,94364,416,126
66,F#5,94364,416,126
58,A#4,94364,416,126
70,A#5,94780,416,126
68,G#5,94780,416,126
64,E5,95196,416,126
56,G#4,95196,416,126
54,F#4,95196,416,126
66,F#5,95612,416,126
65,F5,95612,277,126
53,F4,95889,277,126
50,D4,95889,277,126
62,D5,96166,277,126
59,B4,96166,277,126
47,B3,96443,277,126
46,A#3,96443,416,126
58,A#4,96859,416,126
63,D#5,96859,416,126
55,G4,97275,416,126
67,G5,97275,416,126
63,D#5,97275,416,126
56,G#4,97691,416,126
68,G#5,97691,416,126
63,D#5,97691,416,126
58,A#4,98107,416,126
70,A#5,98107,416,126
71,B5,98107,416,126
68,G#5,98523,416,126
59,B4,98523,416,126
66,F#5,98523,416,126
54,F#4,98939,416,126
65,F5,98939,416,126
61,C#5,99355,416,126
53,F4,99355,416,126
71,B5,99355,416,126
59,B4,99771,416,126
66,F#5,99771,416,126
58,A#4,100187,416,126
70,A#5,100187,416,126
61,C#5,100187,416,126
73,C#6,100603,416,126
63,D#5,100603,416,126
54,F#4,101019,416,126
66,F#5,101019,416,126
58,A#4,101019,416,126
70,A#5,101435,416,126
66,F#5,101435,416,126
57,A4,101851,416,126
69,A5,101851,416,126
54,F#4,101851,416,126
66,F#5,102267,416,126
53,F4,102267,416,126
65,F5,102683,416,126
51,D#4,102683,416,126
63,D#5,103099,416,126
66,F#5,103099,416,126
54,F#4,103515,416,126
46,A#3,103515,138,126
58,A#4,103653,138,126
47,B3,103653,138,126
59,B4,103791,138,126
46,A#3,103791,138,126
58,A#4,103929,138,126
47,B3,103929,138,126
56,G#4,104067,138,126
46,A#3,104067,138,126
58,A#4,104205,138,126
47,B3,104205,138,126
56,G#4,104343,138,126
46,A#3,104343,138,126
54,F#4,104481,138,126
47,B3,104481,138,126
56,G#4,104619,138,126
54,F#4,104619,138,126
53,F4,104757,2499,126
46,A#3,107256,2499,126
75,D#6,107256,374,126
82,A#6,107671,374,126
77,F6,108086,1124,126
78,F#6,109334,374,126
78,F#6,109749,749,126
75,D#6,110581,374,126
82,A#6,110996,374,126
77,F6,111411,1124,126
78,F#6,112659,374,126
80,G#6,113074,374,126
78,F#6,113489,374,126
75,D#6,113904,2041,126
77,F6,115986,374,126
73,C#6,116401,374,126
71,B5,116816,374,126
73,C#6,117231,2041,126
75,D#6,119313,374,126
71,B5,119728,374,126
70,A#5,120143,374,126
71,B5,120558,374,126
73,C#6,120973,374,126
75,D#6,121388,1208,126
75,D#6,122637,374,126
77,F6,123052,374,126
78,F#6,123467,374,126
78,F#6,123882,1124,126
80,G#6,125130,374,126
77,F6,125545,749,126
75,D#6,126377,374,126
82,A#6,126792,374,126
77,F6,127207,1124,126
78,F#6,128455,374,126
78,F#6,128870,749,126
75,D#6,129702,374,126
82,A#6,130117,374,126
77,F6,130532,1124,126
78,F#6,131780,374,126
80,G#6,132195,374,126
78,F#6,132610,374,126
75,D#6,133025,2041,126
77,F6,135107,374,126
73,C#6,135522,374,126
71,B5,135937,374,126
73,C#6,136352,2041,126
75,D#6,138434,374,126
71,B5,138849,374,126
70,A#5,139264,374,126
71,B5,139679,374,126
80,G#6,140094,374,126
78,F#6,140509,374,126
77,F6,140924,374,126
75,D#6,141339,374,126
74,D6,141754,374,126
72,C6,142169,374,126
74,D6,142584,374,126
75,D#6,142999,2416,126
66,F#5,145498,374,126
68,G#5,145913,374,126
70,A#5,146328,1249,126
66,F#5,147577,1249,126
68,G#5,147577,374,126
65,F5,147992,416,126
71,B5,148408,416,126
70,A#5,148408,374,126
63,D#5,148823,416,126
68,G#5,149239,416,126
66,F#5,149239,374,126
65,F5,149654,833,126
61,C#5,150487,833,126
66,F#5,150487,416,126
63,D#5,150903,416,126
68,G#5,150903,416,126
65,F5,151319,416,126
66,F#5,151319,1249,126
70,A#5,152568,1249,126
73,C#6,152568,374,126
63,D#5,152983,416,126
72,C6,153399,416,126
68,G#5,153399,374,126
70,A#5,153814,416,126
66,F#5,154230,374,126
65,F5,154645,374,126
61,C#5,155060,374,126
63,D#5,155475,416,126
66,F#5,155891,416,126
68,G#5,155891,374,126
70,A#5,156306,749,126
66,F#5,157138,374,126
68,G#5,157553,374,126
65,F5,157968,416,126
71,B5,158384,416,126
70,A#5,158384,374,126
63,D#5,158799,416,126
68,G#5,159215,416,126
70,A#5,159215,374,126
66,F#5,159630,749,126
61,C#5,160462,416,126
65,F5,160878,416,126
66,F#5,160878,374,126
63,D#5,161293,833,126
59,B4,162126,833,126
65,F5,162126,416,126
61,C#5,162542,416,126
66,F#5,162542,416,126
63,D#5,162958,416,126
65,F5,162958,416,126
70,A#5,163374,416,126
73,C#6,163374,374,126
63,D#5,163789,416,126
72,C6,164205,416,126
68,G#5,164205,374,126
70,A#5,164620,416,126
63,D#5,165036,416,126
61,C#5,165452,416,126
58,A#4,165868,416,126
56,G#4,166284,416,126
53,F4,166700,374,126
75,D#6,167115,416,126
63,D#5,167531,374,126
65,F5,167946,374,126
66,F#5,168361,374,126
70,A#5,168776,416,126
73,C#6,169192,416,126
71,B5,169192,374,126
70,A#5,169607,749,126
72,C6,170439,374,126
68,G#5,170854,374,126
70,A#5,171269,416,126
58,A#4,171685,416,126
63,D#5,171685,374,126
61,C#5,172100,374,126
66,F#5,172515,374,126
65,F5,172930,374,126
66,F#5,173345,374,126
65,F5,173760,374,126
61,C#5,174175,374,126
63,D#5,174590,749,126
65,F5,175422,374,126
66,F#5,175837,374,126
70,A#5,176252,374,126
73,C#6,176667,374,126
72,C6,177082,374,126
68,G#5,177497,374,126
70,A#5,177912,4833,126
59,B4,182911,43,126
63,D#5,182954,50,126
66,F#5,183004,1677,126
70,A#5,184681,1677,126
31,G2,184681,104,126
34,A#2,184785,104,126
37,C#3,184889,104,126
39,D#3,184993,104,126
37,C#3,185097,104,126
34,A#2,185201,104,126
31,G2,185305,93,126
31,G2,185512,104,126
34,A#2,185616,104,126
39,D#3,185720,104,126
43,G3,185824,104,126
39,D#3,185928,104,126
34,A#2,186032,104,126
31,G2,186136,93,126
35,B2,186343,104,126
39,D#3,186447,104,126
42,F#3,186551,104,126
44,G#3,186655,104,126
42,F#3,186759,104,126
39,D#3,186863,104,126
35,B2,186967,93,126
41,F3,187174,104,126
44,G#3,187278,104,126
47,B3,187382,104,126
49,C#4,187486,104,126
47,B3,187590,104,126
44,G#3,187694,104,126
41,F3,187798,93,126
34,A#2,188005,104,126
37,C#3,188109,104,126
41,F3,188213,104,126
42,F#3,188317,104,126
41,F3,188421,104,126
37,C#3,188525,104,126
34,A#2,188629,93,126
39,D#3,188836,104,126
42,F#3,188940,104,126
46,A#3,189044,104,126
47,B3,189148,104,126
46,A#3,189252,104,126
42,F#3,189356,104,126
39,D#3,189460,93,126
32,G#2,189667,104,126
35,B2,189771,104,126
39,D#3,189875,104,126
40,E3,189979,104,126
39,D#3,190083,104,126
35,B2,190187,104,126
32,G#2,190291,93,126
38,D3,190498,104,126
41,F3,190602,104,126
44,G#3,190706,104,126
46,A#3,190810,104,126
44,G#3,190914,104,126
41,F3,191018,104,126
38,D3,191122,93,126
31,G2,191329,104,126
34,A#2,191433,104,126
37,C#3,191537,104,126
43,G3,191641,104,126
37,C#3,191745,104,126
34,A#2,191849,104,126
31,G2,191953,93,126
31,G2,192160,104,126
34,A#2,192264,104,126
39,D#3,192368,104,126
46,A#3,192472,104,126
39,D#3,192576,104,126
34,A#2,192680,104,126
31,G2,192784,93,126
35,B2,192991,104,126
39,D#3,193095,104,126
42,F#3,193199,104,126
44,G#3,193303,104,126
42,F#3,193407,104,126
39,D#3,193511,104,126
35,B2,193615,93,126
41,F3,193822,104,126
44,G#3,193926,104,126
47,B3,194030,104,126
49,C#4,194134,104,126
47,B3,194238,104,126
44,G#3,194342,104,126
41,F3,194446,93,126
34,A#2,194653,104,126
37,C#3,194757,104,126
41,F3,194861,104,126
42,F#3,194965,104,126
41,F3,195069,104,126
37,C#3,195173,104,126
34,A#2,195277,93,126
39,D#3,195484,104,126
42,F#3,195588,104,126
46,A#3,195692,104,126
47,B3,195796,104,126
46,A#3,195900,104,126
42,F#3,196004,104,126
39,D#3,196108,93,126
35,B2,196315,104,126
38,D3,196419,104,126
41,F3,196523,104,126
44,G#3,196627,104,126
47,B3,196731,104,126
50,D4,196835,104,126
53,F4,196939,104,126
56,G#4,197043,104,126
59,B4,197147,104,126
62,D5,197251,104,126
65,F5,197355,104,126
68,G#5,197459,104,126
71,B5,197563,104,126
74,D6,197667,104,126
77,F6,197771,93,126
71,B5,198291,104,126
70,A#5,198395,104,126
66,F#5,198499,104,126
63,D#5,198603,104,126
59,B4,198707,104,126
58,A#4,198811,104,126
54,F#4,198915,104,126
51,D#4,199019,104,126
47,B3,199123,104,126
46,A#3,199227,104,126
42,F#3,199331,104,126
39,D#3,199435,93,126
70,A#5,199955,104,126
68,G#5,200059,104,126
65,F5,200163,104,126
62,D5,200267,104,126
58,A#4,200371,104,126
56,G#4,200475,104,126
53,F4,200579,104,126
50,D4,200683,104,126
46,A#3,200787,104,126
44,G#3,200891,104,126
41,F3,200995,104,126
38,D3,201099,93,126
63,D#5,202035,374,126
70,A#5,202450,374,126
65,F5,202865,1249,126
62,D5,204114,1249,126
66,F#5,204114,374,126
66,F#5,204529,749,126
63,D#5,205361,374,126
70,A#5,205776,374,126
62,D5,206191,1249,126
65,F5,207440,1249,126
66,F#5,207440,374,126
68,G#5,207855,374,126
66,F#5,208270,374,126
63,D#5,208685,2083,126
59,B4,210768,2083,126
65,F5,210768,374,126
61,C#5,211183,374,126
59,B4,211598,374,126
61,C#5,212013,2083,126
58,A#4,214096,2083,126
63,D#5,214096,374,126
59,B4,214511,374,126
58,A#4,214926,374,126
56,G#4,215341,416,126
59,B4,215757,416,126
61,C#5,215757,374,126
63,D#5,216172,833,126
57,A4,217005,416,126
63,D#5,217421,374,126
65,F5,217836,374,126
66,F#5,218251,374,126
66,F#5,218666,1249,126
58,A#4,219915,1249,126
68,G#5,219915,374,126
58,A#4,220330,833,126
65,F5,221163,833,126
63,D#5,221163,374,126
70,A#5,221578,374,126
62,D5,221993,1249,126
65,F5,223242,1249,126
66,F#5,223242,374,126
66,F#5,223657,749,126
63,D#5,224489,374,126
70,A#5,224904,374,126
62,D5,225319,1249,126
65,F5,226568,1249,126
66,F#5,226568,374,126
68,G#5,226983,374,126
66,F#5,227398,374,126
63,D#5,227813,2083,126
59,B4,229896,2083,126
65,F5,229896,374,126
61,C#5,230311,374,126
59,B4,230726,374,126
61,C#5,231141,2083,126
58,A#4,233224,2083,126
63,D#5,233224,374,126
59,B4,233639,374,126
58,A#4,234054,374,126
56,G#4,234469,416,126
59,B4,234885,416,126
68,G#5,234885,374,126
66,F#5,235300,374,126
65,F5,235715,374,126
58,A#4,236130,416,126
63,D#5,236546,416,126
62,D5,236546,374,126
60,C5,236961,374,126
62,D5,237376,374,126
54,F#4,237791,2499,126
63,D#5,240290,2499,126
63,D#5,240290,374,126
70,A#5,240705,374,126
65,F5,241120,1124,126
66,F#5,242368,374,126
66,F#5,242783,749,126
63,D#5,243615,374,126
70,A#5,244030,374,126
65,F5,244445,1124,126
66,F#5,245693,374,126
68,G#5,246108,374,126
66,F#5,246523,374,126
63,D#5,246938,2041,126
65,F5,249020,374,126
61,C#5,249435,374,126
59,B4,249850,374,126
61,C#5,250265,2041,126
63,D#5,252347,374,126
59,B4,252762,374,126
58,A#4,253177,374,126
59,B4,253592,374,126
61,C#5,254007,374,126
63,D#5,254422,1208,126
63,D#5,255671,374,126
65,F5,256086,374,126
66,F#5,256501,374,126
66,F#5,256916,1124,126
68,G#5,258164,374,126
65,F5,258579,749,126
63,D#5,259411,374,126
70,A#5,259826,374,126
65,F5,260241,1124,126
66,F#5,261489,374,126
66,F#5,261904,749,126
63,D#5,262736,374,126
70,A#5,263151,374,126
65,F5,263566,1124,126
66,F#5,264814,374,126
68,G#5,265229,374,126
66,F#5,265644,374,126
63,D#5,266059,2041,126
65,F5,268141,374,126
61,C#5,268556,374,126
59,B4,268971,374,126
61,C#5,269386,2041,126
63,D#5,271468,374,126
59,B4,271883,374,126
58,A#4,272298,374,126
59,B4,272713,374,126
68,G#5,273128,374,126
66,F#5,273543,374,126
65,F5,273958,374,126
63,D#5,274373,374,126
62,D5,274788,374,126
60,C5,275203,374,126
62,D5,275618,374,126
63,D#5,276033,374,126
55,G4,276448,416,126
67,G5,276864,416,126
63,D#5,276864,416,126
68,G#5,276864,416,126
63,D#5,277280,416,126
56,G#4,277280,416,126
70,A#5,277280,624,126
63,D#5,277904,624,126
58,A#4,277904,624,126
59,B4,277904,416,126
71,B5,278320,416,126
54,F#4,278320,416,126
66,F#5,278736,416,126
53,F4,278736,416,126
65,F5,279152,416,126
59,B4,279152,416,126
71,B5,279568,416,126
58,A#4,279568,416,126
70,A#5,279984,416,126
61,C#5,279984,416,126
73,C#6,280400,416,126
54,F#4,280400,416,126
66,F#5,280816,416,126
58,A#4,280816,486,126
70,A#5,281302,486,126
56,G#4,281302,277,126
68,G#5,281579,277,126
54,F#4,281579,277,126
66,F#5,281856,277,126
65,F5,281856,277,126
53,F4,282133,277,126
50,D4,282133,277,126
62,D5,282410,277,126
47,B3,282410,277,126
59,B4,282687,277,126
58,A#4,282687,416,126
46,A#3,283103,416,126
67,G5,283103,416,126
55,G4,283519,416,126
68,G#5,283519,416,126
56,G#4,283935,416,126
70,A#5,283935,624,126
58,A#4,284559,624,126
59,B4,284559,416,126
71,B5,284975,416,126
54,F#4,284975,416,126
66,F#5,285391,416,126
53,F4,285391,416,126
65,F5,285807,416,126
59,B4,285807,416,126
71,B5,286223,416,126
58,A#4,286223,416,126
70,A#5,286639,416,126
61,C#5,286639,416,126
73,C#6,287055,416,126
54,F#4,287055,416,126
66,F#5,287471,416,126
58,A#4,287471,416,126
70,A#5,287887,416,126
57,A4,287887,416,126
69,A5,288303,416,126
54,F#4,288303,208,126
66,F#5,288511,208,126
54,F#4,288511,277,126
66,F#5,288788,277,126
53,F4,288788,277,126
65,F5,289065,277,126
51,D#4,289065,277,126
63,D#5,289342,277,126
54,F#4,289342,1249,126
66,F#5,290591,1249,126
56,G#4,290591,416,126
68,G#5,291007,416,126
53,F4,291007,416,126
65,F5,291423,416,126
58,A#4,291423,138,126
46,A#3,291561,138,126
50,D4,291561,138,126
59,B4,291699,138,126
58,A#4,291699,138,126
46,A#3,291837,138,126
50,D4,291837,138,126
56,G#4,291975,138,126
58,A#4,291975,138,126
46,A#3,292113,138,126
50,D4,292113,138,126
56,G#4,292251,138,126
46,A#3,292251,138,126
54,F#4,292389,138,126
50,D4,292389,138,126
56,G#4,292527,138,126
54,F#4,292527,138,126
46,A#3,292665,138,126
50,D4,292665,138,126
53,F4,292803,138,126
54,F#4,292803,138,126
46,A#3,292941,138,126
50,D4,292941,138,126
53,F4,293079,138,126
54,F#4,293079,138,126
46,A#3,293217,138,126
50,D4,293217,138,126
56,G#4,293355,138,126
54,F#4,293355,138,126
46,A#3,293493,138,126
50,D4,293493,138,126
53,F4,293631,138,126
54,F#4,293631,138,126
46,A#3,293769,138,126
50,D4,293769,138,126
53,F4,293907,138,126
54,F#4,293907,138,126
46,A#3,294045,138,126
50,D4,294045,138,126
56,G#4,294183,138,126
54,F#4,294183,138,126
46,A#3,294321,138,126
53,F4,294321,2499,126
46,A#3,296820,2499,126
63,D#5,296820,374,126
70,A#5,297235,374,126
65,F5,297650,1124,126
66,F#5,298898,374,126
66,F#5,299313,749,126
63,D#5,300145,374,126
70,A#5,300560,374,126
65,F5,300975,1124,126
66,F#5,302223,374,126
68,G#5,302638,374,126
66,F#5,303053,374,126
63,D#5,303468,2041,126
65,F5,305550,374,126
61,C#5,305965,374,126
59,B4,306380,374,126
61,C#5,306795,2041,126
63,D#5,308877,374,126
59,B4,309292,374,126
58,A#4,309707,374,126
59,B4,310122,374,126
61,C#5,310537,374,126
63,D#5,310952,1208,126
63,D#5,312201,374,126
65,F5,312616,374,126
66,F#5,313031,374,126
66,F#5,313446,1124,126
68,G#5,314694,374,126
65,F5,315109,749,126
63,D#5,315941,374,126
70,A#5,316356,374,126
65,F5,316771,1124,126
66,F#5,318019,374,126
66,F#5,318434,749,126
63,D#5,319266,374,126
70,A#5,319681,374,126
65,F5,320096,1124,126
66,F#5,321344,374,126
68,G#5,321759,374,126
66,F#5,322174,374,126
63,D#5,322589,2041,126
65,F5,324671,374,126
61,C#5,325086,374,126
59,B4,325501,374,126
61,C#5,325916,2041,126
63,D#5,327998,374,126
59,B4,328413,374,126
58,A#4,328828,374,126
59,B4,329243,374,126
68,G#5,329658,374,126
66,F#5,330073,374,126
65,F5,330488,374,126
63,D#5,330903,374,126
62,D5,331318,374,126
60,C5,331733,374,126
62,D5,332148,374,126
63,D#5,332563,833,126
71,B5,333396,374,126
68,G#5,333811,374,126
70,A#5,334226,1499,126
--end--
38,D3,1666,416,126
46,A#3,2082,416,126
53,F4,2498,749,126
39,D#3,3330,416,126
46,A#3,3746,416,126
54,F#4,4162,749,126
38,D3,4994,416,126
46,A#3,5410,416,126
53,F4,5826,416,126
46,A#3,6242,416,126
38,D3,6658,749,126
35,B2,7490,416,126
42,F#3,7906,416,126
47,B3,8322,416,126
51,D#4,8738,416,126
54,F#4,9154,1666,126
58,A#4,10820,1666,126
34,A#2,10820,416,126
41,F3,11236,416,126
46,A#3,11652,416,126
49,C#4,12068,416,126
53,F4,12484,1666,126
56,G#4,14150,1666,126
32,G#2,14150,416,126
39,D#3,14566,416,126
44,G#3,14982,416,126
47,B3,15398,374,126
33,A2,15813,416,126
39,D#3,16229,416,126
42,F#3,16645,416,126
45,A3,17061,374,126
34,A#2,17476,416,126
39,D#3,17892,416,126
42,F#3,18308,416,126
46,A#3,18724,416,126
39,D#3,18724,374,126
34,A#2,19139,50,126
41,F3,19189,65,126
44,G#3,19254,65,126
46,A#3,19254,749,126
38,D3,20803,416,126
46,A#3,21219,416,126
53,F4,21635,749,126
39,D#3,22467,416,126
46,A#3,22883,416,126
54,F#4,23299,749,126
38,D3,24131,416,126
46,A#3,24547,416,126
53,F4,24963,416,126
46,A#3,25379,416,126
38,D3,25795,749,126
35,B2,26627,416,126
42,F#3,27043,416,126
47,B3,27459,416,126
51,D#4,27875,416,126
54,F#4,28291,1666,126
58,A#4,29957,1666,126
34,A#2,29957,416,126
41,F3,30373,416,126
46,A#3,30789,416,126
49,C#4,31205,416,126
53,F4,31621,1666,126
56,G#4,33287,1666,126
32,G#2,33287,416,126
39,D#3,33703,416,126
44,G#3,34119,416,126
47,B3,34535,416,126
39,D#3,34535,374,126
34,A#2,34950,416,126
41,F3,35366,416,126
46,A#3,35782,416,126
50,D4,36198,416,126
41,F3,36198,374,126
39,D#3,36613,416,126
27,D#2,37029,416,126
39,D#3,37029,138,126
46,A#3,37167,138,126
49,C#4,37305,138,126
41,F3,37443,138,126
46,A#3,37581,138,126
49,C#4,37719,138,126
43,G3,37857,138,126
46,A#3,37995,138,126
49,C#4,38133,138,126
32,G#2,38271,138,126
39,D#3,38409,138,126
42,F#3,38547,138,126
47,B3,38685,138,126
42,F#3,38823,138,126
39,D#3,38961,138,126
37,C#3,39099,138,126
41,F3,39237,138,126
44,G#3,39375,138,126
47,B3,39513,138,126
44,G#3,39651,138,126
41,F3,39789,138,126
30,F#2,39927,138,126
37,C#3,40065,138,126
42,F#3,40203,138,126
46,A#3,40341,138,126
42,F#3,40479,138,126
37,C#3,40617,138,126
35,B2,40755,138,126
39,D#3,40893,138,126
42,F#3,41031,138,126
46,A#3,41169,138,126
42,F#3,41307,138,126
39,D#3,41445,138,126
28,E2,41583,138,126
35,B2,41721,138,126
40,E3,41859,138,126
44,G#3,41997,138,126
40,E3,42135,138,126
35,B2,42273,138,126
34,A#2,42411,138,126
38,D3,42549,138,126
41,F3,42687,138,126
44,G#3,42825,138,126
41,F3,42963,138,126
38,D3,43101,138,126
27,D#2,43239,138,126
34,A#2,43377,138,126
39,D#3,43515,138,126
39,D#3,43653,138,126
46,A#3,43791,138,126
49,C#4,43929,138,126
41,F3,44067,138,126
46,A#3,44205,138,126
49,C#4,44343,138,126
43,G3,44481,138,126
46,A#3,44619,138,126
49,C#4,44757,138,126
32,G#2,44895,138,126
39,D#3,45033,138,126
42,F#3,45171,138,126
47,B3,45309,138,126
42,F#3,45447,138,126
39,D#3,45585,138,126
37,C#3,45723,138,126
41,F3,45861,138,126
44,G#3,45999,138,126
47,B3,46137,138,126
44,G#3,46275,138,126
41,F3,46413,138,126
30,F#2,46551,138,126
37,C#3,46689,138,126
42,F#3,46827,138,126
46,A#3,46965,138,126
42,F#3,47103,138,126
37,C#3,47241,138,126
35,B2,47379,138,126
39,D#3,47517,138,126
42,F#3,47655,138,126
46,A#3,47793,138,126
42,F#3,47931,138,126
39,D#3,48069,138,126
29,F2,48207,104,126
36,C3,48311,104,126
39,D#3,48415,104,126
42,F#3,48519,104,126
45,A3,48623,104,126
42,F#3,48727,104,126
39,D#3,48831,104,126
36,C3,48935,104,126
42,F#3,49039,104,126
39,D#3,49143,104,126
36,C3,49247,104,126
33,A2,49351,104,126
39,D#3,49455,104,126
36,C3,49559,104,126
33,A2,49663,104,126
30,F#2,49767,104,126
22,A#1,49871,1666,126
34,A#2,51537,1666,126
38,D3,51537,1666,126
26,D2,53203,1666,126
34,A#2,53203,1666,126
22,A#1,54869,1666,126
38,D3,54869,416,126
26,D2,55285,416,126
46,A#3,55285,416,126
50,D4,55701,416,126
53,F4,56117,416,126
46,A#3,56117,374,126
27,D#2,56532,416,126
39,D#3,56948,416,126
46,A#3,56948,416,126
51,D#4,57364,416,126
54,F#4,57780,416,126
46,A#3,57780,374,126
38,D3,58195,416,126
26,D2,58611,416,126
46,A#3,58611,416,126
50,D4,59027,416,126
53,F4,59443,416,126
46,A#3,59443,416,126
53,F4,59859,416,126
56,G#4,60275,416,126
46,A#3,60275,374,126
35,B2,60690,416,126
23,B1,61106,416,126
42,F#3,61106,416,126
47,B3,61522,416,126
51,D#4,61938,416,126
54,F#4,61938,416,126
42,F#3,61938,416,126
54,F#4,62354,1666,126
51,D#4,64020,1666,126
58,A#4,64020,1666,126
34,A#2,64020,416,126
22,A#1,64436,416,126
41,F3,64436,416,126
46,A#3,64852,416,126
49,C#4,65268,416,126
53,F4,65268,416,126
41,F3,65268,416,126
53,F4,65684,1666,126
49,C#4,67350,1666,126
56,G#4,67350,1666,126
32,G#2,67350,416,126
20,G#1,67766,416,126
39,D#3,67766,416,126
47,B3,68182,416,126
44,G#3,68598,416,126
51,D#4,68598,416,126
39,D#3,68598,416,126
33,A2,69014,416,126
21,A1,69430,416,126
39,D#3,69430,416,126
51,D#4,69846,416,126
45,A3,70262,416,126
54,F#4,70262,416,126
39,D#3,70262,416,126
34,A#2,70678,416,126
39,D#3,71094,416,126
42,F#3,71510,416,126
51,D#4,71926,416,126
46,A#3,71926,416,126
39,D#3,71926,366,126
34,A#2,72292,50,126
41,F3,72342,50,126
50,D4,72392,374,126
38,D3,74007,416,126
46,A#3,74423,416,126
50,D4,74839,416,126
53,F4,75255,416,126
46,A#3,75255,374,126
39,D#3,75670,416,126
46,A#3,76086,416,126
51,D#4,76502,416,126
54,F#4,76918,416,126
46,A#3,76918,374,126
38,D3,77333,416,126
46,A#3,77749,416,126
50,D4,78165,416,126
53,F4,78581,416,126
46,A#3,78581,416,126
53,F4,78997,416,126
56,G#4,79413,416,126
46,A#3,79413,374,126
35,B2,79828,416,126
42,F#3,80244,416,126
47,B3,80660,416,126
51,D#4,81076,416,126
54,F#4,81076,416,126
42,F#3,81076,416,126
54,F#4,81492,1666,126
51,D#4,83158,1666,126
58,A#4,83158,1666,126
34,A#2,83158,416,126
41,F3,83574,416,126
46,A#3,83990,416,126
49,C#4,84406,416,126
53,F4,84406,416,126
41,F3,84406,416,126
53,F4,84822,1666,126
49,C#4,86488,1666,126
56,G#4,86488,1666,126
32,G#2,86488,416,126
39,D#3,86904,416,126
44,G#3,87320,416,126
42,F#3,87736,416,126
47,B3,87736,416,126
39,D#3,87736,374,126
34,A#2,88151,416,126
41,F3,88567,416,126
46,A#3,88983,416,126
50,D4,89399,416,126
41,F3,89399,374,126
39,D#3,89814,416,126
27,D#2,90230,416,126
46,A#3,90230,138,126
43,G3,90368,138,126
51,D#4,90368,138,126
49,C#4,90506,138,126
44,G#3,90644,138,126
41,F3,90782,138,126
51,D#4,90782,138,126
49,C#4,90920,138,126
43,G3,91058,138,126
39,D#3,91196,138,126
51,D#4,91196,138,126
49,C#4,91334,138,126
20,G#1,91472,138,126
32,G#2,91610,138,126
35,B2,91748,138,126
42,F#3,91886,138,126
39,D#3,92024,138,126
35,B2,92162,138,126
25,C#2,92300,138,126
37,C#3,92438,138,126
41,F3,92576,138,126
47,B3,92714,138,126
44,G#3,92852,138,126
41,F3,92990,138,126
30,F#2,93128,138,126
42,F#3,93266,138,126
46,A#3,93404,138,126
53,F4,93542,138,126
49,C#4,93680,138,126
46,A#3,93818,138,126
23,B1,93956,138,126
35,B2,94094,138,126
39,D#3,94232,138,126
46,A#3,94370,138,126
42,F#3,94508,138,126
39,D#3,94646,138,126
28,E2,94784,138,126
40,E3,94922,138,126
44,G#3,95060,138,126
51,D#4,95198,138,126
47,B3,95336,138,126
44,G#3,95474,138,126
22,A#1,95612,138,126
34,A#2,95750,138,126
38,D3,95888,138,126
44,G#3,96026,138,126
41,F3,96164,138,126
38,D3,96302,138,126
15,D#1,96440,416,126
27,D#2,96856,416,126
46,A#3,96856,138,126
43,G3,96994,138,126
51,D#4,96994,138,126
49,C#4,97132,138,126
44,G#3,97270,138,126
41,F3,97408,138,126
51,D#4,97408,138,126
49,C#4,97546,138,126
43,G3,97684,138,126
39,D#3,97822,138,126
51,D#4,97822,138,126
49,C#4,97960,138,126
20,G#1,98098,138,126
32,G#2,98236,138,126
35,B2,98374,138,126
42,F#3,98512,138,126
39,D#3,98650,138,126
35,B2,98788,138,126
25,C#2,98926,138,126
37,C#3,99064,138,126
41,F3,99202,138,126
47,B3,99340,138,126
44,G#3,99478,138,126
41,F3,99616,138,126
30,F#2,99754,138,126
42,F#3,99892,138,126
46,A#3,100030,138,126
53,F4,100168,138,126
49,C#4,100306,138,126
46,A#3,100444,138,126
23,B1,100582,138,126
35,B2,100720,138,126
39,D#3,100858,138,126
46,A#3,100996,138,126
42,F#3,101134,138,126
39,D#3,101272,138,126
29,F2,101410,104,126
36,C3,101514,104,126
39,D#3,101618,104,126
42,F#3,101722,104,126
45,A3,101826,104,126
42,F#3,101930,104,126
39,D#3,102034,104,126
36,C3,102138,104,126
42,F#3,102242,104,126
39,D#3,102346,104,126
36,C3,102450,104,126
33,A2,102554,104,126
39,D#3,102658,104,126
36,C3,102762,104,126
33,A2,102866,104,126
30,F#2,102970,104,126
34,A#2,103074,2083,126
22,A#1,105157,2083,126
34,A#2,105157,2916,126
22,A#1,108073,2916,126
50,D4,108073,416,126
58,A#4,108489,416,126
65,F5,108905,749,126
51,D#4,109737,416,126
58,A#4,110153,416,126
66,F#5,110569,749,126
50,D4,111401,416,126
58,A#4,111817,416,126
65,F5,112233,416,126
58,A#4,112649,416,126
50,D4,113065,749,126
47,B3,113897,416,126
54,F#4,114313,416,126
59,B4,114729,416,126
63,D#5,115145,416,126
66,F#5,115561,1666,126
70,A#5,117227,1666,126
46,A#3,117227,416,126
53,F4,117643,416,126
58,A#4,118059,416,126
61,C#5,118475,416,126
65,F5,118891,1666,126
68,G#5,120557,1666,126
44,G#3,120557,416,126
51,D#4,120973,416,126
56,G#4,121389,416,126
59,B4,121805,374,126
45,A3,122220,416,126
51,D#4,122636,416,126
54,F#4,123052,416,126
57,A4,123468,374,126
46,A#3,123883,416,126
51,D#4,124299,416,126
58,A#4,124715,416,126
54,F#4,125131,416,126
51,D#4,125131,374,126
46,A#3,125546,50,126
53,F4,125596,65,126
56,G#4,125661,65,126
58,A#4,125661,749,126
50,D4,127210,416,126
58,A#4,127626,416,126
65,F5,128042,749,126
51,D#4,128874,416,126
58,A#4,129290,416,126
66,F#5,129706,749,126
50,D4,130538,416,126
58,A#4,130954,416,126
65,F5,131370,416,126
58,A#4,131786,416,126
50,D4,132202,749,126
47,B3,133034,416,126
54,F#4,133450,416,126
59,B4,133866,416,126
63,D#5,134282,416,126
66,F#5,134698,1666,126
70,A#5,136364,1666,126
46,A#3,136364,416,126
53,F4,136780,416,126
58,A#4,137196,416,126
61,C#5,137612,416,126
65,F5,138028,1666,126
68,G#5,139694,1666,126
44,G#3,139694,416,126
51,D#4,140110,416,126
56,G#4,140526,416,126
59,B4,140942,416,126
51,D#4,140942,374,126
46,A#3,141357,416,126
53,F4,141773,416,126
62,D5,142189,416,126
58,A#4,142605,416,126
53,F4,142605,374,126
39,D#3,143020,416,126
46,A#3,143436,416,126
51,D#4,143852,416,126
56,G#4,144268,416,126
54,F#4,144684,1666,126
51,D#4,146350,1666,126
30,F#2,146350,416,126
37,C#3,146766,416,126
46,A#3,147182,416,126
37,C#3,147598,374,126
29,F2,148013,374,126
44,G#3,148428,374,126
27,D#2,148843,374,126
42,F#3,149258,374,126
25,C#2,149673,374,126
41,F3,150088,374,126
27,D#2,150503,416,126
29,F2,150919,416,126
30,F#2,151335,416,126
37,C#3,151751,416,126
46,A#3,152167,416,126
37,C#3,152583,395,126
32,G#2,152978,69,126
39,D#3,153047,69,126
48,C4,153047,368,126
44,G#3,153415,374,126
27,D#2,153830,416,126
34,A#2,154246,416,126
42,F#3,154662,416,126
34,A#2,155078,374,126
39,D#3,155493,374,126
41,F3,155908,374,126
30,F#2,156323,416,126
37,C#3,156739,416,126
46,A#3,157155,416,126
37,C#3,157571,374,126
29,F2,157986,374,126
44,G#3,158401,374,126
27,D#2,158816,416,126
34,A#2,159232,416,126
42,F#3,159648,416,126
39,D#3,160064,374,126
25,C#2,160479,374,126
41,F3,160894,374,126
35,B2,161309,416,126
23,B1,161725,416,126
39,D#3,161725,416,126
42,F#3,162141,416,126
47,B3,162557,374,126
34,A#2,162972,374,126
49,C#4,163387,374,126
32,G#2,163802,374,126
44,G#3,164217,374,126
27,D#2,164632,416,126
34,A#2,165048,416,126
42,F#3,165464,416,126
41,F3,165880,416,126
39,D#3,166296,416,126
34,A#2,166712,374,126
35,B2,167127,416,126
23,B1,167543,416,126
42,F#3,167543,374,126
47,B3,167958,374,126
42,F#3,168373,374,126
46,A#3,168788,374,126
42,F#3,169203,374,126
39,D#3,169618,416,126
46,A#3,170034,416,126
34,A#2,170034,395,126
32,G#2,170429,69,126
39,D#3,170498,69,126
48,C4,170498,368,126
44,G#3,170866,374,126
27,D#2,171281,416,126
34,A#2,171697,416,126
39,D#3,172113,416,126
42,F#3,172529,416,126
46,A#3,172945,374,126
39,D#3,173360,374,126
41,F3,173775,374,126
42,F#3,174190,374,126
35,B2,174605,416,126
23,B1,175021,416,126
39,D#3,175021,50,126
42,F#3,175071,50,126
46,A#3,175071,366,126
32,G#2,175437,374,126
34,A#2,175852,374,126
34,A#2,176267,416,126
41,F3,176683,416,126
49,C#4,176683,416,126
46,A#3,176683,395,126
32,G#2,177078,69,126
39,D#3,177147,69,126
48,C4,177147,368,126
44,G#3,177515,374,126
39,D#3,177930,416,126
27,D#2,178346,416,126
54,F#4,178346,402,126
37,C#3,178748,430,126
53,F4,179178,430,126
49,C#4,179178,397,126
35,B2,179575,41,126
51,D#4,179616,394,126
42,F#3,180010,333,126
25,C#2,180426,416,126
41,F3,180842,416,126
37,C#3,180842,374,126
23,B1,181257,416,126
39,D#3,181673,416,126
42,F#3,181673,374,126
41,F3,182088,374,126
37,C#3,182503,374,126
35,B2,182918,1666,126
23,B1,184584,1666,126
27,D#2,184584,833,126
15,D#1,185417,833,126
27,D#2,185417,833,126
15,D#1,186250,833,126
32,G#2,186250,833,126
20,G#1,187083,833,126
37,C#3,187083,833,126
25,C#2,187916,833,126
30,F#2,187916,833,126
18,F#1,188749,833,126
23,B1,188749,833,126
35,B2,189582,833,126
28,E2,189582,833,126
16,E1,190415,833,126
34,A#2,190415,833,126
22,A#1,191248,833,126
27,D#2,191248,833,126
15,D#1,192081,833,126
29,F2,192081,416,126
17,F1,192497,416,126
31,G2,192497,416,126
19,G1,192913,416,126
32,G#2,192913,833,126
20,G#1,193746,833,126
37,C#3,193746,833,126
25,C#2,194579,833,126
30,F#2,194579,833,126
18,F#1,195412,833,126
35,B2,195412,833,126
23,B1,196245,833,126
29,F2,196245,1666,126
17,F1,197911,1666,126
34,A#2,197911,1666,126
22,A#1,199577,1666,126
38,D3,199577,1666,126
26,D2,201243,1666,126
34,A#2,201243,1666,126
22,A#1,202909,1666,126
38,D3,202909,416,126
46,A#3,203325,416,126
53,F4,203741,749,126
39,D#3,204573,416,126
46,A#3,204989,416,126
54,F#4,205405,749,126
38,D3,206237,416,126
46,A#3,206653,416,126
53,F4,207069,416,126
46,A#3,207485,416,126
38,D3,207901,749,126
35,B2,208733,416,126
42,F#3,209149,416,126
47,B3,209565,416,126
51,D#4,209981,416,126
54,F#4,210397,1666,126
58,A#4,212063,1666,126
34,A#2,212063,416,126
41,F3,212479,416,126
46,A#3,212895,416,126
49,C#4,213311,416,126
53,F4,213727,1666,126
56,G#4,215393,1666,126
32,G#2,215393,416,126
39,D#3,215809,416,126
44,G#3,216225,416,126
47,B3,216641,374,126
33,A2,217056,416,126
39,D#3,217472,416,126
42,F#3,217888,416,126
45,A3,218304,374,126
34,A#2,218719,416,126
39,D#3,219135,416,126
42,F#3,219551,416,126
46,A#3,219967,416,126
39,D#3,219967,374,126
34,A#2,220382,50,126
41,F3,220432,65,126
44,G#3,220497,65,126
46,A#3,220497,749,126
38,D3,222046,416,126
46,A#3,222462,416,126
53,F4,222878,749,126
39,D#3,223710,416,126
46,A#3,224126,416,126
54,F#4,224542,749,126
38,D3,225374,416,126
46,A#3,225790,416,126
53,F4,226206,416,126
46,A#3,226622,416,126
38,D3,227038,749,126
35,B2,227870,416,126
42,F#3,228286,416,126
47,B3,228702,416,126
51,D#4,229118,416,126
54,F#4,229534,1666,126
58,A#4,231200,1666,126
34,A#2,231200,416,126
41,F3,231616,416,126
46,A#3,232032,416,126
49,C#4,232448,416,126
53,F4,232864,1666,126
56,G#4,234530,1666,126
32,G#2,234530,416,126
39,D#3,234946,416,126
44,G#3,235362,833,126
47,B3,236195,833,126
34,A#2,236195,416,126
41,F3,236611,416,126
46,A#3,237027,416,126
50,D4,237443,416,126
41,F3,237443,374,126
27,D#2,237858,416,126
34,A#2,238274,416,126
39,D#3,238690,416,126
44,G#3,239106,374,126
42,F#3,239521,833,126
39,D#3,240354,833,126
39,D#3,240354,416,126
51,D#4,240770,416,126
54,F#4,240770,374,126
50,D4,241185,833,126
38,D3,242018,833,126
46,A#3,242018,416,126
51,D#4,242434,374,126
51,D#4,242849,416,126
39,D#3,243265,416,126
41,F3,243265,374,126
42,F#3,243680,416,126
51,D#4,244096,416,126
54,F#4,244096,374,126
50,D4,244511,833,126
46,A#3,245344,833,126
34,A#2,245344,416,126
51,D#4,245760,374,126
46,A#3,246175,416,126
53,F4,246591,416,126
51,D#4,246591,374,126
47,B3,247006,833,126
35,B2,247839,833,126
39,D#3,247839,374,126
41,F3,248254,374,126
42,F#3,248669,416,126
49,C#4,249085,374,126
35,B2,249500,416,126
42,F#3,249916,416,126
44,G#3,249916,374,126
46,A#3,250331,833,126
34,A#2,251164,833,126
37,C#3,251164,374,126
39,D#3,251579,374,126
41,F3,251994,416,126
47,B3,252410,374,126
34,A#2,252825,416,126
41,F3,253241,416,126
42,F#3,253241,374,126
32,G#2,253656,416,126
44,G#3,254072,416,126
42,F#3,254072,374,126
39,D#3,254487,416,126
32,G#2,254903,416,126
34,A#2,254903,374,126
33,A2,255318,416,126
45,A3,255734,374,126
39,D#3,256149,416,126
47,B3,256565,416,126
45,A3,256565,374,126
46,A#3,256980,416,126
39,D#3,257396,416,126
39,D#3,257396,416,126
46,A#3,257812,374,126
47,B3,258227,416,126
39,D#3,258643,416,126
46,A#3,258643,833,126
38,D3,259476,833,126
51,D#4,259476,374,126
54,F#4,259891,374,126
50,D4,260306,833,126
38,D3,261139,833,126
46,A#3,261139,416,126
51,D#4,261555,374,126
51,D#4,261970,416,126
39,D#3,262386,416,126
41,F3,262386,374,126
42,F#3,262801,416,126
51,D#4,263217,416,126
54,F#4,263217,374,126
50,D4,263632,833,126
46,A#3,264465,833,126
34,A#2,264465,416,126
51,D#4,264881,374,126
46,A#3,265296,416,126
53,F4,265712,416,126
51,D#4,265712,374,126
47,B3,266127,833,126
35,B2,266960,833,126
39,D#3,266960,374,126
41,F3,267375,374,126
42,F#3,267790,416,126
49,C#4,268206,374,126
35,B2,268621,416,126
42,F#3,269037,416,126
44,G#3,269037,374,126
46,A#3,269452,833,126
34,A#2,270285,833,126
37,C#3,270285,374,126
39,D#3,270700,374,126
41,F3,271115,416,126
47,B3,271531,374,126
34,A#2,271946,416,126
41,F3,272362,416,126
42,F#3,272362,374,126
32,G#2,272777,416,126
44,G#3,273193,416,126
47,B3,273193,374,126
35,B2,273608,416,126
46,A#3,274024,416,126
44,G#3,274024,374,126
34,A#2,274439,416,126
46,A#3,274855,416,126
46,A#3,274855,416,126
38,D3,275271,416,126
46,A#3,275687,374,126
39,D#3,276102,416,126
27,D#2,276518,416,126
51,D#4,276518,416,126
46,A#3,276518,138,126
43,G3,276656,138,126
51,D#4,276656,138,126
49,C#4,276794,138,126
44,G#3,276932,138,126
41,F3,277070,138,126
51,D#4,277070,138,126
49,C#4,277208,138,126
43,G3,277346,138,126
39,D#3,277484,138,126
51,D#4,277484,138,126
49,C#4,277622,138,126
20,G#1,277760,138,126
32,G#2,277898,138,126
39,D#3,278036,138,126
35,B2,278174,138,126
42,F#3,278312,138,126
39,D#3,278450,138,126
25,C#2,278588,138,126
37,C#3,278726,138,126
44,G#3,278864,138,126
41,F3,279002,138,126
47,B3,279140,138,126
44,G#3,279278,138,126
18,F#1,279416,138,126
30,F#2,279554,138,126
37,C#3,279692,138,126
34,A#2,279830,138,126
41,F3,279968,138,126
37,C#3,280106,138,126
23,B1,280244,138,126
35,B2,280382,138,126
42,F#3,280520,138,126
39,D#3,280658,138,126
46,A#3,280796,138,126
42,F#3,280934,138,126
28,E2,281072,138,126
40,E3,281210,138,126
47,B3,281348,138,126
44,G#3,281486,138,126
51,D#4,281624,138,126
47,B3,281762,138,126
22,A#1,281900,138,126
34,A#2,282038,138,126
41,F3,282176,138,126
38,D3,282314,138,126
44,G#3,282452,138,126
41,F3,282590,138,126
39,D#3,282728,416,126
27,D#2,283144,416,126
46,A#3,283144,138,126
43,G3,283282,138,126
51,D#4,283282,138,126
49,C#4,283420,138,126
44,G#3,283558,138,126
41,F3,283696,138,126
51,D#4,283696,138,126
49,C#4,283834,138,126
43,G3,283972,138,126
39,D#3,284110,138,126
51,D#4,284110,138,126
49,C#4,284248,138,126
20,G#1,284386,138,126
32,G#2,284524,138,126
39,D#3,284662,138,126
35,B2,284800,138,126
42,F#3,284938,138,126
39,D#3,285076,138,126
25,C#2,285214,138,126
37,C#3,285352,138,126
44,G#3,285490,138,126
41,F3,285628,138,126
47,B3,285766,138,126
44,G#3,285904,138,126
18,F#1,286042,138,126
30,F#2,286180,138,126
37,C#3,286318,138,126
34,A#2,286456,138,126
41,F3,286594,138,126
37,C#3,286732,138,126
23,B1,286870,138,126
35,B2,287008,138,126
42,F#3,287146,138,126
39,D#3,287284,138,126
46,A#3,287422,138,126
42,F#3,287560,138,126
17,F1,287698,138,126
29,F2,287836,138,126
35,B2,287974,138,126
32,G#2,288112,138,126
38,D3,288250,138,126
35,B2,288388,138,126
41,F3,288526,138,126
38,D3,288664,138,126
44,G#3,288802,138,126
41,F3,288940,138,126
47,B3,289078,138,126
44,G#3,289216,138,126
22,A#1,289354,138,126
34,A#2,289492,138,126
39,D#3,289630,138,126
46,A#3,289768,138,126
24,C2,289906,138,126
51,D#4,290044,138,126
39,D#3,290182,138,126
46,A#3,290320,138,126
42,F#3,290458,138,126
51,D#4,290596,138,126
46,A#3,290734,138,126
42,F#3,290872,138,126
34,A#2,291010,3333,126
22,A#1,294343,3333,126
22,A#1,294343,3333,126
34,A#2,297676,3333,126
38,D3,297676,416,126
46,A#3,298092,416,126
53,F4,298508,749,126
39,D#3,299340,416,126
46,A#3,299756,416,126
54,F#4,300172,749,126
38,D3,301004,416,126
46,A#3,301420,416,126
53,F4,301836,416,126
46,A#3,302252,416,126
38,D3,302668,749,126
35,B2,303500,416,126
42,F#3,303916,416,126
47,B3,304332,416,126
51,D#4,304748,416,126
58,A#4,305164,1666,126
54,F#4,306830,1666,126
34,A#2,306830,416,126
41,F3,307246,416,126
46,A#3,307662,416,126
49,C#4,308078,416,126
56,G#4,308494,1666,126
53,F4,310160,1666,126
32,G#2,310160,416,126
39,D#3,310576,416,126
44,G#3,310992,416,126
47,B3,311408,374,126
33,A2,311823,416,126
39,D#3,312239,416,126
42,F#3,312655,416,126
45,A3,313071,374,126
34,A#2,313486,416,126
39,D#3,313902,416,126
42,F#3,314318,416,126
46,A#3,314734,416,126
39,D#3,314734,374,126
34,A#2,315149,50,126
41,F3,315199,65,126
44,G#3,315264,65,126
46,A#3,315264,749,126
38,D3,316813,416,126
46,A#3,317229,416,126
53,F4,317645,749,126
39,D#3,318477,416,126
46,A#3,318893,416,126
54,F#4,319309,749,126
38,D3,320141,416,126
46,A#3,320557,416,126
53,F4,320973,416,126
46,A#3,321389,416,126
38,D3,321805,749,126
35,B2,322637,416,126
42,F#3,323053,416,126
47,B3,323469,416,126
51,D#4,323885,416,126
58,A#4,324301,1666,126
54,F#4,325967,1666,126
34,A#2,325967,416,126
41,F3,326383,416,126
46,A#3,326799,416,126
49,C#4,327215,416,126
56,G#4,327631,1666,126
53,F4,329297,1666,126
32,G#2,329297,416,126
39,D#3,329713,416,126
44,G#3,330129,416,126
47,B3,330545,374,126
34,A#2,330960,416,126
41,F3,331376,416,126
46,A#3,331792,416,126
50,D4,332208,374,126
27,D#2,332623,416,126
15,D#1,333039,416,126
39,D#3,333039,416,126
44,G#3,333455,416,126
41,F3,333871,374,126
27,D#2,334286,1499,126
39,D#3,335785,1499,126