75,D#6,631,316,49
73,C#6,947,158,49
70,A#5,1105,316,49
68,G#5,1421,315,49
68,G#5,1736,158,49
70,A#5,1894,316,49
73,C#6,2210,296,49
75,D#6,3157,316,49
73,C#6,3473,158,49
70,A#5,3631,316,49
68,G#5,3947,316,49
68,G#5,4263,158,49
70,A#5,4421,598,49
75,D#6,5684,316,49
73,C#6,6000,157,49
70,A#5,6157,316,49
68,G#5,6473,316,49
68,G#5,6789,158,49
70,A#5,6947,316,49
73,C#6,7263,296,49
75,D#6,8210,316,49
73,C#6,8526,158,49
70,A#5,8684,316,49
68,G#5,9000,315,49
68,G#5,9315,158,49
70,A#5,9473,599,49
75,D#6,10736,316,49
73,C#6,11052,158,49
70,A#5,11210,316,49
68,G#5,11526,316,49
68,G#5,11842,158,49
70,A#5,12000,315,49
73,C#6,12315,296,49
75,D#6,13263,315,49
73,C#6,13578,158,49
70,A#5,13736,316,49
68,G#5,14052,316,49
68,G#5,14368,158,49
70,A#5,14526,599,49
75,D#6,15789,316,49
73,C#6,16105,158,49
70,A#5,16263,315,49
68,G#5,16578,316,49
68,G#5,16894,158,49
70,A#5,17052,316,49
73,C#6,17368,599,49
75,D#6,18315,316,49
73,C#6,18631,158,49
70,A#5,18789,316,49
68,G#5,19105,316,49
68,G#5,19421,157,49
70,A#5,19578,599,49
56,G#4,20526,316,64
53,F4,20842,315,64
49,C#4,21157,316,64
46,A#3,21473,315,64
49,C#4,21788,316,64
51,D#4,21788,316,64
53,F4,22104,316,64
49,C#4,22420,315,64
48,C4,22735,947,64
45,A3,23682,948,64
46,A#3,23682,316,64
48,C4,23998,315,64
46,A#3,24313,316,64
48,C4,24629,158,64
49,C#4,24787,447,64
56,G#4,25576,316,64
53,F4,25892,316,64
49,C#4,26208,316,64
49,C#4,26524,315,64
46,A#3,26839,316,64
51,D#4,26839,315,64
53,F4,27154,316,64
49,C#4,27470,316,64
49,C#4,27786,947,64
43,G3,28733,947,64
46,A#3,28733,947,64
46,A#3,28733,316,64
49,C#4,29049,316,64
46,A#3,29365,316,64
49,C#4,29681,158,64
51,D#4,29839,158,64
49,C#4,29997,296,64
56,G#4,30628,158,64
56,G#4,30786,158,64
56,G#4,30944,316,64
54,F#4,31260,158,64
54,F#4,31418,157,64
54,F#4,31575,316,64
53,F4,31891,316,64
53,F4,32207,316,64
49,C#4,32523,316,64
49,C#4,32839,315,64
45,A3,33154,315,64
51,D#4,33154,316,64
53,F4,33470,316,64
49,C#4,33786,316,64
51,D#4,34102,316,64
73,C#6,34418,315,64
61,C#5,34733,315,64
73,C#6,34733,315,64
61,C#5,35048,316,64
61,C#5,35048,315,64
73,C#6,35363,316,64
73,C#6,35363,315,64
61,C#5,35678,316,64
75,D#6,35678,315,64
63,D#5,35993,316,64
65,F5,35993,315,64
77,F6,36308,315,64
73,C#6,36308,315,64
61,C#5,36623,316,64
75,D#6,36623,1263,64
63,D#5,37886,1263,64
41,F3,37886,79,64
46,A#3,37965,86,64
49,C#4,38051,151,64
51,D#4,38202,316,64
53,F4,38518,316,64
49,C#4,38834,315,64
51,D#4,39149,632,64
49,C#4,39781,599,64
73,C#6,41044,632,64
70,A#5,41676,631,64
65,F5,42307,632,64
45,A3,42939,1263,64
48,C4,44202,1263,64
57,A4,44202,316,64
53,F4,44518,316,64
48,C4,44834,315,64
45,A3,45149,296,64
70,A#5,46097,631,64
65,F5,46728,632,64
61,C#5,47360,632,64
43,G3,47992,78,64
46,A#3,48070,86,64
49,C#4,48156,1099,64
46,A#3,49255,947,64
49,C#4,50202,158,64
51,D#4,50360,158,64
49,C#4,50518,631,64
46,A#3,51149,631,64
75,D#6,51149,316,66
73,C#6,51465,158,67
70,A#5,51623,316,67
68,G#5,51939,316,68
68,G#5,52255,158,69
70,A#5,52413,315,70
73,C#6,52728,316,71
72,C6,53044,631,72
69,A5,53675,632,72
75,D#6,53675,316,74
73,C#6,53991,157,75
70,A#5,54148,316,75
68,G#5,54464,316,76
68,G#5,54780,158,77
70,A#5,54938,631,78
65,F5,55569,632,80
75,D#6,56201,316,82
73,C#6,56517,158,83
70,A#5,56675,316,83
68,G#5,56991,315,84
68,G#5,57306,158,85
70,A#5,57464,316,86
73,C#6,57780,296,87
75,D#6,58727,316,90
73,C#6,59043,158,91
70,A#5,59201,316,91
68,G#5,59517,316,92
68,G#5,59833,158,93
70,A#5,59991,598,94
63,D#5,61254,315,96
75,D#6,61569,315,96
61,C#5,61569,157,96
73,C#6,61726,158,96
58,A#4,61726,315,96
70,A#5,62041,316,96
68,G#5,62041,315,96
56,G#4,62356,316,96
56,G#4,62356,157,96
68,G#5,62513,158,96
70,A#5,62513,315,96
58,A#4,62828,316,96
61,C#5,62828,947,96
73,C#6,63775,947,96
63,D#5,63775,315,96
75,D#6,64090,316,96
73,C#6,64090,157,96
61,C#5,64247,158,96
58,A#4,64247,315,96
70,A#5,64562,315,96
68,G#5,64562,315,96
56,G#4,64877,316,96
56,G#4,64877,157,96
68,G#5,65034,158,96
70,A#5,65034,1263,96
58,A#4,66297,1263,96
63,D#5,66297,315,96
75,D#6,66612,316,96
73,C#6,66612,157,96
61,C#5,66769,158,96
58,A#4,66769,315,96
70,A#5,67084,316,96
56,G#4,67084,315,96
68,G#5,67399,316,96
56,G#4,67399,157,96
68,G#5,67556,157,96
70,A#5,67556,315,96
58,A#4,67871,316,96
61,C#5,67871,947,96
73,C#6,68818,948,96
63,D#5,68818,315,96
75,D#6,69133,315,96
73,C#6,69133,157,96
61,C#5,69290,158,96
58,A#4,69290,315,96
70,A#5,69605,316,96
68,G#5,69605,315,96
56,G#4,69920,316,96
56,G#4,69920,157,96
68,G#5,70077,158,96
70,A#5,70077,631,96
58,A#4,70708,631,96
49,C#4,70708,1263,64
46,A#3,71971,1264,64
46,A#3,71971,947,76
49,C#4,72918,947,76
54,F#4,72918,947,76
54,F#4,72918,316,64
53,F4,73234,1263,64
45,A3,74497,1263,64
48,C4,74497,1263,64
48,C4,74497,315,76
53,F4,74812,315,76
45,A3,74812,316,76
48,C4,74812,296,64
53,F4,75443,316,64
49,C#4,75759,947,64
46,A#3,76706,158,64
49,C#4,76864,158,64
53,F4,77022,947,76
58,A#4,77969,948,76
49,C#4,77969,315,64
53,F4,78284,632,64
49,C#4,78916,631,72
53,F4,79547,315,80
46,A#3,79862,315,80
49,C#4,79862,316,80
44,G#3,79862,316,84
44,G#3,80178,316,88
46,A#3,80494,316,92
56,G#4,80810,315,115
56,G#4,81125,316,96
56,G#4,81441,316,96
56,G#4,81757,316,96
56,G#4,82073,631,96
46,A#3,82704,631,96
53,F4,82704,632,96
53,F4,83336,947,96
45,A3,84283,947,96
48,C4,84283,947,96
54,F#4,84283,158,96
53,F4,84441,158,96
51,D#4,84599,599,96
44,G#3,85546,158,96
46,A#3,85704,158,96
56,G#4,85862,315,96
49,C#4,86177,316,96
56,G#4,86177,316,96
56,G#4,86493,316,96
56,G#4,86809,315,96
56,G#4,87124,631,96
49,C#4,87755,632,96
53,F4,87755,632,96
43,G3,88387,79,96
46,A#3,88466,85,96
51,D#4,88551,783,96
53,F4,89334,158,96
51,D#4,89492,158,96
49,C#4,89650,631,96
46,A#3,90281,632,96
75,D#6,90913,210,96
63,D#5,91123,210,96
77,F6,91123,210,96
65,F5,91333,211,96
77,F6,91333,210,96
65,F5,91543,210,96
77,F6,91543,210,96
65,F5,91753,211,96
65,F5,91753,210,96
77,F6,91963,211,96
65,F5,91963,210,96
77,F6,92173,210,96
65,F5,92173,236,96
77,F6,92409,237,96
63,D#5,92409,1026,96
75,D#6,93435,1026,96
75,D#6,93435,210,96
63,D#5,93645,210,96
69,A5,93645,211,96
77,F6,93645,210,96
65,F5,93855,210,96
77,F6,93855,210,96
65,F5,94065,211,96
77,F6,94065,210,96
65,F5,94275,210,96
65,F5,94275,210,96
77,F6,94485,211,96
77,F6,94485,210,96
65,F5,94695,210,96
77,F6,94695,236,96
65,F5,94931,237,96
63,D#5,94931,1026,96
75,D#6,95957,1027,96
49,C#4,95957,631,96
63,D#5,96588,158,96
65,F5,96746,145,96
63,D#5,97220,158,96
65,F5,97378,144,96
61,C#5,97851,296,96
58,A#4,98483,79,96
61,C#5,98562,85,96
68,G#5,98647,152,96
65,F5,98799,158,96
65,F5,98957,473,96
63,D#5,99430,316,96
63,D#5,99746,316,96
61,C#5,100062,158,96
61,C#5,100220,473,96
61,C#5,100693,158,96
63,D#5,100851,158,96
65,F5,101009,315,96
53,F4,101324,315,96
58,A#4,101324,315,96
61,C#5,101324,316,96
53,F4,101324,1894,96
58,A#4,103218,1894,96
61,C#5,103218,1894,96
65,F5,103218,1895,96
61,C#5,103218,158,96
63,D#5,103376,157,96
65,F5,103533,315,96
57,A4,103848,315,96
60,C5,103848,316,96
66,F#5,103848,316,96
65,F5,104164,316,96
63,D#5,104480,316,96
63,D#5,104796,947,96
57,A4,105743,947,96
61,C#5,105743,158,96
63,D#5,105901,158,96
61,C#5,106059,315,96
65,F5,106374,315,96
53,F4,106374,315,96
58,A#4,106374,316,96
53,F4,106374,1894,96
58,A#4,108268,1894,96
61,C#5,108268,1894,96
65,F5,108268,1894,96
61,C#5,108268,158,96
63,D#5,108426,158,96
65,F5,108584,315,96
55,G4,108899,315,96
58,A#4,108899,316,96
66,F#5,108899,316,96
65,F5,109215,315,96
63,D#5,109530,316,96
63,D#5,109846,631,96
58,A#4,110477,632,96
63,D#5,110477,316,96
61,C#5,110793,315,96
75,D#6,111108,210,96
63,D#5,111318,211,96
77,F6,111318,210,96
65,F5,111528,210,96
77,F6,111528,210,96
65,F5,111738,211,96
77,F6,111738,210,96
65,F5,111948,211,96
65,F5,111948,210,96
77,F6,112158,210,96
65,F5,112158,210,96
77,F6,112368,211,96
65,F5,112368,236,96
77,F6,112604,236,96
63,D#5,112604,1026,96
75,D#6,113630,1027,96
75,D#6,113630,210,96
63,D#5,113840,210,96
69,A5,113840,210,96
77,F6,113840,210,96
65,F5,114050,211,96
77,F6,114050,210,96
65,F5,114260,210,96
77,F6,114260,210,96
65,F5,114470,211,96
65,F5,114470,210,96
77,F6,114680,210,96
77,F6,114680,210,96
65,F5,114890,211,96
77,F6,114890,236,96
65,F5,115126,237,96
63,D#5,115126,1026,96
75,D#6,116152,1026,96
58,A#4,116152,632,96
63,D#5,116784,158,96
65,F5,116942,144,96
63,D#5,117415,158,96
65,F5,117573,145,96
61,C#5,118047,296,96
53,F4,118678,79,96
56,G#4,118757,86,96
68,G#5,118843,151,96
65,F5,118994,158,91
65,F5,119152,474,88
63,D#5,119626,316,79
63,D#5,119942,315,73
61,C#5,120257,158,67
61,C#5,120415,474,64
58,A#4,120889,296,55
75,D#6,121836,316,49
73,C#6,122152,158,49
70,A#5,122310,316,49
68,G#5,122626,316,49
68,G#5,122942,157,49
70,A#5,123099,316,49
73,C#6,123415,316,49
69,A5,123731,632,49
75,D#6,124363,315,49
73,C#6,124678,158,49
70,A#5,124836,316,49
68,G#5,125152,316,49
68,G#5,125468,158,49
70,A#5,125626,631,49
65,F5,126257,632,49
75,D#6,126889,316,49
73,C#6,127205,158,49
70,A#5,127363,315,49
68,G#5,127678,316,49
68,G#5,127994,158,49
70,A#5,128152,316,49
73,C#6,128468,296,49
75,D#6,129415,316,49
73,C#6,129731,158,49
70,A#5,129889,316,49
68,G#5,130205,315,49
68,G#5,130520,158,49
70,A#5,130678,599,49
75,D#6,131942,315,49
73,C#6,132257,158,49
70,A#5,132415,316,49
68,G#5,132731,316,49
68,G#5,133047,158,49
70,A#5,133205,315,49
73,C#6,133520,297,49
75,D#6,134468,316,49
73,C#6,134784,158,49
70,A#5,134942,315,49
68,G#5,135257,316,49
68,G#5,135573,158,49
70,A#5,135731,599,49
75,D#6,136994,316,49
73,C#6,137310,158,49
70,A#5,137468,316,49
68,G#5,137784,315,49
68,G#5,138099,158,49
70,A#5,138257,316,49
73,C#6,138573,598,49
--end--
61,C#5,0,2526,49
54,F#4,2526,2526,49
58,A#4,2526,2526,49
53,F4,2526,2526,49
57,A4,5052,2526,49
60,C5,5052,2526,49
63,D#5,5052,2526,49
58,A#4,7578,2526,49
61,C#5,7578,2526,49
63,D#5,7578,2526,49
58,A#4,10104,2526,49
61,C#5,10104,2527,49
54,F#4,10104,1263,49
58,A#4,11367,1263,49
61,C#5,11367,1263,49
66,F#5,11367,1197,49
53,F4,12630,1263,49
57,A4,13893,1263,49
60,C5,13893,1263,49
65,F5,13893,1198,49
63,D#5,15156,5052,49
58,A#4,20208,5052,49
61,C#5,20208,5053,49
30,F#2,20208,947,64
18,F#1,21155,947,64
30,F#2,21155,316,64
42,F#3,21471,631,64
37,C#3,22102,632,64
30,F#2,22102,631,64
29,F2,22733,948,64
36,C3,23681,316,64
41,F3,23997,631,64
36,C3,24628,632,64
34,A#2,25260,947,64
22,A#1,26207,947,64
34,A#2,26207,316,64
46,A#3,26523,631,64
41,F3,27154,631,64
34,A#2,27154,632,64
27,D#2,27786,947,64
34,A#2,28733,316,64
43,G3,29049,631,64
39,D#3,29680,632,64
34,A#2,29680,631,64
42,F#3,30311,947,64
30,F#2,31258,948,64
37,C#3,31258,315,64
42,F#3,31573,632,64
37,C#3,32205,632,64
41,F3,32837,947,64
29,F2,33784,947,64
36,C3,33784,316,64
41,F3,34100,631,64
36,C3,34731,632,64
46,A#3,35363,947,64
34,A#2,36310,947,64
41,F3,36310,316,64
46,A#3,36626,632,64
41,F3,37258,631,64
34,A#2,37889,947,64
22,A#1,38836,948,64
34,A#2,38836,315,64
46,A#3,39151,631,64
41,F3,39782,632,64
34,A#2,39782,632,64
34,A#2,40414,947,64
37,C#3,41361,947,64
42,F#3,41361,947,64
30,F#2,41361,947,64
42,F#3,41361,316,64
54,F#4,41677,631,64
49,C#4,42308,631,64
42,F#3,42308,632,64
41,F3,42940,947,64
29,F2,43887,947,64
36,C3,43887,316,64
41,F3,44203,632,64
36,C3,44835,631,64
46,A#3,45466,947,64
34,A#2,46413,948,64
41,F3,46413,315,64
46,A#3,46728,632,64
41,F3,47360,632,64
39,D#3,47992,947,64
27,D#2,48939,947,64
34,A#2,48939,316,64
43,G3,49255,631,64
39,D#3,49886,631,64
34,A#2,49886,632,64
30,F#2,50518,947,64
42,F#3,51465,947,64
37,C#3,51465,316,67
42,F#3,51781,632,68
37,C#3,52413,631,70
41,F3,53044,947,72
29,F2,53991,948,72
36,C3,53991,315,75
41,F3,54306,632,76
36,C3,54938,631,78
46,A#3,55569,947,80
34,A#2,56516,948,80
41,F3,56516,316,83
46,A#3,56832,631,84
41,F3,57463,632,86
34,A#2,58095,947,88
22,A#1,59042,947,88
34,A#2,59042,316,91
46,A#3,59358,631,92
41,F3,59989,632,92
34,A#2,59989,631,94
42,F#3,60620,947,96
30,F#2,61567,947,96
42,F#3,61567,316,96
46,A#3,61883,631,96
49,C#4,62514,632,96
42,F#3,62514,631,96
41,F3,63145,947,96
29,F2,64092,948,96
41,F3,64092,316,96
45,A3,64408,631,96
48,C4,65039,631,96
41,F3,65039,632,96
46,A#3,65671,947,96
34,A#2,66618,947,96
34,A#2,66618,316,96
46,A#3,66934,631,96
41,F3,67565,631,96
34,A#2,67565,632,96
34,A#2,68197,947,96
22,A#1,69144,947,96
34,A#2,69144,316,96
41,F3,69460,631,96
46,A#3,70091,632,96
34,A#2,70091,631,96
42,F#3,70722,947,64
30,F#2,71669,948,64
37,C#3,71669,316,64
42,F#3,71985,631,64
37,C#3,72616,632,64
41,F3,73248,947,64
29,F2,74195,947,64
36,C3,74195,316,64
41,F3,74511,631,64
36,C3,75142,632,64
34,A#2,75774,947,64
22,A#1,76721,947,64
34,A#2,76721,316,64
37,C#3,77037,631,64
41,F3,77668,631,64
46,A#3,77668,632,64
34,A#2,77668,631,64
34,A#2,78299,947,64
22,A#1,79246,948,64
22,A#1,79246,315,76
34,A#2,79561,315,76
34,A#2,79561,631,80
22,A#1,80192,632,80
34,A#2,80192,631,88
22,A#1,80823,632,88
30,F#2,80823,947,96
18,F#1,81770,947,96
30,F#2,81770,316,96
42,F#3,82086,631,96
34,A#2,82717,631,96
37,C#3,82717,631,96
30,F#2,82717,632,96
29,F2,83349,947,96
17,F1,84296,947,96
29,F2,84296,316,96
41,F3,84612,631,96
33,A2,85243,631,96
36,C3,85243,632,96
29,F2,85243,631,96
34,A#2,85874,947,96
22,A#1,86821,948,96
34,A#2,86821,315,96
46,A#3,87136,631,96
37,C#3,87767,631,96
41,F3,87767,632,96
34,A#2,87767,632,96
39,D#3,88399,947,96
27,D#2,89346,947,96
34,A#2,89346,316,96
39,D#3,89662,631,96
43,G3,90293,631,96
46,A#3,90293,631,96
34,A#2,90293,632,96
42,F#3,90925,947,96
30,F#2,91872,947,96
42,F#3,91872,316,96
54,F#4,92188,631,96
46,A#3,92819,631,96
49,C#4,92819,632,96
42,F#3,92819,631,96
41,F3,93450,947,96
29,F2,94397,948,96
41,F3,94397,315,96
48,C4,94712,631,96
53,F4,95343,631,96
45,A3,95343,632,96
41,F3,95343,632,96
46,A#3,95975,947,96
34,A#2,96922,947,96
46,A#3,96922,316,96
58,A#4,97238,631,96
49,C#4,97869,631,96
53,F4,97869,631,96
46,A#3,97869,632,96
46,A#3,98501,947,96
34,A#2,99448,947,96
46,A#3,99448,316,96
58,A#4,99764,631,96
53,F4,100395,632,96
46,A#3,100395,631,96
42,F#3,101026,947,96
30,F#2,101973,948,96
42,F#3,101973,315,96
54,F#4,102288,631,96
46,A#3,102919,631,96
49,C#4,102919,632,96
42,F#3,102919,631,96
41,F3,103550,947,96
29,F2,104497,948,96
41,F3,104497,316,96
53,F4,104813,631,96
48,C4,105444,631,96
41,F3,105444,632,96
46,A#3,106076,947,96
34,A#2,107023,947,96
46,A#3,107023,316,96
58,A#4,107339,631,96
49,C#4,107970,631,96
53,F4,107970,632,96
46,A#3,107970,631,96
51,D#4,108601,947,96
39,D#3,109548,947,96
46,A#3,109548,316,96
55,G4,109864,631,96
51,D#4,110495,632,96
46,A#3,110495,631,96
42,F#3,111126,948,96
49,C#4,112074,316,96
54,F#4,112390,631,96
49,C#4,113021,632,96
41,F3,113653,947,96
48,C4,114600,316,96
53,F4,114916,631,96
48,C4,115547,632,96
46,A#3,116179,947,96
34,A#2,117126,947,96
46,A#3,117126,316,96
53,F4,117442,631,96
58,A#4,118073,631,96
49,C#4,118073,632,96
46,A#3,118073,631,96
34,A#2,118704,1263,96
22,A#1,119967,1264,96
58,A#4,119967,1197,73
49,C#4,121230,2526,49
42,F#3,123756,2526,49
46,A#3,123756,2526,49
53,F4,123756,2395,49
53,F4,126282,2526,49
46,A#3,128808,2527,49
58,A#4,128808,2394,49
54,F#4,131334,1263,49
42,F#3,132597,1263,49
49,C#4,132597,1263,49
61,C#5,132597,1197,49
41,F3,133860,1263,49
53,F4,135123,1263,49
60,C5,135123,1198,49
58,A#4,136387,2526,49
46,A#3,138913,2526,49
34,A#2,138913,4796,49
22,A#1,143709,4796,49