67,G5,0,655,71
60,C5,731,244,60
67,G5,975,488,85
64,E5,1463,244,73
66,F#5,1707,899,80
52,E4,2682,244,56
54,F#4,2926,244,79
55,G4,3170,244,78
57,A4,3414,244,81
62,D5,3658,244,86
60,C5,3902,488,76
62,D5,4390,244,85
59,B4,4634,899,68
57,A4,5609,244,73
57,A4,5853,488,78
59,B4,6341,244,82
56,G#4,6585,1123,69
52,E4,7804,122,78
52,E4,7926,365,85
60,C5,8291,366,85
59,B4,8291,244,72
60,C5,8535,488,79
62,D5,9023,488,83
64,E5,9511,218,81
55,G4,9877,365,68
59,B4,10242,365,68
57,A4,10242,244,72
55,G4,10486,900,71
57,A4,11462,244,81
55,G4,11706,488,73
54,F#4,12194,244,73
54,F#4,12438,487,75
52,E4,12925,488,70
54,F#4,13413,2099,79
47,B3,17559,51,79
47,B3,17681,1341,85
52,E4,19022,1341,85
59,B4,19022,1342,85
59,B4,19022,244,78
59,B4,19266,244,78
59,B4,19510,487,80
52,E4,19997,488,80
55,G4,19997,243,71
52,E4,20240,732,66
60,C5,20972,488,91
48,C4,21460,51,80
60,C5,21582,1829,78
48,C4,23411,1829,78
52,E4,23411,1829,78
60,C5,23411,1464,79
55,G4,24875,243,69
57,A4,25118,244,76
52,E4,25362,51,79
52,E4,25484,853,79
55,G4,26337,853,79
59,B4,26337,854,79
43,G3,26337,244,56
47,B3,26581,244,80
52,E4,26825,244,88
59,B4,27069,244,89
59,B4,27313,487,80
55,G4,27800,244,72
52,E4,28044,732,70
54,F#4,28776,488,81
47,B3,29264,51,80
47,B3,29386,1829,77
51,D#4,31215,1829,77
54,F#4,31215,1829,77
54,F#4,31215,1463,79
57,A4,32678,244,85
59,B4,32922,244,81
52,E4,33166,51,79
52,E4,33288,1341,79
60,C5,34629,1341,79
57,A4,34629,1342,79
60,C5,34629,244,78
60,C5,34873,243,76
50,D4,35116,51,79
60,C5,35238,365,78
54,F#4,35603,365,78
50,D4,35603,366,78
60,C5,35603,244,79
62,D5,35847,244,78
62,D5,36091,488,77
57,A4,36579,488,63
50,D4,37067,50,79
50,D4,37189,853,78
59,B4,38042,853,78
55,G4,38042,853,78
50,D4,38042,975,66
55,G4,39017,976,66
50,D4,39017,1463,73
54,F#4,40480,1463,73
52,E4,40480,244,72
54,F#4,40724,244,80
48,C4,40968,51,73
48,C4,41090,1585,82
55,G4,42675,1585,82
52,E4,42675,1585,82
55,G4,42675,244,68
46,A#3,42919,51,73
46,A#3,43041,609,74
49,C#4,43650,609,74
55,G4,43650,610,74
55,G4,43650,244,78
55,G4,43894,488,74
49,C#4,44382,487,81
57,A4,44869,488,81
47,B3,44869,81,73
47,B3,45021,823,72
54,F#4,45844,823,72
50,D4,45844,823,72
42,F#3,45844,244,56
47,B3,46088,244,81
52,E4,46332,244,88
54,F#4,46576,244,83
37,C#3,46820,61,73
42,F#3,46881,61,72
37,C#3,46942,853,68
50,D4,47795,853,68
42,F#3,47795,853,68
50,D4,47795,244,78
50,D4,48039,244,75
52,E4,48283,244,79
54,F#4,48527,244,82
47,B3,48771,51,73
47,B3,48893,853,84
59,B4,49746,853,84
52,E4,49746,854,84
47,B3,49746,487,65
54,F#4,50233,487,65
54,F#4,50233,244,76
59,B4,50477,244,87
52,E4,50721,51,73
52,E4,50843,365,77
59,B4,51208,365,77
55,G4,51208,366,77
55,G4,51208,244,69
52,E4,51452,732,67
60,C5,52184,487,88
48,C4,52671,51,73
48,C4,52793,1829,79
52,E4,54622,1830,79
60,C5,54622,1463,80
55,G4,56085,244,67
57,A4,56329,218,79
52,E4,57061,50,80
52,E4,57183,853,70
55,G4,58036,853,70
59,B4,58036,853,70
43,G3,58036,122,57
47,B3,58158,122,81
52,E4,58280,122,84
59,B4,58402,122,89
59,B4,58524,488,79
55,G4,59012,244,69
52,E4,59256,732,67
53,F4,59988,487,80
41,F3,60475,51,79
49,C#4,60597,853,75
41,F3,61450,853,75
53,F4,61450,854,75
41,F3,61450,244,57
47,B3,61694,244,84
49,C#4,61938,244,82
52,E4,62182,244,83
53,F4,62426,655,82
55,G4,63157,122,83
53,F4,63279,122,69
53,F4,63401,488,76
57,A4,63889,244,85
59,B4,64133,244,79
52,E4,64377,122,82
52,E4,64499,853,79
60,C5,65352,853,79
52,E4,65352,244,63
57,A4,65596,244,84
60,C5,65840,244,81
60,C5,66084,244,75
50,D4,66328,51,82
50,D4,66450,365,76
60,C5,66815,365,76
54,F#4,66815,366,76
54,F#4,66815,243,80
60,C5,67058,244,80
54,F#4,67058,731,79
62,D5,67789,731,79
54,F#4,67789,487,72
60,C5,68276,488,72
50,D4,68276,51,82
50,D4,68398,609,70
59,B4,69007,609,70
55,G4,69007,610,70
50,D4,69007,731,70
55,G4,69738,731,70
57,A4,69738,732,70
50,D4,69738,487,69
55,G4,70225,487,69
50,D4,70225,975,76
54,F#4,71200,976,76
47,B3,71200,244,63
50,D4,71444,244,80
52,E4,71688,244,82
54,F#4,71932,244,83
48,C4,72176,50,76
48,C4,72298,853,80
55,G4,73151,853,80
52,E4,73151,853,80
52,E4,73151,243,72
48,C4,73394,244,72
50,D4,73394,244,71
52,E4,73638,244,82
55,G4,73882,244,82
45,A3,74126,51,76
45,A3,74248,609,79
57,A4,74857,609,79
51,D#4,74857,610,79
55,G4,74857,243,72
47,B3,75100,243,72
51,D#4,75100,243,72
47,B3,75100,244,65
51,D#4,75344,244,79
54,F#4,75588,243,84
45,A3,75831,244,84
47,B3,75831,244,62
40,E3,76075,51,76
40,E3,76197,853,86
52,E4,77050,853,86
43,G3,77050,854,86
52,E4,77050,325,78
64,E5,77375,320,95
76,E6,77695,320,95
59,B4,77695,330,70
71,B5,78025,330,70
74,D6,78025,325,83
62,D5,78350,326,83
60,C5,78350,320,71
72,C6,78670,320,71
59,B4,78670,330,71
71,B5,79000,330,71
59,B4,79000,325,53
47,B3,79325,325,53
55,G4,79325,325,53
52,E4,79325,320,80
64,E5,79645,320,80
54,F#4,79645,452,81
66,F#5,80097,452,81
55,G4,80097,853,79
67,G5,80950,853,79
60,C5,80950,854,79
48,C4,80950,244,60
52,E4,81194,244,80
66,F#5,81438,243,98
57,A4,81681,244,98
48,C4,81681,244,57
57,A4,81925,51,83
62,D5,82047,0,95
57,A4,82900,325,78
66,F#5,83225,326,78
60,C5,83225,320,82
69,A5,83545,320,82
66,F#5,83545,330,70
57,A4,83875,330,70
54,F#4,83875,51,83
54,F#4,83997,853,66
62,D5,84850,853,66
59,B4,84850,854,66
50,D4,84850,243,58
54,F#4,85093,244,78
59,B4,85337,244,86
57,A4,85581,244,74
55,G4,85825,975,83
59,B4,86800,976,83
52,E4,86800,325,77
59,B4,87125,325,77
64,E5,87125,320,86
55,G4,87445,320,86
66,F#5,87445,330,84
57,A4,87775,330,84
55,G4,87775,51,83
55,G4,87897,853,82
67,G5,88750,853,82
60,C5,88750,854,82
48,C4,88750,244,57
52,E4,88994,244,82
66,F#5,89238,243,97
57,A4,89481,244,97
48,C4,89481,244,57
54,F#4,89725,50,83
54,F#4,89847,609,95
66,F#5,90456,609,95
62,D5,90456,609,95
66,F#5,90456,243,78
57,A4,90699,244,78
50,D4,90699,244,58
57,A4,90943,244,85
64,E5,91187,243,90
55,G4,91430,244,90
54,F#4,91430,244,61
50,D4,91674,51,83
50,D4,91796,853,87
62,D5,92649,853,87
55,G4,92649,853,87
47,B3,92649,244,62
50,D4,92893,244,77
55,G4,93137,244,87
57,A4,93381,239,83
56,G#4,94601,244,69
57,A4,94845,243,76
59,B4,95088,244,79
62,D5,95332,244,82
52,E4,95576,51,69
52,E4,95698,365,73
57,A4,96063,365,73
60,C5,96063,366,73
60,C5,96063,243,77
52,E4,96306,244,77
60,C5,96306,487,75
52,E4,96793,488,75
50,D4,96793,487,73
59,B4,97280,488,73
52,E4,97280,243,76
60,C5,97523,243,76
60,C5,97523,976,81
48,C4,98499,244,56
52,E4,98743,244,81
57,A4,98987,244,88
60,C5,99231,244,85
47,B3,99475,51,81
47,B3,99597,365,71
59,B4,99962,365,71
52,E4,99962,366,71
59,B4,99962,243,78
52,E4,100205,243,76
59,B4,100448,244,76
47,B3,100448,244,56
52,E4,100692,244,82
69,A5,100936,243,96
59,B4,101179,244,96
52,E4,101179,244,59
61,C#5,101423,51,81
61,C#5,101545,853,94
67,G5,102398,853,94
64,E5,102398,854,94
55,G4,102398,243,63
61,C#5,102641,244,86
64,E5,102885,244,85
65,F5,103129,244,80
57,A4,103373,51,81
57,A4,103495,609,83
67,G5,104104,609,83
64,E5,104104,610,83
67,G5,104104,243,77
60,C5,104347,244,77
57,A4,104347,244,60
60,C5,104591,244,79
64,E5,104835,243,84
66,F#5,105078,244,83
58,A#4,105322,51,81
60,C5,105444,365,81
58,A#4,105809,365,81
67,G5,105809,366,81
67,G5,105809,243,79
60,C5,106052,244,79
67,G5,106052,243,78
60,C5,106295,244,78
67,G5,106295,243,76
60,C5,106538,244,76
69,A5,106538,731,81
60,C5,107269,732,81
54,F#4,107269,106,81
54,F#4,107513,731,70
66,F#5,108244,731,70
63,D#5,108244,731,70
54,F#4,108244,244,58
57,A4,108488,244,77
59,B4,108732,244,80
64,E5,108976,244,88
63,D#5,109220,975,75
54,F#4,110195,975,75
59,B4,110195,325,69
47,B3,110520,326,69
64,E5,110520,320,83
52,E4,110840,320,83
54,F#4,110840,452,83
66,F#5,111292,452,83
55,G4,111292,853,80
60,C5,112145,853,80
67,G5,112145,854,80
48,C4,112145,244,59
52,E4,112389,243,80
66,F#5,112632,243,96
57,A4,112875,244,96
48,C4,112875,244,60
57,A4,113119,51,75
57,A4,113241,853,92
66,F#5,114094,853,92
62,D5,114094,854,92
62,D5,114094,325,78
66,F#5,114419,325,78
69,A5,114419,320,81
60,C5,114739,320,81
66,F#5,114739,330,71
57,A4,115069,330,71
54,F#4,115069,51,75
54,F#4,115191,853,67
62,D5,116044,853,67
59,B4,116044,854,67
50,D4,116044,244,56
54,F#4,116288,244,80
59,B4,116532,244,88
57,A4,116776,244,73
55,G4,117020,975,85
59,B4,117995,975,85
52,E4,117995,325,77
59,B4,118320,326,77
64,E5,118320,320,87
55,G4,118640,320,87
66,F#5,118640,452,84
57,A4,119092,452,84
55,G4,119092,853,79
60,C5,119945,853,79
67,G5,119945,854,79
48,C4,119945,243,59
52,E4,120188,244,82
66,F#5,120432,243,97
57,A4,120675,244,97
48,C4,120675,244,57
54,F#4,120919,51,85
54,F#4,121041,609,92
66,F#5,121650,609,92
62,D5,121650,610,92
66,F#5,121650,243,76
57,A4,121893,244,76
50,D4,121893,244,58
57,A4,122137,244,84
64,E5,122381,243,90
55,G4,122624,243,90
54,F#4,122624,244,59
50,D4,122868,82,85
50,D4,123021,823,90
62,D5,123844,823,90
55,G4,123844,823,90
47,B3,123844,244,60
50,D4,124088,244,78
55,G4,124332,244,88
57,A4,124576,487,82
56,G#4,125063,244,70
56,G#4,125307,244,76
57,A4,125551,244,79
57,A4,125795,244,78
59,B4,126039,244,79
59,B4,126283,244,76
62,D5,126527,218,83
52,E4,126893,365,72
57,A4,127258,365,72
60,C5,127258,366,72
60,C5,127258,244,74
59,B4,127502,487,73
62,D5,127989,488,79
60,C5,128477,1123,73
48,C4,129697,244,58
52,E4,129941,243,80
57,A4,130184,244,88
60,C5,130428,244,83
47,B3,130672,51,73
47,B3,130794,365,75
59,B4,131159,365,75
52,E4,131159,366,75
59,B4,131159,244,78
59,B4,131403,243,76
52,E4,131646,244,76
47,B3,131646,244,60
52,E4,131890,244,84
69,A5,132134,243,98
59,B4,132377,244,98
52,E4,132377,243,56
61,C#5,132620,61,73
64,E5,132681,61,58
67,G5,132742,853,94
64,E5,133595,853,94
61,C#5,133595,854,94
55,G4,133595,244,62
61,C#5,133839,244,83
64,E5,134083,244,84
66,F#5,134327,239,80
57,A4,135058,51,73
67,G5,135180,365,67
57,A4,135545,365,67
64,E5,135545,366,67
67,G5,135545,193,73
60,C5,135738,193,73
57,A4,135738,193,63
60,C5,135931,199,78
64,E5,136130,193,83
67,G5,136323,198,81
59,B4,136521,51,73
59,B4,136643,609,79
69,A5,137252,609,79
63,D#5,137252,610,79
59,B4,137252,243,73
63,D#5,137495,243,73
67,G5,137495,244,73
59,B4,137495,243,64
63,D#5,137738,244,80
65,F5,137982,243,81
57,A4,138225,244,81
59,B4,138225,244,65
52,E4,138469,61,73
55,G4,138530,61,58
55,G4,138591,853,83
52,E4,139444,853,83
64,E5,139444,854,83
47,B3,139444,244,58
52,E4,139688,244,82
55,G4,139932,243,85
59,B4,140175,244,86
64,E5,140419,1855,91
67,G5,142371,655,87
60,C5,143102,244,63
67,G5,143346,325,85
66,F#5,143671,321,76
64,E5,143992,330,70
66,F#5,144322,655,84
50,D4,145053,122,58
52,E4,145175,122,78
54,F#4,145297,244,82
55,G4,145541,244,80
57,A4,145785,244,82
62,D5,146029,244,85
60,C5,146273,488,77
62,D5,146761,244,83
59,B4,147005,244,70
59,B4,147249,655,74
57,A4,147980,244,71
57,A4,148224,488,76
59,B4,148712,244,82
56,G#4,148956,1123,72
52,E4,150175,122,76
60,C5,150297,365,83
52,E4,150662,366,83
59,B4,150662,244,75
60,C5,150906,488,78
62,D5,151394,488,80
64,E5,151882,244,79
55,G4,152126,122,76
55,G4,152248,365,67
59,B4,152613,365,67
57,A4,152613,244,73
55,G4,152857,244,69
55,G4,153101,656,76
57,A4,153833,244,79
55,G4,154077,488,75
54,F#4,154565,244,73
54,F#4,154809,487,76
52,E4,155296,488,70
54,F#4,155784,2099,81
47,B3,159931,50,81
52,E4,160053,1341,87
59,B4,161394,1341,87
47,B3,161394,1341,87
59,B4,161394,244,81
59,B4,161638,244,77
59,B4,161882,487,79
52,E4,162369,488,79
55,G4,162369,243,72
52,E4,162612,732,68
60,C5,163344,488,89
48,C4,163832,51,79
48,C4,163954,1829,79
60,C5,165783,1829,79
52,E4,165783,1829,79
60,C5,165783,1464,79
55,G4,167247,244,68
57,A4,167491,243,77
52,E4,167734,51,79
52,E4,167856,853,81
55,G4,168709,853,81
59,B4,168709,854,81
43,G3,168709,244,56
47,B3,168953,244,79
52,E4,169197,244,84
59,B4,169441,244,91
59,B4,169685,487,81
55,G4,170172,244,70
52,E4,170416,732,70
54,F#4,171148,488,81
47,B3,171636,51,81
47,B3,171758,1829,76
51,D#4,173587,1829,76
54,F#4,173587,1829,76
54,F#4,173587,1464,78
57,A4,175051,243,84
59,B4,175294,244,81
52,E4,175538,51,78
52,E4,175660,1341,82
60,C5,177001,1341,82
57,A4,177001,1342,82
60,C5,177001,244,78
60,C5,177245,244,76
50,D4,177489,50,78
50,D4,177610,365,76
60,C5,177975,365,76
54,F#4,177975,366,76
60,C5,177975,244,81
62,D5,178219,244,81
62,D5,178463,488,77
57,A4,178951,488,66
50,D4,179439,61,78
55,G4,179500,61,84
55,G4,179561,853,78
50,D4,180414,853,78
59,B4,180414,853,78
50,D4,180414,975,68
55,G4,181389,976,68
50,D4,181389,1463,74
54,F#4,182852,1463,74
52,E4,182852,244,74
54,F#4,183096,244,80
48,C4,183340,61,74
52,E4,183401,61,74
52,E4,183462,1585,79
48,C4,185047,1585,79
55,G4,185047,1586,79
55,G4,185047,243,70
46,A#3,185290,51,74
46,A#3,185412,609,75
49,C#4,186021,609,75
55,G4,186021,610,75
55,G4,186021,244,75
55,G4,186265,488,77
49,C#4,186753,487,81
57,A4,187240,488,81
47,B3,187240,81,74
47,B3,187392,823,70
54,F#4,188215,823,70
50,D4,188215,823,70
42,F#3,188215,244,57
47,B3,188459,244,82
52,E4,188703,244,85
54,F#4,188947,244,82
37,C#3,189191,51,74
37,C#3,189313,853,69
50,D4,190166,853,69
42,F#3,190166,853,69
50,D4,190166,244,77
50,D4,190410,244,78
52,E4,190654,244,80
54,F#4,190898,244,79
47,B3,191142,51,74
47,B3,191264,853,88
59,B4,192117,853,88
52,E4,192117,854,88
47,B3,192117,487,68
54,F#4,192604,487,68
54,F#4,192604,244,78
59,B4,192848,244,87
52,E4,193092,51,74
59,B4,193214,365,77
55,G4,193579,365,77
52,E4,193579,366,77
55,G4,193579,244,71
52,E4,193823,732,67
60,C5,194555,487,91
48,C4,195042,51,74
48,C4,195164,1829,77
52,E4,196993,1830,77
60,C5,196993,1463,79
55,G4,198456,244,68
57,A4,198700,219,76
52,E4,199432,51,79
52,E4,199554,853,67
55,G4,200407,853,67
59,B4,200407,853,67
43,G3,200407,122,55
47,B3,200529,122,78
52,E4,200651,122,86
59,B4,200773,122,93
59,B4,200895,488,80
55,G4,201383,244,69
52,E4,201627,732,70
53,F4,202359,487,78
41,F3,202846,51,80
41,F3,202968,853,78
53,F4,203821,853,78
49,C#4,203821,854,78
41,F3,203821,244,58
47,B3,204065,244,86
49,C#4,204309,244,81
52,E4,204553,244,84
53,F4,204797,655,81
55,G4,205528,122,85
53,F4,205650,122,72
53,F4,205772,488,73
57,A4,206260,244,86
59,B4,206504,244,82
52,E4,206748,122,81
52,E4,206870,853,81
60,C5,207723,853,81
52,E4,207723,244,63
57,A4,207967,244,83
60,C5,208211,244,81
60,C5,208455,244,75
50,D4,208699,51,81
50,D4,208821,365,78
60,C5,209186,365,78
54,F#4,209186,366,78
54,F#4,209186,243,77
60,C5,209429,244,77
54,F#4,209429,731,81
62,D5,210160,731,81
54,F#4,210160,487,71
60,C5,210647,488,71
50,D4,210647,51,81
50,D4,210769,609,72
59,B4,211378,609,72
55,G4,211378,610,72
50,D4,211378,731,70
55,G4,212109,731,70
57,A4,212109,732,70
50,D4,212109,487,70
55,G4,212596,487,70
50,D4,212596,975,75
54,F#4,213571,976,75
47,B3,213571,244,63
50,D4,213815,244,78
52,E4,214059,244,83
54,F#4,214303,244,82
48,C4,214547,51,75
48,C4,214669,853,80
55,G4,215522,853,80
52,E4,215522,853,80
52,E4,215522,243,74
48,C4,215765,244,74
50,D4,215765,244,69
52,E4,216009,244,80
55,G4,216253,244,82
45,A3,216497,51,75
57,A4,216619,609,79
51,D#4,217228,609,79
45,A3,217228,610,79
55,G4,217228,243,70
47,B3,217471,243,70
51,D#4,217471,244,70
47,B3,217471,243,63
51,D#4,217714,244,80
54,F#4,217958,243,83
45,A3,218201,244,83
47,B3,218201,244,63
40,E3,218445,51,75
40,E3,218567,853,84
52,E4,219420,853,84
43,G3,219420,854,84
52,E4,219420,325,77
64,E5,219745,320,95
76,E6,220065,320,95
59,B4,220065,330,68
71,B5,220395,330,68
74,D6,220395,325,82
62,D5,220720,326,82
60,C5,220720,320,72
72,C6,221040,320,72
59,B4,221040,330,71
71,B5,221370,330,71
59,B4,221370,325,55
47,B3,221695,325,55
55,G4,221695,325,55
52,E4,221695,320,84
64,E5,222015,320,84
54,F#4,222015,391,81
66,F#5,222406,392,81
60,C5,222406,61,72
60,C5,222467,853,81
55,G4,223320,853,81
67,G5,223320,853,81
48,C4,223320,244,56
52,E4,223564,244,78
66,F#5,223808,243,97
57,A4,224051,244,97
48,C4,224051,244,60
57,A4,224295,51,82
62,D5,224417,0,94
57,A4,225270,325,76
66,F#5,225595,326,76
69,A5,225595,320,81
60,C5,225915,320,81
66,F#5,225915,330,68
57,A4,226245,330,68
54,F#4,226245,51,82
54,F#4,226367,853,68
62,D5,227220,853,68
59,B4,227220,854,68
50,D4,227220,244,58
54,F#4,227464,243,80
59,B4,227707,244,87
57,A4,227951,244,73
55,G4,228195,975,82
59,B4,229170,976,82
52,E4,229170,325,76
59,B4,229495,325,76
64,E5,229495,320,85
55,G4,229815,320,85
57,A4,229815,330,81
66,F#5,230145,330,81
55,G4,230145,51,82
55,G4,230267,853,82
67,G5,231120,853,82
60,C5,231120,854,82
48,C4,231120,244,60
52,E4,231364,244,78
66,F#5,231608,243,98
57,A4,231851,244,98
48,C4,231851,244,57
54,F#4,232095,50,82
54,F#4,232217,609,93
66,F#5,232826,609,93
62,D5,232826,609,93
66,F#5,232826,243,76
57,A4,233069,244,76
50,D4,233069,244,58
57,A4,233313,244,87
64,E5,233557,243,89
55,G4,233800,244,89
54,F#4,233800,244,62
50,D4,234044,51,82
50,D4,234166,853,90
62,D5,235019,853,90
55,G4,235019,854,90
47,B3,235019,243,60
50,D4,235262,244,79
55,G4,235506,244,86
57,A4,235750,239,83
56,G#4,236970,244,72
57,A4,237214,244,78
59,B4,237458,243,81
62,D5,237701,244,82
52,E4,237945,51,72
52,E4,238067,365,72
57,A4,238432,365,72
60,C5,238432,366,72
60,C5,238432,243,75
52,E4,238675,244,75
52,E4,238675,487,78
60,C5,239162,488,78
59,B4,239162,487,73
50,D4,239649,488,73
52,E4,239649,243,78
60,C5,239892,244,78
60,C5,239892,975,78
48,C4,240867,244,56
52,E4,241111,244,78
57,A4,241355,244,88
60,C5,241599,244,84
47,B3,241843,51,78
47,B3,241965,365,74
59,B4,242330,365,74
52,E4,242330,366,74
59,B4,242330,243,80
52,E4,242573,243,75
59,B4,242816,244,75
47,B3,242816,244,58
52,E4,243060,244,82
69,A5,243304,243,97
59,B4,243547,244,97
52,E4,243547,244,57
61,C#5,243791,51,78
61,C#5,243913,853,93
67,G5,244766,853,93
64,E5,244766,854,93
55,G4,244766,244,60
61,C#5,245010,243,84
64,E5,245253,244,83
65,F5,245497,244,79
57,A4,245741,51,78
57,A4,245863,609,81
67,G5,246472,609,81
64,E5,246472,610,81
67,G5,246472,243,74
60,C5,246715,244,74
57,A4,246715,244,62
60,C5,246959,244,79
64,E5,247203,244,85
66,F#5,247447,243,80
58,A#4,247690,51,78
58,A#4,247812,365,81
67,G5,248177,365,81
60,C5,248177,366,81
67,G5,248177,243,81
60,C5,248420,244,81
67,G5,248420,243,77
60,C5,248663,244,77
67,G5,248663,243,77
60,C5,248906,244,77
60,C5,248906,731,80
69,A5,249637,732,80
54,F#4,249637,106,78
54,F#4,249881,731,69
66,F#5,250612,731,69
63,D#5,250612,731,69
54,F#4,250612,244,58
57,A4,250856,244,80
59,B4,251100,244,80
64,E5,251344,244,85
54,F#4,251588,975,75
63,D#5,252563,976,75
59,B4,252563,325,69
47,B3,252888,325,69
64,E5,252888,320,86
52,E4,253208,320,86
54,F#4,253208,452,83
66,F#5,253660,452,83
55,G4,253660,853,80
60,C5,254513,853,80
67,G5,254513,854,80
48,C4,254513,244,58
52,E4,254757,244,79
66,F#5,255001,243,98
57,A4,255244,243,98
48,C4,255244,244,58
57,A4,255488,51,75
57,A4,255610,853,94
66,F#5,256463,853,94
62,D5,256463,854,94
62,D5,256463,325,79
66,F#5,256788,325,79
69,A5,256788,320,81
60,C5,257108,320,81
66,F#5,257108,330,68
57,A4,257438,331,68
54,F#4,257438,50,75
54,F#4,257560,853,66
62,D5,258413,853,66
59,B4,258413,853,66
50,D4,258413,244,56
54,F#4,258657,244,79
59,B4,258901,244,85
57,A4,259145,244,75
55,G4,259389,975,84
59,B4,260364,975,84
59,B4,260364,325,74
52,E4,260689,326,74
64,E5,260689,320,88
55,G4,261009,320,88
57,A4,261009,452,83
66,F#5,261461,452,83
55,G4,261461,853,78
60,C5,262314,853,78
67,G5,262314,854,78
48,C4,262314,244,58
52,E4,262558,243,79
66,F#5,262801,243,96
57,A4,263044,244,96
48,C4,263044,244,59
54,F#4,263288,51,84
54,F#4,263410,609,93
66,F#5,264019,609,93
62,D5,264019,610,93
66,F#5,264019,243,79
57,A4,264262,244,79
50,D4,264262,244,57
57,A4,264506,244,85
55,G4,264750,243,92
64,E5,264993,244,92
54,F#4,264993,243,60
50,D4,265236,82,84
50,D4,265389,823,86
62,D5,266212,823,86
55,G4,266212,823,86
47,B3,266212,244,62
50,D4,266456,244,80
55,G4,266700,244,85
57,A4,266944,488,83
56,G#4,267432,243,74
56,G#4,267675,244,75
57,A4,267919,244,80
57,A4,268163,244,80
59,B4,268407,244,82
59,B4,268651,244,75
62,D5,268895,218,82
60,C5,269261,365,74
52,E4,269626,365,74
57,A4,269626,366,74
60,C5,269626,244,75
59,B4,269870,487,74
62,D5,270357,488,81
60,C5,270845,1123,70
48,C4,272065,244,59
52,E4,272309,244,78
57,A4,272553,243,86
60,C5,272796,244,83
47,B3,273040,61,70
52,E4,273101,61,59
52,E4,273162,365,71
47,B3,273527,365,71
59,B4,273527,366,71
59,B4,273527,244,80
59,B4,273771,243,76
52,E4,274014,244,76
47,B3,274014,244,59
52,E4,274258,244,82
69,A5,274502,243,98
59,B4,274745,244,98
52,E4,274745,244,57
61,C#5,274989,50,70
61,C#5,275110,853,94
67,G5,275963,853,94
64,E5,275963,854,94
55,G4,275963,244,62
61,C#5,276207,244,84
64,E5,276451,244,82
66,F#5,276695,239,82
57,A4,277427,61,70
64,E5,277488,61,59
57,A4,277549,365,67
64,E5,277914,365,67
67,G5,277914,365,67
67,G5,277914,193,74
60,C5,278107,193,74
57,A4,278107,194,61
60,C5,278301,198,80
64,E5,278499,193,83
67,G5,278692,198,82
59,B4,278890,61,70
63,D#5,278951,61,59
63,D#5,279012,609,83
59,B4,279621,609,83
69,A5,279621,610,83
59,B4,279621,243,70
63,D#5,279864,243,70
67,G5,279864,244,70
59,B4,279864,243,65
63,D#5,280107,244,80
65,F5,280351,243,82
57,A4,280594,244,82
59,B4,280594,244,64
52,E4,280838,51,70
52,E4,280960,853,85
64,E5,281813,853,85
55,G4,281813,854,85
47,B3,281813,244,57
52,E4,282057,244,82
55,G4,282301,244,84
59,B4,282545,243,84
64,E5,282788,1855,89
67,G5,284740,655,87
60,C5,285471,244,62
67,G5,285715,325,85
66,F#5,286040,321,73
64,E5,286361,330,71
66,F#5,286691,655,83
50,D4,287423,122,57
52,E4,287545,121,77
54,F#4,287666,244,84
55,G4,287910,244,79
57,A4,288154,244,81
62,D5,288398,244,85
60,C5,288642,488,76
62,D5,289130,244,85
59,B4,289374,244,70
59,B4,289618,655,75
57,A4,290349,244,72
57,A4,290593,488,77
59,B4,291081,244,85
56,G#4,291325,1123,69
52,E4,292545,121,77
60,C5,292666,365,85
52,E4,293031,366,85
59,B4,293031,244,75
60,C5,293275,488,81
62,D5,293763,488,81
64,E5,294251,244,81
55,G4,294495,122,77
55,G4,294617,365,66
59,B4,294982,366,66
57,A4,294982,243,71
55,G4,295225,244,69
55,G4,295469,656,75
57,A4,296201,244,80
55,G4,296445,488,74
54,F#4,296933,244,74
54,F#4,297177,487,75
52,E4,297664,488,73
54,F#4,298152,2099,79
52,E4,302299,244,79
55,G4,302543,2682,94
64,E5,305225,2682,94
52,E4,305225,2682,94
47,B3,305225,325,67
59,B4,305550,326,67
52,E4,305550,320,86
64,E5,305870,320,86
54,F#4,305870,330,79
66,F#5,306200,330,79
55,G4,306200,51,67
55,G4,306322,853,81
67,G5,307175,853,81
60,C5,307175,854,81
48,C4,307175,244,57
52,E4,307419,243,78
66,F#5,307662,243,98
57,A4,307905,244,98
48,C4,307905,244,60
57,A4,308149,51,67
57,A4,308271,853,91
66,F#5,309124,853,91
62,D5,309124,854,91
66,F#5,309124,325,79
57,A4,309449,325,79
69,A5,309449,320,81
60,C5,309769,320,81
66,F#5,309769,330,69
57,A4,310099,330,69
54,F#4,310099,51,67
54,F#4,310221,853,68
62,D5,311074,853,68
59,B4,311074,854,68
50,D4,311074,244,58
54,F#4,311318,244,81
59,B4,311562,244,86
57,A4,311806,244,72
55,G4,312050,975,82
59,B4,313025,975,82
52,E4,313025,325,77
59,B4,313350,326,77
64,E5,313350,320,86
55,G4,313670,320,86
57,A4,313670,330,82
66,F#5,314000,330,82
55,G4,314000,51,82
55,G4,314122,853,81
67,G5,314975,853,81
60,C5,314975,854,81
48,C4,314975,243,59
52,E4,315218,244,80
66,F#5,315462,243,97
57,A4,315705,244,97
48,C4,315705,244,59
53,F4,315949,51,82
53,F4,316071,609,95
65,F5,316680,609,95
62,D5,316680,610,95
65,F5,316680,243,77
57,A4,316923,244,77
50,D4,316923,244,58
57,A4,317167,244,87
55,G4,317411,243,90
64,E5,317654,243,90
53,F4,317654,244,58
50,D4,317898,51,82
50,D4,318020,853,88
62,D5,318873,853,88
55,G4,318873,854,88
47,B3,318873,244,60
50,D4,319117,244,79
55,G4,319361,244,86
57,A4,319605,488,83
56,G#4,320093,243,71
56,G#4,320336,244,75
57,A4,320580,244,81
57,A4,320824,244,80
59,B4,321068,244,79
59,B4,321312,244,76
62,D5,321556,218,83
52,E4,321922,365,70
57,A4,322287,365,70
60,C5,322287,366,70
60,C5,322287,244,77
59,B4,322531,487,72
62,D5,323018,488,80
60,C5,323506,1123,73
48,C4,324726,244,58
52,E4,324970,243,79
57,A4,325213,244,87
60,C5,325457,244,85
47,B3,325701,51,73
47,B3,325823,365,71
59,B4,326188,365,71
52,E4,326188,366,71
59,B4,326188,244,79
59,B4,326432,243,75
52,E4,326675,244,75
47,B3,326675,244,58
52,E4,326919,244,81
69,A5,327163,243,96
59,B4,327406,244,96
52,E4,327406,243,57
61,C#5,327649,51,73
61,C#5,327771,853,91
67,G5,328624,853,91
64,E5,328624,854,91
55,G4,328624,244,59
61,C#5,328868,244,83
64,E5,329112,244,84
66,F#5,329356,244,80
57,A4,329600,51,73
57,A4,329722,609,82
67,G5,330331,609,82
64,E5,330331,609,82
67,G5,330331,243,75
60,C5,330574,244,75
57,A4,330574,244,61
60,C5,330818,244,78
64,E5,331062,244,84
67,G5,331306,244,82
59,B4,331550,51,73
63,D#5,331672,609,80
59,B4,332281,609,80
69,A5,332281,610,80
59,B4,332281,243,73
63,D#5,332524,243,73
67,G5,332524,244,73
59,B4,332524,243,64
63,D#5,332767,244,80
66,F#5,333011,243,85
57,A4,333254,244,85
59,B4,333254,244,64
52,E4,333498,51,73
52,E4,333620,853,85
64,E5,334473,853,85
55,G4,334473,854,85
52,E4,334473,122,60
54,F#4,334595,122,78
55,G4,334717,122,80
59,B4,334839,122,84
64,E5,334961,122,91
66,F#5,335083,121,81
67,G5,335204,122,78
71,B5,335326,122,83
67,G5,335448,61,73
71,B5,335509,61,58
76,E6,335570,1814,87
--end--
33,A2,0,243,69
43,G3,243,244,92
47,B3,487,732,87
45,A3,1219,437,72
38,D3,1951,244,70
45,A3,2195,244,88
50,D4,2439,437,88
31,G2,3902,244,71
38,D3,4146,488,89
45,A3,4634,244,92
45,A3,4878,243,80
47,B3,5121,244,79
50,D4,5365,488,81
40,E3,5853,244,62
47,B3,6097,488,84
52,E4,6585,243,87
50,D4,6828,244,87
52,E4,6828,731,76
50,D4,7559,731,76
40,E3,7559,244,68
33,A2,7803,244,64
40,E3,8047,244,85
45,A3,8291,244,87
47,B3,8535,244,83
48,C4,8779,244,81
52,E4,9023,244,84
45,A3,9267,488,64
28,E2,9755,244,58
35,B2,9999,243,85
40,E3,10242,244,88
42,F#3,10486,244,82
43,G3,10730,244,82
47,B3,10974,244,83
52,E4,11218,488,85
30,F#2,11706,975,60
18,F#1,12681,975,60
42,F#3,12681,51,85
42,F#3,12803,853,92
49,C#4,13656,853,92
46,A#3,13656,854,92
23,B1,13656,488,62
35,B2,14144,244,98
40,E3,14388,244,90
40,E3,14632,244,83
42,F#3,14876,243,78
47,B3,15119,244,86
52,E4,15363,244,87
42,F#3,15607,82,62
42,F#3,15760,823,74
51,D#4,16583,823,74
47,B3,16583,823,74
23,B1,16583,975,54
28,E2,17558,488,84
35,B2,18046,488,89
53,F4,18534,487,100
47,B3,19021,487,100
52,E4,19021,488,100
35,B2,19021,488,58
47,B3,19509,487,96
43,G3,19996,488,96
35,B2,19996,487,58
47,B3,20483,487,92
43,G3,20970,488,92
35,B2,20970,488,56
33,A2,21458,488,72
40,E3,21946,244,89
47,B3,22190,244,93
48,C4,22434,243,86
40,E3,22677,244,60
50,D4,22921,244,91
52,E4,23165,219,84
28,E2,25360,244,59
35,B2,25604,244,87
40,E3,25848,244,88
42,F#3,26092,1123,80
40,E3,27312,243,74
47,B3,27555,732,91
43,G3,28287,244,67
47,B3,28531,488,81
40,E3,29019,244,64
23,B1,29263,488,56
35,B2,29751,244,97
40,E3,29995,487,88
42,F#3,30482,244,80
47,B3,30726,244,87
52,E4,30970,244,87
42,F#3,31214,81,56
42,F#3,31366,1798,73
51,D#4,33164,1798,73
47,B3,33164,1799,73
21,A1,33164,488,56
33,A2,33652,244,97
40,E3,33896,244,91
45,A3,34140,487,92
48,C4,34627,488,92
33,A2,34627,487,59
26,D2,35114,244,61
33,A2,35358,244,87
38,D3,35602,244,87
42,F#3,35846,244,87
45,A3,36090,244,84
50,D4,36334,488,85
38,D3,36822,244,57
31,G2,37066,244,59
38,D3,37310,243,86
47,B3,37553,976,93
43,G3,38529,244,70
38,D3,38773,244,65
31,G2,39017,244,61
38,D3,39261,244,87
43,G3,39505,244,87
45,A3,39749,244,82
47,B3,39993,243,82
50,D4,40236,732,85
24,C2,40968,244,58
36,C3,41212,244,93
43,G3,41456,244,93
48,C4,41700,244,88
52,E4,41944,244,89
48,C4,42188,244,70
43,G3,42432,243,65
36,C3,42675,244,61
30,F#2,42919,244,65
37,C#3,43163,244,89
40,E3,43407,244,85
46,A#3,43651,244,88
48,C4,43895,244,81
46,A#3,44139,488,74
37,C#3,44627,244,59
35,B2,44871,1854,73
23,B1,46822,244,58
35,B2,47066,244,94
39,D#3,47310,243,87
42,F#3,47553,244,84
42,F#3,47797,879,76
28,E2,48773,488,58
35,B2,49261,488,84
40,E3,49749,487,92
43,G3,50236,487,92
35,B2,50236,488,63
47,B3,50724,487,99
43,G3,51211,488,99
35,B2,51211,488,57
47,B3,51699,487,92
43,G3,52186,488,92
35,B2,52186,487,57
33,A2,52673,488,73
40,E3,53161,244,91
47,B3,53405,244,93
48,C4,53649,244,84
40,E3,53893,244,59
50,D4,54137,244,93
52,E4,54381,218,83
28,E2,56576,244,59
35,B2,56820,244,84
40,E3,57064,244,88
41,F3,57308,243,81
41,F3,57551,880,75
40,E3,58527,244,74
47,B3,58771,732,88
43,G3,59503,244,66
47,B3,59747,487,84
40,E3,60234,244,65
35,B2,60478,488,67
41,F3,60966,1367,87
35,B2,62430,879,69
34,A#2,63405,879,69
33,A2,64381,244,75
40,E3,64625,244,90
45,A3,64869,243,87
48,C4,65112,244,85
48,C4,65356,879,76
26,D2,66332,488,59
38,D3,66820,244,98
45,A3,67064,244,92
50,D4,67308,243,88
45,A3,67551,488,67
38,D3,68039,244,62
31,G2,68283,244,62
43,G3,68527,244,92
47,B3,68771,879,87
43,G3,69747,244,71
38,D3,69991,243,65
31,G2,70234,244,62
38,D3,70478,244,89
43,G3,70722,244,88
45,A3,70966,1123,82
24,C2,72186,244,56
36,C3,72430,243,93
40,E3,72673,244,86
43,G3,72917,1123,84
35,B2,74137,244,65
42,F#3,74381,244,89
45,A3,74625,1367,84
28,E2,76088,244,58
35,B2,76332,244,86
40,E3,76576,244,86
42,F#3,76820,244,81
40,E3,77064,487,79
43,G3,77551,487,79
35,B2,77551,488,62
28,E2,78039,488,63
35,B2,78527,488,87
43,G3,79015,487,91
40,E3,79502,488,91
35,B2,79502,488,63
24,C2,79990,243,58
31,G2,80233,244,86
36,C3,80477,244,86
43,G3,80721,244,91
43,G3,80965,879,79
26,D2,81941,244,58
33,A2,82185,244,88
38,D3,82429,243,89
40,E3,82672,244,84
42,F#3,82916,244,82
45,A3,83160,488,83
38,D3,83648,244,62
35,B2,83892,244,71
38,D3,84136,244,82
42,F#3,84380,244,83
47,B3,84624,244,86
47,B3,84868,879,79
28,E2,85843,244,57
35,B2,86087,244,86
40,E3,86331,244,86
42,F#3,86575,244,83
47,B3,86819,244,86
43,G3,87063,488,69
38,D3,87551,243,63
24,C2,87794,244,55
31,G2,88038,244,88
36,C3,88282,244,86
43,G3,88526,1123,93
26,D2,89746,244,60
38,D3,89990,243,93
45,A3,90233,1367,94
31,G2,91697,244,60
38,D3,91941,244,84
43,G3,92185,244,86
45,A3,92429,243,80
45,A3,92672,880,77
28,E2,93648,244,58
40,E3,93892,244,92
47,B3,94136,244,91
52,E4,94380,244,89
52,E4,94624,879,79
33,A2,95599,244,58
40,E3,95843,244,84
45,A3,96087,244,88
47,B3,96331,244,80
48,C4,96575,879,82
33,A2,97550,244,59
40,E3,97794,244,86
45,A3,98038,244,88
47,B3,98282,244,81
47,B3,98526,879,76
28,E2,99502,244,58
40,E3,99746,244,91
41,F3,99990,243,82
47,B3,100233,244,88
47,B3,100477,879,79
25,C#2,101453,487,61
37,C#3,101940,488,61
48,C4,101940,244,94
52,E4,102184,244,88
52,E4,102428,879,78
33,A2,103403,244,59
40,E3,103647,244,87
45,A3,103891,1367,88
30,F#2,105354,244,61
42,F#3,105598,244,91
49,C#4,105842,1367,91
23,B1,107306,244,61
30,F#2,107550,243,86
35,B2,107793,244,87
39,D#3,108037,244,88
42,F#3,108281,879,86
35,B2,109257,244,67
42,F#3,109501,244,86
47,B3,109745,244,88
51,D#4,109989,243,84
51,D#4,110232,880,75
24,C2,111208,244,59
31,G2,111452,244,88
36,C3,111696,244,86
43,G3,111940,244,91
43,G3,112184,879,77
26,D2,113159,244,59
33,A2,113403,244,86
38,D3,113647,244,85
40,E3,113891,244,82
42,F#3,114135,244,79
45,A3,114379,488,85
38,D3,114867,243,63
35,B2,115110,244,69
38,D3,115354,244,83
42,F#3,115598,244,82
47,B3,115842,244,89
47,B3,116086,879,76
28,E2,117062,244,59
35,B2,117306,244,88
40,E3,117550,243,88
42,F#3,117793,244,81
47,B3,118037,244,86
43,G3,118281,488,70
38,D3,118769,244,65
24,C2,119013,244,57
31,G2,119257,244,87
36,C3,119501,244,85
43,G3,119745,244,91
43,G3,119989,879,77
26,D2,120964,244,57
38,D3,121208,244,92
45,A3,121452,1367,91
31,G2,122915,244,61
38,D3,123159,244,86
43,G3,123403,244,86
45,A3,123647,244,82
45,A3,123891,879,77
28,E2,124867,243,59
35,B2,125110,244,84
40,E3,125354,244,87
43,G3,125598,244,84
43,G3,125842,879,76
33,A2,126818,244,62
40,E3,127062,244,86
45,A3,127306,244,89
47,B3,127550,243,82
48,C4,127793,879,78
33,A2,128769,244,57
40,E3,129013,244,86
45,A3,129257,244,89
47,B3,129501,1123,81
28,E2,130720,244,59
40,E3,130964,244,93
42,F#3,131208,244,85
47,B3,131452,1123,87
25,C#2,132671,487,62
37,C#3,133158,488,62
48,C4,133158,244,96
52,E4,133402,1123,87
33,A2,134622,244,60
40,E3,134866,243,85
45,A3,135109,1367,89
23,B1,136573,244,60
35,B2,136817,244,92
41,F3,137061,244,89
45,A3,137305,244,85
45,A3,137549,879,78
28,E2,138524,244,57
35,B2,138768,244,84
40,E3,139012,244,88
43,G3,139256,1123,85
33,A2,142427,243,62
43,G3,142670,244,89
47,B3,142914,976,87
40,E3,143890,488,63
38,D3,144378,244,71
45,A3,144622,244,88
50,D4,144866,437,89
31,G2,146329,244,73
38,D3,146573,488,87
45,A3,147061,244,92
45,A3,147305,244,81
47,B3,147549,243,78
50,D4,147792,488,83
40,E3,148280,244,62
47,B3,148524,488,87
50,D4,149012,243,85
52,E4,149255,244,85
52,E4,149255,731,76
50,D4,149986,732,76
40,E3,149986,243,67
33,A2,150229,244,62
40,E3,150473,244,88
45,A3,150717,244,86
47,B3,150961,244,82
48,C4,151205,244,84
52,E4,151449,244,86
45,A3,151693,488,63
28,E2,152181,244,57
35,B2,152425,243,85
40,E3,152668,244,87
42,F#3,152912,244,83
43,G3,153156,244,83
47,B3,153400,244,85
52,E4,153644,488,87
30,F#2,154132,975,61
18,F#1,155107,975,61
42,F#3,155107,82,85
42,F#3,155260,823,94
49,C#4,156083,823,94
45,A3,156083,823,94
23,B1,156083,488,63
35,B2,156571,244,98
40,E3,156815,244,87
40,E3,157059,244,80
42,F#3,157303,244,81
47,B3,157547,243,87
52,E4,157790,244,89
42,F#3,158034,51,63
42,F#3,158156,853,76
51,D#4,159009,853,76
47,B3,159009,854,76
23,B1,159009,976,56
28,E2,159985,487,83
35,B2,160472,488,92
53,F4,160960,487,98
47,B3,161447,487,98
52,E4,161447,488,98
35,B2,161447,488,57
47,B3,161935,487,97
43,G3,162422,488,97
35,B2,162422,487,57
47,B3,162909,487,91
43,G3,163396,488,91
35,B2,163396,488,58
33,A2,163884,488,70
40,E3,164372,244,89
47,B3,164616,244,93
48,C4,164860,243,84
40,E3,165103,244,60
50,D4,165347,244,92
52,E4,165591,219,82
28,E2,167786,244,61
35,B2,168030,244,85
40,E3,168274,244,88
42,F#3,168518,1123,83
40,E3,169738,244,74
47,B3,169982,731,89
43,G3,170713,244,68
47,B3,170957,488,84
40,E3,171445,244,63
23,B1,171689,488,57
35,B2,172177,244,96
40,E3,172421,487,91
42,F#3,172908,244,80
47,B3,173152,244,88
52,E4,173396,244,89
42,F#3,173640,81,57
42,F#3,173793,1798,75
51,D#4,175591,1798,75
47,B3,175591,1798,75
21,A1,175591,488,56
33,A2,176079,244,96
40,E3,176323,244,90
45,A3,176567,487,94
48,C4,177054,488,94
33,A2,177054,488,58
26,D2,177542,243,60
33,A2,177785,244,87
38,D3,178029,244,87
42,F#3,178273,244,86
45,A3,178517,244,84
50,D4,178761,488,87
38,D3,179249,244,57
31,G2,179493,244,63
38,D3,179737,244,84
47,B3,179981,975,94
43,G3,180956,244,69
38,D3,181200,244,65
31,G2,181444,244,62
38,D3,181688,244,86
43,G3,181932,244,88
45,A3,182176,244,82
47,B3,182420,243,84
50,D4,182663,732,82
24,C2,183395,244,57
36,C3,183639,244,92
43,G3,183883,244,93
48,C4,184127,244,88
52,E4,184371,244,88
48,C4,184615,244,69
43,G3,184859,244,65
36,C3,185103,243,61
30,F#2,185346,244,62
37,C#3,185590,244,88
40,E3,185834,244,85
46,A#3,186078,244,88
48,C4,186322,244,81
46,A#3,186566,488,72
37,C#3,187054,244,59
35,B2,187298,1854,70
23,B1,189249,244,55
35,B2,189493,244,92
39,D#3,189737,244,85
42,F#3,189981,243,83
42,F#3,190224,880,78
28,E2,191200,488,60
35,B2,191688,488,85
40,E3,192176,487,91
43,G3,192663,487,91
35,B2,192663,488,64
47,B3,193151,487,97
43,G3,193638,488,97
35,B2,193638,488,59
47,B3,194126,487,94
43,G3,194613,488,94
35,B2,194613,487,60
33,A2,195100,488,71
40,E3,195588,244,89
47,B3,195832,244,90
48,C4,196076,244,86
40,E3,196320,244,59
50,D4,196564,244,90
52,E4,196808,218,83
28,E2,199003,244,59
35,B2,199247,244,85
40,E3,199491,244,86
41,F3,199735,244,81
41,F3,199979,879,78
40,E3,200954,244,73
47,B3,201198,732,88
43,G3,201930,244,66
47,B3,202174,487,82
40,E3,202661,244,63
35,B2,202905,488,66
41,F3,203393,1367,84
35,B2,204857,879,66
34,A#2,205832,879,69
33,A2,206808,244,74
40,E3,207052,244,91
45,A3,207296,244,90
48,C4,207540,243,85
48,C4,207783,880,79
26,D2,208759,488,59
38,D3,209247,244,94
45,A3,209491,244,92
50,D4,209735,244,87
45,A3,209979,487,67
38,D3,210466,244,61
31,G2,210710,244,64
43,G3,210954,244,94
47,B3,211198,879,87
43,G3,212174,244,74
38,D3,212418,243,65
31,G2,212661,244,65
38,D3,212905,244,89
43,G3,213149,244,88
45,A3,213393,1123,80
24,C2,214613,244,59
36,C3,214857,244,94
40,E3,215101,243,86
43,G3,215344,1123,86
35,B2,216564,244,63
42,F#3,216808,244,88
45,A3,217052,1367,83
28,E2,218515,244,59
35,B2,218759,244,86
40,E3,219003,244,86
42,F#3,219247,244,82
40,E3,219491,487,81
43,G3,219978,488,81
35,B2,219978,487,60
28,E2,220465,488,61
35,B2,220953,488,87
43,G3,221441,487,92
40,E3,221928,488,92
35,B2,221928,488,62
24,C2,222416,244,55
31,G2,222660,243,85
36,C3,222903,244,86
43,G3,223147,244,92
43,G3,223391,879,80
26,D2,224367,244,59
33,A2,224611,244,88
38,D3,224855,244,86
40,E3,225099,243,82
42,F#3,225342,244,82
45,A3,225586,488,82
38,D3,226074,244,61
35,B2,226318,244,69
38,D3,226562,244,82
42,F#3,226806,244,86
47,B3,227050,244,86
47,B3,227294,879,78
28,E2,228269,244,59
35,B2,228513,244,86
40,E3,228757,244,87
42,F#3,229001,244,83
47,B3,229245,244,88
43,G3,229489,488,68
38,D3,229977,243,65
24,C2,230220,244,55
31,G2,230464,244,85
36,C3,230708,244,89
43,G3,230952,1123,93
26,D2,232172,244,57
38,D3,232416,243,91
45,A3,232659,1367,94
31,G2,234123,244,62
38,D3,234367,244,87
43,G3,234611,244,85
45,A3,234855,244,84
45,A3,235099,879,79
28,E2,236074,244,58
40,E3,236318,244,92
47,B3,236562,244,92
52,E4,236806,244,89
52,E4,237050,879,80
33,A2,238025,244,59
40,E3,238269,244,86
45,A3,238513,244,88
47,B3,238757,244,81
48,C4,239001,879,79
33,A2,239977,243,60
40,E3,240220,244,87
45,A3,240464,244,89
47,B3,240708,244,83
47,B3,240952,879,78
28,E2,241928,244,57
40,E3,242172,244,92
41,F3,242416,243,82
47,B3,242659,244,89
47,B3,242903,879,78
25,C#2,243879,487,59
37,C#3,244366,488,59
48,C4,244366,244,96
52,E4,244610,244,85
52,E4,244854,879,77
33,A2,245829,244,57
40,E3,246073,244,85
45,A3,246317,1367,88
30,F#2,247780,244,59
42,F#3,248024,244,91
49,C#4,248268,1367,93
23,B1,249732,244,62
30,F#2,249976,243,85
35,B2,250219,244,85
39,D#3,250463,244,86
42,F#3,250707,879,83
35,B2,251683,244,67
42,F#3,251927,244,86
47,B3,252171,244,86
51,D#4,252415,244,86
51,D#4,252659,879,77
24,C2,253634,244,59
31,G2,253878,244,86
36,C3,254122,244,86
43,G3,254366,244,90
43,G3,254610,879,79
26,D2,255585,244,56
33,A2,255829,244,85
38,D3,256073,244,86
40,E3,256317,244,84
42,F#3,256561,244,79
45,A3,256805,488,82
38,D3,257293,244,64
35,B2,257537,243,70
38,D3,257780,244,80
42,F#3,258024,244,84
47,B3,258268,244,86
47,B3,258512,879,77
28,E2,259488,244,57
35,B2,259732,244,87
40,E3,259976,243,88
42,F#3,260219,244,82
47,B3,260463,244,85
43,G3,260707,488,71
38,D3,261195,244,64
24,C2,261439,244,56
31,G2,261683,244,87
36,C3,261927,244,86
43,G3,262171,244,89
43,G3,262415,879,76
26,D2,263390,244,59
38,D3,263634,244,93
45,A3,263878,1367,93
31,G2,265341,244,59
38,D3,265585,244,85
43,G3,265829,244,85
45,A3,266073,244,80
45,A3,266317,879,75
28,E2,267293,244,59
35,B2,267537,243,87
40,E3,267780,244,89
43,G3,268024,244,85
43,G3,268268,879,75
33,A2,269244,244,62
40,E3,269488,244,87
45,A3,269732,244,88
47,B3,269976,243,80
48,C4,270219,880,79
33,A2,271195,244,56
40,E3,271439,244,85
45,A3,271683,244,88
47,B3,271927,1123,83
28,E2,273146,244,56
40,E3,273390,244,92
42,F#3,273634,244,85
47,B3,273878,1123,88
25,C#2,275098,487,63
37,C#3,275585,487,63
48,C4,275585,244,95
52,E4,275829,1123,88
33,A2,277049,244,57
40,E3,277293,244,86
45,A3,277537,1366,86
23,B1,279000,244,60
35,B2,279244,244,95
41,F3,279488,244,89
45,A3,279732,244,86
45,A3,279976,879,75
28,E2,280951,244,59
35,B2,281195,244,85
40,E3,281439,244,86
43,G3,281683,1123,86
33,A2,284854,244,59
43,G3,285098,243,89
47,B3,285341,976,88
40,E3,286317,488,62
38,D3,286805,244,72
45,A3,287049,244,88
50,D4,287293,437,89
31,G2,288756,244,72
38,D3,289000,488,89
45,A3,289488,244,92
45,A3,289732,244,80
47,B3,289976,243,80
50,D4,290219,488,82
40,E3,290707,244,63
47,B3,290951,488,88
50,D4,291439,243,89
52,E4,291682,244,89
52,E4,291682,731,77
50,D4,292413,732,77
40,E3,292413,244,68
33,A2,292657,243,66
40,E3,292900,244,86
45,A3,293144,244,86
47,B3,293388,244,83
48,C4,293632,244,84
52,E4,293876,244,83
45,A3,294120,488,62
28,E2,294608,244,57
35,B2,294852,244,88
40,E3,295096,243,86
42,F#3,295339,244,81
43,G3,295583,244,82
47,B3,295827,244,83
52,E4,296071,488,89
30,F#2,296559,975,61
18,F#1,297534,976,61
42,F#3,297534,81,88
42,F#3,297686,823,94
49,C#4,298509,823,94
45,A3,298509,823,94
23,B1,298509,488,61
35,B2,298997,244,95
40,E3,299241,244,88
40,E3,299485,244,79
42,F#3,299729,244,81
47,B3,299973,243,86
52,E4,300216,244,86
42,F#3,300460,51,61
42,F#3,300582,853,73
51,D#4,301435,853,73
47,B3,301435,854,73
23,B1,301435,976,53
28,E2,302411,244,86
35,B2,302655,243,92
40,E3,302898,244,86
42,F#3,303142,244,84
43,G3,303386,244,84
42,F#3,303630,244,74
40,E3,303874,244,70
35,B2,304118,244,65
28,E2,304362,879,65
40,E3,305337,325,94
28,E2,305662,326,94
40,E3,305662,320,80
28,E2,305982,320,80
38,D3,305982,330,73
26,D2,306312,330,73
24,C2,306312,244,57
31,G2,306556,244,86
36,C3,306800,244,88
43,G3,307044,1123,91
26,D2,308263,244,59
33,A2,308507,244,87
38,D3,308751,244,88
40,E3,308995,244,83
42,F#3,309239,244,82
45,A3,309483,488,83
38,D3,309971,243,61
35,B2,310214,244,69
38,D3,310458,244,81
42,F#3,310702,244,83
47,B3,310946,244,86
47,B3,311190,879,77
28,E2,312166,244,59
35,B2,312410,244,84
40,E3,312654,243,87
42,F#3,312897,244,83
47,B3,313141,244,88
43,G3,313385,488,67
38,D3,313873,244,65
24,C2,314117,244,58
31,G2,314361,244,84
36,C3,314605,244,86
43,G3,314849,244,90
43,G3,315093,879,78
26,D2,316068,244,57
38,D3,316312,244,92
45,A3,316556,1367,91
31,G2,318019,244,60
38,D3,318263,244,86
43,G3,318507,244,86
45,A3,318751,1123,81
28,E2,319971,244,59
35,B2,320215,243,86
40,E3,320458,244,86
43,G3,320702,1123,83
33,A2,321922,244,60
40,E3,322166,244,84
45,A3,322410,244,87
47,B3,322654,243,83
48,C4,322897,879,81
33,A2,323873,244,58
40,E3,324117,244,86
45,A3,324361,244,85
47,B3,324605,1123,84
28,E2,325824,244,57
40,E3,326068,244,93
42,F#3,326312,244,84
47,B3,326556,1123,87
25,C#2,327775,487,61
37,C#3,328262,488,61
48,C4,328262,244,96
52,E4,328506,1123,89
33,A2,329726,244,57
40,E3,329970,243,85
45,A3,330213,1367,87
23,B1,331677,244,61
35,B2,331921,244,94
42,F#3,332165,244,92
45,A3,332409,244,85
45,A3,332653,879,76
28,E2,333628,158,58
35,B2,333786,167,86
40,E3,333953,163,87
42,F#3,334116,157,85
43,G3,334273,168,79
47,B3,334441,148,84
28,E2,335579,1854,72