64,E5,0,214,80
64,E5,214,214,80
64,E5,428,214,80
60,C5,642,215,80
60,C5,857,214,80
60,C5,1071,214,80
57,A4,1285,214,80
57,A4,1499,215,80
57,A4,1714,214,80
53,F4,1928,214,80
53,F4,2142,215,80
53,F4,2357,214,80
52,E4,2571,214,80
52,E4,2785,214,80
50,D4,2999,215,80
50,D4,3214,214,80
60,C5,3428,214,80
60,C5,3642,215,80
60,C5,3857,214,80
58,A#4,4071,214,80
58,A#4,4285,214,80
58,A#4,4499,215,80
57,A4,4714,214,80
57,A4,4928,214,80
57,A4,5142,215,80
53,F4,5357,214,80
53,F4,5571,214,80
53,F4,5785,214,80
52,E4,5999,215,80
52,E4,6214,214,80
50,D4,6428,214,80
50,D4,6642,215,80
64,E5,6857,214,80
64,E5,7071,214,80
64,E5,7285,214,80
60,C5,7499,215,80
60,C5,7714,214,80
60,C5,7928,214,80
57,A4,8142,215,80
57,A4,8357,214,80
57,A4,8571,214,80
53,F4,8785,214,80
53,F4,8999,215,80
53,F4,9214,214,80
52,E4,9428,214,80
52,E4,9642,215,80
50,D4,9857,214,80
50,D4,10071,214,80
60,C5,10285,214,80
60,C5,10499,215,80
60,C5,10714,214,80
58,A#4,10928,214,80
58,A#4,11142,215,80
58,A#4,11357,214,80
57,A4,11571,214,80
57,A4,11785,214,80
57,A4,11999,215,80
53,F4,12214,214,80
53,F4,12428,214,80
53,F4,12642,215,80
52,E4,12857,214,80
52,E4,13071,214,80
50,D4,13285,214,80
50,D4,13499,215,80
64,E5,13714,214,80
64,E5,13928,214,80
64,E5,14142,215,80
60,C5,14357,214,80
60,C5,14571,214,80
60,C5,14785,214,80
57,A4,14999,215,80
57,A4,15214,214,80
57,A4,15428,214,80
53,F4,15642,215,80
53,F4,15857,214,80
53,F4,16071,214,80
52,E4,16285,214,80
52,E4,16499,215,80
50,D4,16714,214,80
50,D4,16928,214,80
60,C5,17142,215,80
60,C5,17357,214,80
60,C5,17571,214,80
58,A#4,17785,214,80
58,A#4,17999,215,80
58,A#4,18214,214,80
57,A4,18428,214,80
57,A4,18642,215,80
57,A4,18857,214,80
53,F4,19071,214,80
53,F4,19285,214,80
53,F4,19499,215,80
52,E4,19714,214,80
52,E4,19928,214,80
50,D4,20142,215,80
50,D4,20357,214,80
64,E5,20571,214,80
64,E5,20785,214,80
64,E5,20999,215,80
60,C5,21214,214,80
60,C5,21428,214,80
60,C5,21642,215,80
57,A4,21857,214,80
57,A4,22071,214,80
57,A4,22285,214,80
53,F4,22499,215,80
53,F4,22714,214,80
53,F4,22928,214,80
52,E4,23142,215,80
52,E4,23357,214,80
50,D4,23571,214,80
50,D4,23785,214,80
60,C5,23999,215,80
60,C5,24214,214,80
60,C5,24428,214,80
58,A#4,24642,215,80
58,A#4,24857,214,80
58,A#4,25071,214,80
57,A4,25285,214,80
57,A4,25499,215,80
57,A4,25714,214,80
53,F4,25928,214,80
53,F4,26142,215,80
53,F4,26357,214,80
52,E4,26571,214,80
52,E4,26785,214,80
50,D4,26999,215,80
50,D4,27214,210,80
57,A4,27857,214,80
57,A4,28071,214,80
57,A4,28285,214,80
57,A4,28499,215,80
57,A4,28714,428,80
57,A4,29142,215,80
57,A4,29357,209,80
57,A4,29785,214,80
57,A4,29999,215,80
57,A4,30214,214,80
57,A4,30428,214,80
57,A4,30642,215,80
57,A4,30857,214,80
57,A4,31071,214,80
57,A4,31285,214,80
57,A4,31499,215,80
57,A4,31714,214,80
57,A4,31928,214,80
57,A4,32142,215,80
57,A4,32357,214,80
57,A4,32571,214,80
57,A4,32785,214,80
57,A4,32999,215,80
57,A4,33214,214,80
60,C5,33428,429,80
57,A4,33857,424,80
57,A4,35142,215,80
57,A4,35357,214,80
57,A4,35571,214,80
57,A4,35785,214,80
57,A4,35999,215,80
57,A4,36214,214,80
57,A4,36428,214,80
57,A4,36642,215,80
57,A4,36857,214,80
57,A4,37071,214,80
57,A4,37285,214,80
57,A4,37499,215,80
57,A4,37714,214,80
57,A4,37928,214,80
57,A4,38142,215,80
57,A4,38357,214,80
57,A4,38571,214,80
57,A4,38785,214,80
57,A4,38999,215,80
57,A4,39214,214,80
57,A4,39428,214,80
57,A4,39642,215,80
57,A4,39857,214,80
57,A4,40071,214,80
60,C5,40285,429,80
57,A4,40714,214,80
55,G4,40928,210,80
57,A4,41785,214,80
76,E6,41999,214,80
64,E5,42213,215,80
64,E5,42213,214,80
76,E6,42427,214,80
64,E5,42427,214,80
76,E6,42641,214,80
62,D5,42641,214,80
74,D6,42855,215,80
62,D5,42855,642,80
74,D6,43497,642,80
60,C5,43497,214,80
72,C6,43711,215,80
60,C5,43711,642,80
72,C6,44353,643,80
53,F4,44353,214,80
53,F4,44567,214,80
53,F4,44781,214,80
53,F4,44995,215,80
55,G4,45210,214,80
57,A4,45424,429,80
55,G4,45853,214,80
53,F4,46067,428,80
55,G4,46495,425,80
57,A4,48638,215,80
64,E5,48853,214,80
76,E6,49067,214,80
64,E5,49067,214,80
76,E6,49281,214,80
76,E6,49281,214,80
64,E5,49495,214,80
62,D5,49495,214,80
74,D6,49709,215,80
62,D5,49709,642,80
74,D6,50351,643,80
60,C5,50351,214,80
72,C6,50565,214,80
60,C5,50565,642,80
72,C6,51207,643,80
53,F4,51207,214,80
53,F4,51421,214,80
65,F5,51635,214,80
53,F4,51635,214,80
65,F5,51849,215,80
53,F4,51849,214,80
65,F5,52063,214,80
55,G4,52063,214,80
67,G5,52277,214,80
69,A5,52277,428,80
57,A4,52705,429,80
60,C5,52705,428,80
72,C6,53133,428,80
72,C6,53133,1285,80
60,C5,54418,1286,80
53,F4,54418,214,80
55,G4,54632,215,80
57,A4,54847,214,80
58,A#4,55061,214,80
57,A4,55275,214,80
55,G4,55489,215,80
57,A4,55704,428,80
57,A4,56132,215,80
57,A4,56347,214,80
57,A4,56561,214,80
57,A4,56775,214,80
55,G4,56989,215,80
53,F4,57204,214,80
57,A4,57418,424,80
53,F4,58061,214,80
57,A4,58275,214,80
58,A#4,58489,215,80
57,A4,58704,214,80
55,G4,58918,214,80
57,A4,59132,215,80
58,A#4,59347,214,80
57,A4,59561,214,80
55,G4,59775,214,80
57,A4,59989,215,80
58,A#4,60204,214,80
57,A4,60418,214,80
55,G4,60632,215,80
57,A4,60847,424,80
53,F4,61489,215,80
57,A4,61704,214,80
57,A4,61918,214,80
57,A4,62132,215,80
57,A4,62347,214,80
58,A#4,62561,214,80
57,A4,62775,210,80
57,A4,63204,214,80
57,A4,63418,214,80
57,A4,63632,215,80
57,A4,63847,214,80
57,A4,64061,214,80
58,A#4,64275,214,80
57,A4,64489,210,80
57,A4,64918,214,80
57,A4,65132,215,80
57,A4,65347,214,80
57,A4,65561,214,80
57,A4,65775,214,80
58,A#4,65989,215,80
57,A4,66204,214,80
57,A4,66418,214,80
57,A4,66632,215,80
57,A4,66847,214,80
57,A4,67061,214,80
57,A4,67275,214,80
57,A4,67489,215,80
58,A#4,67704,214,80
50,D4,67918,214,80
52,E4,67918,214,80
57,A4,68132,214,80
50,D4,68132,215,80
52,E4,68347,214,80
53,F4,68561,1286,80
62,D5,69847,1285,80
52,E4,71132,215,80
52,E4,71347,214,80
52,E4,71561,214,80
52,E4,71775,214,80
53,F4,71989,1286,80
65,F5,73275,1286,80
53,F4,74561,214,80
62,D5,74775,214,80
53,F4,74775,214,80
62,D5,74989,214,80
53,F4,74989,214,80
62,D5,75203,215,80
53,F4,75203,214,80
62,D5,75417,214,80
62,D5,75417,214,80
62,D5,75631,215,80
62,D5,75846,214,80
62,D5,76060,428,80
62,D5,76488,215,80
62,D5,76703,214,80
62,D5,76917,214,80
62,D5,77131,429,80
62,D5,77560,214,80
62,D5,77774,214,80
65,F5,77988,215,80
65,F5,78203,214,80
62,D5,78417,429,80
62,D5,78846,214,80
62,D5,79060,214,80
62,D5,79274,214,80
62,D5,79488,215,80
62,D5,79703,214,80
62,D5,79917,214,80
62,D5,80131,215,80
62,D5,80346,214,80
62,D5,80560,214,80
62,D5,80774,214,80
62,D5,80988,215,80
62,D5,81203,214,80
62,D5,81417,214,80
50,D4,81631,214,80
52,E4,81631,215,80
50,D4,81846,214,80
52,E4,82060,214,80
53,F4,82274,1286,80
62,D5,83560,1286,80
52,E4,84846,214,80
52,E4,85060,214,80
52,E4,85274,214,80
52,E4,85488,215,80
53,F4,85703,1285,80
65,F5,86988,1286,80
53,F4,88274,214,80
62,D5,88488,214,80
53,F4,88488,214,80
62,D5,88702,215,80
53,F4,88702,214,80
62,D5,88916,214,80
53,F4,88916,214,80
62,D5,89130,214,80
62,D5,89130,215,80
62,D5,89345,214,80
62,D5,89559,214,80
62,D5,89773,214,80
62,D5,89987,429,80
62,D5,90416,214,80
62,D5,90630,215,80
62,D5,90845,428,80
62,D5,91273,214,80
62,D5,91487,215,80
65,F5,91702,214,80
65,F5,91916,214,80
62,D5,92130,429,80
62,D5,92559,214,80
62,D5,92773,214,80
62,D5,92987,215,80
62,D5,93202,214,80
62,D5,93416,214,80
62,D5,93630,215,80
62,D5,93845,214,80
62,D5,94059,214,80
62,D5,94273,214,80
62,D5,94487,215,80
62,D5,94702,214,80
62,D5,94916,214,80
62,D5,95130,215,80
62,D5,95345,214,80
62,D5,95559,214,80
62,D5,95773,210,80
57,A4,96845,214,80
57,A4,97059,214,80
57,A4,97273,214,80
57,A4,97487,215,80
57,A4,97702,214,80
57,A4,97916,214,80
57,A4,98130,215,80
57,A4,98345,214,80
57,A4,98559,214,80
57,A4,98773,214,80
57,A4,98987,215,80
57,A4,99202,214,80
60,C5,99416,214,80
57,A4,99630,215,80
57,A4,99845,214,80
57,A4,100059,214,80
57,A4,100273,214,80
57,A4,100487,215,80
57,A4,100702,214,80
57,A4,100916,214,80
57,A4,101130,215,80
57,A4,101345,214,80
57,A4,101559,214,80
57,A4,101773,214,80
57,A4,101987,853,80
57,A4,103702,214,80
57,A4,103916,214,80
57,A4,104130,215,80
57,A4,104345,214,80
57,A4,104559,214,80
57,A4,104773,214,80
57,A4,104987,215,80
57,A4,105202,214,80
57,A4,105416,214,80
57,A4,105630,215,80
57,A4,105845,214,80
57,A4,106059,214,80
60,C5,106273,214,80
57,A4,106487,215,80
57,A4,106702,214,80
57,A4,106916,214,80
60,C5,107130,215,80
57,A4,107345,214,80
57,A4,107559,214,80
57,A4,107773,214,80
57,A4,107987,429,80
57,A4,108416,429,80
57,A4,108845,424,80
57,A4,110345,214,80
76,E6,110559,214,80
64,E5,110773,214,80
64,E5,110773,214,80
76,E6,110987,214,80
64,E5,110987,214,80
76,E6,111201,215,80
62,D5,111201,214,80
74,D6,111415,214,80
62,D5,111415,642,80
74,D6,112057,643,80
60,C5,112057,214,80
72,C6,112271,214,80
60,C5,112271,642,80
72,C6,112913,643,80
53,F4,112913,214,80
53,F4,113127,215,80
53,F4,113342,214,80
53,F4,113556,214,80
55,G4,113770,214,80
57,A4,113984,429,80
55,G4,114413,214,80
53,F4,114627,429,80
55,G4,115056,424,80
57,A4,117199,214,80
64,E5,117413,214,80
76,E6,117627,214,80
64,E5,117627,214,80
76,E6,117841,215,80
76,E6,117841,214,80
64,E5,118055,214,80
62,D5,118055,214,80
74,D6,118269,214,80
62,D5,118269,642,80
74,D6,118911,643,80
60,C5,118911,214,80
72,C6,119125,214,80
60,C5,119125,642,80
72,C6,119767,643,80
53,F4,119767,214,80
53,F4,119981,214,80
65,F5,120195,215,80
53,F4,120195,214,80
65,F5,120409,214,80
53,F4,120409,214,80
65,F5,120623,214,80
55,G4,120623,214,80
67,G5,120837,215,80
69,A5,120837,428,80
57,A4,121265,428,80
60,C5,121265,428,80
72,C6,121693,429,80
72,C6,121693,1285,80
60,C5,122978,1285,80
53,F4,122978,215,80
55,G4,123193,214,80
57,A4,123407,214,80
58,A#4,123621,215,80
57,A4,123836,214,80
55,G4,124050,214,80
57,A4,124264,429,80
57,A4,124693,214,80
57,A4,124907,214,80
57,A4,125121,215,80
57,A4,125336,214,80
55,G4,125550,214,80
53,F4,125764,214,80
57,A4,125978,424,80
53,F4,126621,215,80
57,A4,126836,214,80
58,A#4,127050,214,80
57,A4,127264,214,80
55,G4,127478,215,80
57,A4,127693,214,80
58,A#4,127907,214,80
57,A4,128121,215,80
55,G4,128336,214,80
57,A4,128550,214,80
58,A#4,128764,214,80
57,A4,128978,215,80
55,G4,129193,214,80
57,A4,129407,424,80
53,F4,130050,214,80
57,A4,130264,214,80
57,A4,130478,215,80
57,A4,130693,214,80
57,A4,130907,214,80
58,A#4,131121,215,80
57,A4,131336,209,80
57,A4,131764,214,80
57,A4,131978,215,80
57,A4,132193,214,80
57,A4,132407,214,80
57,A4,132621,215,80
58,A#4,132836,214,80
57,A4,133050,210,80
57,A4,133478,215,80
57,A4,133693,214,80
57,A4,133907,214,80
57,A4,134121,215,80
57,A4,134336,214,80
58,A#4,134550,214,80
57,A4,134764,214,80
57,A4,134978,215,80
57,A4,135193,214,80
57,A4,135407,214,80
57,A4,135621,215,80
57,A4,135836,214,80
57,A4,136050,214,80
58,A#4,136264,214,80
50,D4,136478,214,80
52,E4,136478,214,80
57,A4,136692,215,80
50,D4,136692,214,80
52,E4,136906,214,80
53,F4,137120,1286,80
62,D5,138406,1286,80
52,E4,139692,214,80
52,E4,139906,214,80
52,E4,140120,215,80
52,E4,140335,214,80
53,F4,140549,1285,80
65,F5,141834,1286,80
53,F4,143120,214,80
62,D5,143334,215,80
53,F4,143334,214,80
62,D5,143548,214,80
53,F4,143548,214,80
62,D5,143762,214,80
53,F4,143762,214,80
62,D5,143976,214,80
62,D5,143976,215,80
62,D5,144191,214,80
62,D5,144405,214,80
62,D5,144619,429,80
62,D5,145048,214,80
62,D5,145262,214,80
62,D5,145476,215,80
62,D5,145691,428,80
62,D5,146119,214,80
62,D5,146333,215,80
65,F5,146548,214,80
65,F5,146762,214,80
62,D5,146976,429,80
62,D5,147405,214,80
62,D5,147619,214,80
62,D5,147833,215,80
62,D5,148048,214,80
62,D5,148262,214,80
62,D5,148476,215,80
62,D5,148691,214,80
62,D5,148905,214,80
62,D5,149119,214,80
62,D5,149333,215,80
62,D5,149548,214,80
62,D5,149762,214,80
62,D5,149976,214,80
50,D4,150190,215,80
52,E4,150190,214,80
50,D4,150404,214,80
52,E4,150618,214,80
53,F4,150832,1286,80
62,D5,152118,1286,80
52,E4,153404,214,80
52,E4,153618,214,80
52,E4,153832,215,80
52,E4,154047,214,80
53,F4,154261,1286,80
65,F5,155547,1285,80
53,F4,156832,214,80
62,D5,157046,215,80
53,F4,157046,214,80
62,D5,157260,214,80
53,F4,157260,214,80
62,D5,157474,214,80
53,F4,157474,214,80
62,D5,157688,215,80
62,D5,157688,214,80
62,D5,157902,214,80
62,D5,158116,214,80
62,D5,158330,215,80
62,D5,158545,428,80
62,D5,158973,215,80
62,D5,159188,214,80
62,D5,159402,428,80
62,D5,159830,215,80
62,D5,160045,214,80
65,F5,160259,214,80
65,F5,160473,215,80
62,D5,160688,428,80
62,D5,161116,214,80
62,D5,161330,215,80
62,D5,161545,214,80
62,D5,161759,214,80
62,D5,161973,215,80
62,D5,162188,214,80
62,D5,162402,214,80
62,D5,162616,214,80
62,D5,162830,215,80
62,D5,163045,214,80
62,D5,163259,214,80
62,D5,163473,215,80
62,D5,163688,214,80
62,D5,163902,214,80
62,D5,164116,214,80
62,D5,164330,210,80
60,C5,166259,429,80
57,A4,166688,428,80
55,G4,167116,429,80
55,G4,167545,857,80
57,A4,168402,214,80
55,G4,168616,210,80
60,C5,169688,428,80
57,A4,170116,429,80
55,G4,170545,428,80
57,A4,170973,1282,80
55,G4,172902,214,80
60,C5,173116,429,80
57,A4,173545,428,80
55,G4,173973,429,80
55,G4,174402,857,80
57,A4,175259,214,80
55,G4,175473,210,80
57,A4,176330,215,80
60,C5,176545,428,80
57,A4,176973,429,80
55,G4,177402,428,80
57,A4,177830,1282,80
60,C5,179973,429,80
57,A4,180402,428,80
55,G4,180830,429,80
55,G4,181259,857,80
57,A4,182116,214,80
55,G4,182330,210,80
60,C5,183402,428,80
57,A4,183830,429,80
55,G4,184259,429,80
57,A4,184688,1281,80
55,G4,186616,214,80
60,C5,186830,429,80
57,A4,187259,429,80
55,G4,187688,428,80
55,G4,188116,857,80
57,A4,188973,215,80
55,G4,189188,209,80
57,A4,190045,214,80
60,C5,190259,429,80
57,A4,190688,428,80
55,G4,191116,214,80
50,D4,191330,214,80
52,E4,191330,215,80
50,D4,191545,214,80
52,E4,191759,214,80
53,F4,191973,1286,80
62,D5,193259,1286,80
52,E4,194545,214,80
52,E4,194759,214,80
52,E4,194973,215,80
52,E4,195188,214,80
53,F4,195402,1286,80
65,F5,196688,1285,80
53,F4,197973,214,80
62,D5,198187,215,80
53,F4,198187,214,80
62,D5,198401,214,80
53,F4,198401,214,80
62,D5,198615,214,80
53,F4,198615,214,80
62,D5,198829,214,80
62,D5,198829,215,80
62,D5,199044,214,80
62,D5,199258,214,80
62,D5,199472,429,80
62,D5,199901,214,80
62,D5,200115,214,80
62,D5,200329,215,80
62,D5,200544,428,80
62,D5,200972,215,80
62,D5,201187,214,80
65,F5,201401,214,80
65,F5,201615,214,80
62,D5,201829,429,80
62,D5,202258,214,80
62,D5,202472,215,80
62,D5,202687,214,80
62,D5,202901,214,80
62,D5,203115,214,80
62,D5,203329,215,80
62,D5,203544,214,80
62,D5,203758,214,80
62,D5,203972,215,80
62,D5,204187,214,80
62,D5,204401,214,80
62,D5,204615,214,80
62,D5,204829,214,80
50,D4,205043,215,80
52,E4,205043,214,80
50,D4,205257,214,80
52,E4,205471,215,80
53,F4,205686,1285,80
62,D5,206971,1286,80
52,E4,208257,214,80
52,E4,208471,215,80
52,E4,208686,214,80
52,E4,208900,214,80
53,F4,209114,1286,80
65,F5,210400,1286,80
53,F4,211686,214,80
62,D5,211900,214,80
62,D5,211900,214,80
53,F4,212114,214,80
53,F4,212114,214,80
62,D5,212328,214,80
53,F4,212328,214,80
62,D5,212542,215,80
62,D5,212542,214,80
62,D5,212756,214,80
62,D5,212970,215,80
62,D5,213185,214,80
62,D5,213399,428,80
62,D5,213827,215,80
62,D5,214042,214,80
62,D5,214256,429,80
62,D5,214685,214,80
62,D5,214899,214,80
65,F5,215113,214,80
65,F5,215327,215,80
62,D5,215542,428,80
62,D5,215970,215,80
62,D5,216185,214,80
62,D5,216399,214,80
62,D5,216613,214,80
62,D5,216827,215,80
62,D5,217042,214,80
62,D5,217256,214,80
62,D5,217470,215,80
62,D5,217685,214,80
62,D5,217899,214,80
62,D5,218113,214,80
62,D5,218327,215,80
62,D5,218542,214,80
62,D5,218756,214,80
62,D5,218970,215,80
62,D5,219185,214,80
64,E5,219399,214,80
64,E5,219613,214,80
64,E5,219827,215,80
60,C5,220042,214,80
60,C5,220256,214,80
60,C5,220470,215,80
57,A4,220685,214,80
57,A4,220899,214,80
57,A4,221113,214,80
53,F4,221327,215,80
53,F4,221542,214,80
53,F4,221756,214,80
52,E4,221970,215,80
52,E4,222185,214,80
50,D4,222399,214,80
50,D4,222613,214,80
60,C5,222827,215,80
60,C5,223042,214,80
60,C5,223256,214,80
58,A#4,223470,215,80
58,A#4,223685,214,80
58,A#4,223899,214,80
57,A4,224113,214,80
57,A4,224327,215,80
57,A4,224542,214,80
53,F4,224756,214,80
53,F4,224970,215,80
53,F4,225185,214,80
52,E4,225399,214,80
52,E4,225613,214,80
50,D4,225827,215,80
50,D4,226042,214,80
64,E5,226256,214,80
64,E5,226470,215,80
64,E5,226685,214,80
60,C5,226899,214,80
60,C5,227113,214,80
60,C5,227327,215,80
57,A4,227542,214,80
57,A4,227756,214,80
57,A4,227970,215,80
53,F4,228185,214,80
53,F4,228399,214,80
53,F4,228613,214,80
52,E4,228827,215,80
52,E4,229042,214,80
50,D4,229256,214,80
50,D4,229470,215,80
60,C5,229685,214,80
60,C5,229899,214,80
60,C5,230113,214,80
58,A#4,230327,215,80
58,A#4,230542,214,80
58,A#4,230756,214,80
57,A4,230970,215,80
57,A4,231185,214,80
57,A4,231399,214,80
53,F4,231613,214,80
53,F4,231827,215,80
53,F4,232042,214,80
52,E4,232256,214,80
52,E4,232470,215,80
50,D4,232685,214,80
50,D4,232899,214,80
64,E5,233113,214,80
64,E5,233327,215,80
64,E5,233542,214,80
60,C5,233756,214,80
60,C5,233970,215,80
60,C5,234185,214,80
57,A4,234399,214,80
57,A4,234613,214,80
57,A4,234827,215,80
53,F4,235042,214,80
53,F4,235256,214,80
53,F4,235470,215,80
52,E4,235685,214,80
52,E4,235899,214,80
50,D4,236113,214,80
50,D4,236327,215,80
60,C5,236542,214,80
60,C5,236756,214,80
60,C5,236970,215,80
58,A#4,237185,214,80
58,A#4,237399,214,80
58,A#4,237613,214,80
57,A4,237827,215,80
57,A4,238042,214,80
57,A4,238256,214,80
53,F4,238470,215,80
53,F4,238685,214,80
53,F4,238899,214,80
52,E4,239113,214,80
52,E4,239327,215,80
50,D4,239542,214,80
50,D4,239756,214,80
64,E5,239970,215,80
64,E5,240185,214,80
64,E5,240399,214,80
60,C5,240613,214,80
60,C5,240827,215,80
60,C5,241042,214,80
57,A4,241256,214,80
57,A4,241470,215,80
57,A4,241685,214,80
53,F4,241899,214,80
53,F4,242113,214,80
53,F4,242327,215,80
52,E4,242542,214,80
52,E4,242756,214,80
50,D4,242970,215,80
50,D4,243185,214,80
60,C5,243399,214,80
60,C5,243613,214,80
60,C5,243827,215,80
58,A#4,244042,214,80
58,A#4,244256,214,80
58,A#4,244470,215,80
57,A4,244685,214,80
57,A4,244899,214,80
57,A4,245113,214,80
53,F4,245327,215,80
53,F4,245542,214,80
53,F4,245756,214,80
52,E4,245970,215,80
52,E4,246185,214,80
50,D4,246399,214,80
50,D4,246613,209,80
--end--
38,D3,0,214,80
45,A3,214,214,80
50,D4,428,429,80
38,D3,857,214,80
45,A3,1071,214,80
34,A#2,1285,214,80
41,F3,1499,215,80
46,A#3,1714,428,80
34,A#2,2142,215,80
41,F3,2357,214,80
36,C3,2571,214,80
43,G3,2785,214,80
48,C4,2999,429,80
31,G2,3428,214,80
38,D3,3642,215,80
43,G3,3857,428,80
31,G2,4285,214,80
38,D3,4499,215,80
26,D2,4714,214,80
33,A2,4928,214,80
38,D3,5142,429,80
26,D2,5571,214,80
33,A2,5785,214,80
29,F2,5999,215,80
36,C3,6214,214,80
41,F3,6428,424,80
45,A3,7071,214,80
50,D4,7285,429,80
38,D3,7714,214,80
45,A3,7928,210,80
41,F3,8357,214,80
46,A#3,8571,428,80
34,A#2,8999,215,80
41,F3,9214,214,80
36,C3,9428,214,80
43,G3,9642,215,80
48,C4,9857,424,80
38,D3,10499,215,80
43,G3,10714,428,80
31,G2,11142,215,80
38,D3,11357,209,80
33,A2,11785,214,80
38,D3,11999,429,80
26,D2,12428,214,80
33,A2,12642,215,80
29,F2,12857,214,80
36,C3,13071,214,80
41,F3,13285,429,80
38,D3,13714,643,80
38,D3,14357,214,80
45,A3,14571,428,80
38,D3,14999,428,80
34,A#2,14999,858,80
34,A#2,15857,428,80
34,A#2,16285,857,80
41,F3,17142,857,80
31,G2,17142,643,80
31,G2,17785,214,80
31,G2,17999,428,80
38,D3,18427,429,80
26,D2,18427,857,80
26,D2,19284,429,80
26,D2,19713,857,80
33,A2,20570,857,80
38,D3,20570,643,80
38,D3,21213,214,80
38,D3,21427,428,80
45,A3,21855,429,80
34,A#2,21855,857,80
34,A#2,22712,428,80
34,A#2,23140,857,80
41,F3,23997,857,80
31,G2,23997,643,80
31,G2,24640,215,80
31,G2,24855,428,80
38,D3,25283,428,80
26,D2,25283,857,80
26,D2,26140,429,80
26,D2,26569,857,80
33,A2,27426,857,80
38,D3,27426,643,80
38,D3,28069,214,80
38,D3,28283,428,80
45,A3,28711,429,80
34,A#2,28711,857,80
34,A#2,29568,428,80
34,A#2,29996,857,80
41,F3,30853,858,80
31,G2,30853,642,80
31,G2,31495,215,80
31,G2,31710,428,80
38,D3,32138,428,80
26,D2,32138,857,80
26,D2,32995,429,80
26,D2,33424,857,80
33,A2,34281,857,80
38,D3,34281,643,80
38,D3,34924,214,80
38,D3,35138,428,80
45,A3,35566,429,80
34,A#2,35566,857,80
34,A#2,36423,429,80
34,A#2,36852,857,80
41,F3,37709,857,80
31,G2,37709,643,80
31,G2,38352,214,80
31,G2,38566,428,80
38,D3,38994,428,80
26,D2,38994,858,80
26,D2,39852,428,80
26,D2,40280,857,80
33,A2,41137,857,80
38,D3,41137,643,80
38,D3,41780,214,80
38,D3,41994,428,80
45,A3,42422,429,80
34,A#2,42422,857,80
34,A#2,43279,429,80
41,F3,43708,857,80
34,A#2,44565,857,80
31,G2,44565,643,80
31,G2,45208,214,80
31,G2,45422,428,80
38,D3,45850,429,80
26,D2,45850,857,80
26,D2,46707,428,80
26,D2,47135,857,80
33,A2,47992,857,80
38,D3,47992,643,80
38,D3,48635,215,80
38,D3,48850,428,80
45,A3,49278,428,80
34,A#2,49278,857,80
34,A#2,50135,429,80
34,A#2,50564,857,80
41,F3,51421,857,80
31,G2,51421,643,80
31,G2,52064,214,80
31,G2,52278,428,80
38,D3,52706,429,80
26,D2,52706,857,80
26,D2,53563,428,80
33,A2,53991,857,80
26,D2,54848,858,80
38,D3,54848,642,80
38,D3,55490,215,80
38,D3,55705,428,80
45,A3,56133,428,80
34,A#2,56133,857,80
34,A#2,56990,429,80
34,A#2,57419,857,80
41,F3,58276,857,80
31,G2,58276,214,80
48,C4,58490,214,80
48,C4,58490,215,80
48,C4,58705,214,80
31,G2,58919,214,80
46,A#3,59133,214,80
31,G2,59133,214,80
38,D3,59347,214,80
46,A#3,59347,215,80
46,A#3,59347,214,80
26,D2,59561,214,80
45,A3,59775,214,80
45,A3,59775,214,80
45,A3,59989,215,80
41,F3,60204,214,80
26,D2,60418,214,80
41,F3,60632,214,80
41,F3,60632,215,80
26,D2,60847,214,80
33,A2,61061,214,80
40,E3,61061,214,80
40,E3,61061,214,80
38,D3,61275,214,80
38,D3,61489,215,80
38,D3,61704,214,80
52,E4,61918,214,80
52,E4,61918,214,80
52,E4,62132,215,80
48,C4,62347,214,80
38,D3,62561,214,80
38,D3,62561,214,80
45,A3,62775,214,80
48,C4,62775,214,80
48,C4,62775,214,80
34,A#2,62989,214,80
45,A3,63203,215,80
45,A3,63203,214,80
45,A3,63417,214,80
41,F3,63631,215,80
34,A#2,63846,214,80
41,F3,64060,214,80
41,F3,64060,214,80
34,A#2,64274,214,80
41,F3,64488,214,80
40,E3,64488,214,80
40,E3,64488,215,80
38,D3,64703,214,80
38,D3,64917,214,80
31,G2,65131,214,80
48,C4,65345,215,80
48,C4,65345,214,80
48,C4,65559,214,80
31,G2,65773,214,80
46,A#3,65987,214,80
31,G2,65987,214,80
38,D3,66201,214,80
46,A#3,66201,215,80
46,A#3,66201,214,80
26,D2,66415,214,80
45,A3,66629,214,80
45,A3,66629,215,80
45,A3,66844,214,80
41,F3,67058,214,80
26,D2,67272,214,80
41,F3,67486,214,80
41,F3,67486,215,80
26,D2,67701,214,80
33,A2,67915,214,80
40,E3,67915,214,80
40,E3,67915,214,80
38,D3,68129,215,80
38,D3,68344,214,80
38,D3,68558,643,80
38,D3,69201,214,80
38,D3,69415,428,80
45,A3,69843,429,80
34,A#2,69843,857,80
34,A#2,70700,428,80
34,A#2,71128,857,80
41,F3,71985,857,80
31,G2,71985,214,80
48,C4,72199,215,80
48,C4,72199,214,80
48,C4,72413,214,80
46,A#3,72627,214,80
31,G2,72841,215,80
31,G2,72841,214,80
38,D3,73055,214,80
46,A#3,73055,214,80
46,A#3,73055,214,80
26,D2,73269,214,80
45,A3,73483,214,80
45,A3,73483,215,80
45,A3,73698,214,80
41,F3,73912,214,80
26,D2,74126,214,80
41,F3,74340,215,80
41,F3,74340,214,80
26,D2,74554,214,80
33,A2,74768,214,80
40,E3,74768,214,80
40,E3,74768,214,80
38,D3,74982,215,80
38,D3,75197,214,80
38,D3,75411,214,80
52,E4,75625,214,80
52,E4,75625,215,80
52,E4,75840,214,80
38,D3,76054,214,80
48,C4,76268,214,80
38,D3,76268,214,80
45,A3,76482,214,80
48,C4,76482,214,80
48,C4,76482,215,80
34,A#2,76697,214,80
45,A3,76911,214,80
45,A3,76911,214,80
45,A3,77125,215,80
41,F3,77340,214,80
34,A#2,77554,214,80
41,F3,77768,214,80
41,F3,77768,214,80
34,A#2,77982,214,80
41,F3,78196,214,80
40,E3,78196,215,80
40,E3,78196,214,80
38,D3,78410,214,80
38,D3,78624,215,80
31,G2,78839,214,80
48,C4,79053,214,80
48,C4,79053,214,80
48,C4,79267,214,80
31,G2,79481,214,80
46,A#3,79695,215,80
31,G2,79695,214,80
38,D3,79909,214,80
46,A#3,79909,214,80
46,A#3,79909,214,80
26,D2,80123,214,80
45,A3,80337,215,80
45,A3,80337,214,80
45,A3,80551,214,80
41,F3,80765,214,80
26,D2,80979,214,80
41,F3,81193,215,80
41,F3,81193,214,80
40,E3,81407,214,80
26,D2,81621,214,80
33,A2,81621,214,80
40,E3,81621,215,80
38,D3,81836,214,80
38,D3,82050,214,80
38,D3,82264,643,80
38,D3,82907,214,80
38,D3,83121,428,80
45,A3,83549,429,80
34,A#2,83549,857,80
34,A#2,84406,429,80
34,A#2,84835,857,80
41,F3,85692,857,80
31,G2,85692,214,80
48,C4,85906,214,80
48,C4,85906,214,80
48,C4,86120,215,80
31,G2,86335,214,80
46,A#3,86549,214,80
31,G2,86549,214,80
38,D3,86763,214,80
46,A#3,86763,214,80
46,A#3,86763,214,80
26,D2,86977,214,80
45,A3,87191,215,80
45,A3,87191,214,80
45,A3,87405,214,80
41,F3,87619,215,80
26,D2,87834,214,80
41,F3,88048,214,80
41,F3,88048,214,80
26,D2,88262,214,80
33,A2,88476,214,80
40,E3,88476,214,80
40,E3,88476,215,80
38,D3,88691,214,80
38,D3,88905,214,80
38,D3,89119,214,80
52,E4,89333,215,80
52,E4,89333,214,80
52,E4,89547,214,80
38,D3,89761,214,80
48,C4,89975,214,80
38,D3,89975,214,80
45,A3,90189,214,80
48,C4,90189,215,80
48,C4,90189,214,80
34,A#2,90403,214,80
45,A3,90617,214,80
45,A3,90617,215,80
45,A3,90832,214,80
41,F3,91046,214,80
34,A#2,91260,214,80
41,F3,91474,214,80
41,F3,91474,215,80
34,A#2,91689,214,80
41,F3,91903,214,80
40,E3,91903,214,80
40,E3,91903,214,80
38,D3,92117,215,80
38,D3,92332,214,80
48,C4,92546,214,80
31,G2,92760,214,80
48,C4,92760,214,80
48,C4,92974,215,80
31,G2,93189,214,80
46,A#3,93403,214,80
31,G2,93403,214,80
38,D3,93617,214,80
46,A#3,93617,214,80
46,A#3,93617,215,80
26,D2,93832,214,80
45,A3,94046,214,80
45,A3,94046,214,80
45,A3,94260,214,80
41,F3,94474,215,80
26,D2,94689,214,80
41,F3,94903,214,80
41,F3,94903,214,80
33,A2,95117,214,80
26,D2,95331,214,80
40,E3,95331,215,80
40,E3,95331,214,80
38,D3,95545,214,80
38,D3,95759,214,80
38,D3,95973,643,80
38,D3,96616,215,80
38,D3,96831,428,80
45,A3,97259,428,80
34,A#2,97259,857,80
34,A#2,98116,429,80
34,A#2,98545,857,80
41,F3,99402,857,80
31,G2,99402,643,80
31,G2,100045,214,80
31,G2,100259,428,80
38,D3,100687,429,80
26,D2,100687,857,80
26,D2,101544,428,80
26,D2,101972,857,80
33,A2,102829,858,80
38,D3,102829,642,80
38,D3,103471,215,80
38,D3,103686,428,80
45,A3,104114,428,80
34,A#2,104114,857,80
34,A#2,104971,429,80
34,A#2,105400,857,80
41,F3,106257,857,80
31,G2,106257,643,80
31,G2,106900,214,80
31,G2,107114,428,80
38,D3,107542,429,80
26,D2,107542,857,80
26,D2,108399,429,80
26,D2,108828,857,80
33,A2,109685,857,80
38,D3,109685,643,80
38,D3,110328,214,80
38,D3,110542,428,80
45,A3,110970,428,80
34,A#2,110970,858,80
34,A#2,111828,428,80
41,F3,112256,857,80
34,A#2,113113,857,80
31,G2,113113,643,80
31,G2,113756,214,80
31,G2,113970,428,80
38,D3,114398,429,80
26,D2,114398,857,80
26,D2,115255,429,80
26,D2,115684,857,80
33,A2,116541,857,80
38,D3,116541,643,80
38,D3,117184,214,80
38,D3,117398,428,80
45,A3,117826,429,80
34,A#2,117826,857,80
34,A#2,118683,428,80
34,A#2,119111,857,80
41,F3,119968,857,80
31,G2,119968,643,80
31,G2,120611,215,80
31,G2,120826,428,80
38,D3,121254,428,80
26,D2,121254,857,80
26,D2,122111,429,80
33,A2,122540,857,80
26,D2,123397,857,80
38,D3,123397,643,80
38,D3,124040,214,80
38,D3,124254,428,80
45,A3,124682,429,80
34,A#2,124682,857,80
34,A#2,125539,428,80
34,A#2,125967,857,80
41,F3,126824,858,80
31,G2,126824,214,80
48,C4,127038,214,80
48,C4,127038,214,80
48,C4,127252,214,80
31,G2,127466,214,80
46,A#3,127680,215,80
31,G2,127680,214,80
38,D3,127894,214,80
46,A#3,127894,214,80
46,A#3,127894,214,80
26,D2,128108,214,80
45,A3,128322,215,80
45,A3,128322,214,80
45,A3,128536,214,80
41,F3,128750,214,80
26,D2,128964,214,80
41,F3,129178,215,80
41,F3,129178,214,80
26,D2,129392,214,80
33,A2,129606,214,80
40,E3,129606,214,80
40,E3,129606,215,80
38,D3,129821,214,80
38,D3,130035,214,80
38,D3,130249,214,80
52,E4,130463,214,80
52,E4,130463,215,80
52,E4,130678,214,80
48,C4,130892,214,80
38,D3,131106,214,80
38,D3,131106,214,80
45,A3,131320,214,80
48,C4,131320,215,80
48,C4,131320,214,80
34,A#2,131534,214,80
45,A3,131748,214,80
45,A3,131748,214,80
45,A3,131962,215,80
41,F3,132177,214,80
34,A#2,132391,214,80
41,F3,132605,214,80
41,F3,132605,215,80
34,A#2,132820,214,80
41,F3,133034,214,80
40,E3,133034,214,80
40,E3,133034,214,80
38,D3,133248,214,80
38,D3,133462,215,80
31,G2,133677,214,80
48,C4,133891,214,80
48,C4,133891,214,80
48,C4,134105,215,80
31,G2,134320,214,80
46,A#3,134534,214,80
31,G2,134534,214,80
38,D3,134748,214,80
46,A#3,134748,214,80
46,A#3,134748,214,80
26,D2,134962,214,80
45,A3,135176,215,80
45,A3,135176,214,80
45,A3,135390,214,80
41,F3,135604,215,80
26,D2,135819,214,80
41,F3,136033,214,80
41,F3,136033,214,80
26,D2,136247,214,80
33,A2,136461,214,80
40,E3,136461,214,80
40,E3,136461,215,80
38,D3,136676,214,80
38,D3,136890,214,80
38,D3,137104,643,80
38,D3,137747,214,80
38,D3,137961,428,80
45,A3,138389,429,80
34,A#2,138389,857,80
34,A#2,139246,429,80
34,A#2,139675,857,80
41,F3,140532,857,80
31,G2,140532,214,80
48,C4,140746,214,80
48,C4,140746,214,80
48,C4,140960,215,80
31,G2,141175,214,80
46,A#3,141389,214,80
31,G2,141389,214,80
38,D3,141603,214,80
46,A#3,141603,214,80
46,A#3,141603,214,80
45,A3,141817,214,80
26,D2,142031,215,80
45,A3,142031,214,80
45,A3,142245,214,80
41,F3,142459,215,80
26,D2,142674,214,80
41,F3,142888,214,80
41,F3,142888,214,80
26,D2,143102,214,80
33,A2,143316,214,80
40,E3,143316,215,80
40,E3,143316,214,80
38,D3,143530,214,80
38,D3,143744,214,80
38,D3,143958,214,80
52,E4,144172,215,80
52,E4,144172,214,80
52,E4,144386,214,80
38,D3,144600,214,80
48,C4,144814,215,80
38,D3,144814,214,80
45,A3,145028,214,80
48,C4,145028,214,80
48,C4,145028,214,80
34,A#2,145242,214,80
45,A3,145456,214,80
45,A3,145456,215,80
45,A3,145671,214,80
41,F3,145885,214,80
34,A#2,146099,214,80
41,F3,146313,214,80
41,F3,146313,215,80
34,A#2,146528,214,80
41,F3,146742,214,80
40,E3,146742,214,80
40,E3,146742,214,80
38,D3,146956,215,80
38,D3,147171,214,80
31,G2,147385,214,80
48,C4,147599,214,80
48,C4,147599,214,80
48,C4,147813,215,80
31,G2,148028,214,80
46,A#3,148242,214,80
31,G2,148242,214,80
38,D3,148456,214,80
46,A#3,148456,214,80
46,A#3,148456,215,80
26,D2,148671,214,80
45,A3,148885,214,80
45,A3,148885,214,80
45,A3,149099,214,80
41,F3,149313,215,80
26,D2,149528,214,80
41,F3,149742,214,80
41,F3,149742,214,80
26,D2,149956,214,80
33,A2,150170,214,80
40,E3,150170,215,80
40,E3,150170,214,80
38,D3,150384,214,80
38,D3,150598,214,80
38,D3,150812,643,80
38,D3,151455,215,80
38,D3,151670,428,80
45,A3,152098,428,80
34,A#2,152098,857,80
34,A#2,152955,429,80
41,F3,153384,857,80
34,A#2,154241,857,80
31,G2,154241,214,80
48,C4,154455,214,80
48,C4,154455,215,80
48,C4,154670,214,80
31,G2,154884,214,80
46,A#3,155098,214,80
31,G2,155098,214,80
38,D3,155312,214,80
46,A#3,155312,214,80
46,A#3,155312,215,80
26,D2,155527,214,80
45,A3,155741,214,80
45,A3,155741,214,80
45,A3,155955,215,80
41,F3,156170,214,80
26,D2,156384,214,80
41,F3,156598,214,80
41,F3,156598,214,80
26,D2,156812,214,80
33,A2,157026,214,80
40,E3,157026,215,80
40,E3,157026,214,80
38,D3,157240,214,80
38,D3,157454,215,80
38,D3,157669,214,80
52,E4,157883,214,80
52,E4,157883,214,80
52,E4,158097,214,80
38,D3,158311,214,80
48,C4,158525,215,80
38,D3,158525,214,80
45,A3,158739,214,80
48,C4,158739,214,80
48,C4,158739,214,80
34,A#2,158953,214,80
45,A3,159167,215,80
45,A3,159167,214,80
45,A3,159381,214,80
41,F3,159595,214,80
34,A#2,159809,214,80
41,F3,160023,215,80
41,F3,160023,214,80
34,A#2,160237,214,80
41,F3,160451,214,80
40,E3,160451,214,80
40,E3,160451,215,80
38,D3,160666,214,80
38,D3,160880,214,80
31,G2,161094,214,80
48,C4,161308,214,80
48,C4,161308,215,80
48,C4,161523,214,80
31,G2,161737,214,80
46,A#3,161951,214,80
46,A#3,161951,214,80
31,G2,162165,214,80
38,D3,162165,215,80
46,A#3,162165,214,80
26,D2,162379,214,80
45,A3,162593,214,80
45,A3,162593,214,80
45,A3,162807,215,80
41,F3,163022,214,80
26,D2,163236,214,80
41,F3,163450,214,80
41,F3,163450,215,80
26,D2,163665,214,80
33,A2,163879,214,80
40,E3,163879,214,80
40,E3,163879,214,80
38,D3,164093,214,80
38,D3,164307,215,80
26,D2,164522,214,80
33,A2,164736,214,80
38,D3,164950,1286,80
33,A2,166236,857,80
38,D3,167093,857,80
28,E2,167950,215,80
35,B2,168165,214,80
40,E3,168379,1286,80
36,C3,169665,857,80
40,E3,170522,857,80
33,A2,171379,214,80
41,F3,171593,214,80
45,A3,171807,1286,80
41,F3,173093,857,80
45,A3,173950,857,80
33,A2,174807,215,80
41,F3,175022,214,80
45,A3,175236,1281,80
43,G3,176950,1286,80
38,D3,178236,643,80
38,D3,178879,214,80
33,A2,179093,428,80
38,D3,179521,429,80
40,E3,179521,857,80
40,E3,180378,428,80
36,C3,180806,857,80
40,E3,181663,858,80
45,A3,181663,642,80
45,A3,182305,215,80
41,F3,182520,428,80
45,A3,182948,428,80
45,A3,182948,857,80
45,A3,183805,429,80
40,E3,184234,857,80
43,G3,185091,857,80
38,D3,185091,643,80
38,D3,185734,214,80
33,A2,185948,428,80
38,D3,186376,429,80
40,E3,186376,857,80
40,E3,187233,429,80
36,C3,187662,857,80
40,E3,188519,857,80
45,A3,188519,643,80
45,A3,189162,214,80
41,F3,189376,428,80
45,A3,189804,428,80
45,A3,189804,858,80
45,A3,190662,428,80
40,E3,191090,857,80
43,G3,191947,857,80
38,D3,191947,643,80
38,D3,192590,214,80
38,D3,192804,428,80
45,A3,193232,429,80
34,A#2,193232,857,80
34,A#2,194089,429,80
34,A#2,194518,857,80
41,F3,195375,857,80
31,G2,195375,214,80
48,C4,195589,214,80
48,C4,195589,214,80
48,C4,195803,215,80
31,G2,196018,214,80
46,A#3,196232,214,80
31,G2,196232,214,80
38,D3,196446,214,80
46,A#3,196446,214,80
46,A#3,196446,215,80
26,D2,196661,214,80
45,A3,196875,214,80
45,A3,196875,214,80
45,A3,197089,214,80
41,F3,197303,215,80
26,D2,197518,214,80
41,F3,197732,214,80
41,F3,197732,214,80
26,D2,197946,214,80
33,A2,198160,214,80
40,E3,198160,215,80
40,E3,198160,214,80
38,D3,198374,214,80
38,D3,198588,214,80
38,D3,198802,214,80
52,E4,199016,215,80
52,E4,199016,214,80
52,E4,199230,214,80
38,D3,199444,214,80
48,C4,199658,215,80
38,D3,199658,214,80
45,A3,199872,214,80
48,C4,199872,214,80
48,C4,199872,214,80
34,A#2,200086,214,80
45,A3,200300,214,80
45,A3,200300,215,80
45,A3,200515,214,80
41,F3,200729,214,80
34,A#2,200943,214,80
41,F3,201157,215,80
41,F3,201157,214,80
34,A#2,201371,214,80
41,F3,201585,214,80
40,E3,201585,214,80
40,E3,201585,214,80
38,D3,201799,215,80
38,D3,202014,214,80
31,G2,202228,214,80
48,C4,202442,214,80
48,C4,202442,215,80
48,C4,202657,214,80
31,G2,202871,214,80
46,A#3,203085,214,80
31,G2,203085,214,80
38,D3,203299,214,80
46,A#3,203299,214,80
46,A#3,203299,215,80
26,D2,203514,214,80
45,A3,203728,214,80
45,A3,203728,214,80
45,A3,203942,215,80
41,F3,204157,214,80
26,D2,204371,214,80
41,F3,204585,214,80
41,F3,204585,214,80
33,A2,204799,214,80
26,D2,205013,214,80
40,E3,205013,215,80
40,E3,205013,214,80
38,D3,205227,214,80
38,D3,205441,215,80
38,D3,205656,642,80
38,D3,206298,215,80
38,D3,206513,428,80
45,A3,206941,428,80
34,A#2,206941,857,80
34,A#2,207798,429,80
41,F3,208227,857,80
34,A#2,209084,857,80
31,G2,209084,214,80
48,C4,209298,214,80
48,C4,209298,215,80
48,C4,209513,214,80
31,G2,209727,214,80
46,A#3,209941,214,80
31,G2,209941,214,80
38,D3,210155,214,80
46,A#3,210155,215,80
46,A#3,210155,214,80
26,D2,210369,214,80
45,A3,210583,214,80
45,A3,210583,214,80
45,A3,210797,215,80
41,F3,211012,214,80
26,D2,211226,214,80
41,F3,211440,214,80
41,F3,211440,215,80
26,D2,211655,214,80
33,A2,211869,214,80
40,E3,211869,214,80
40,E3,211869,214,80
38,D3,212083,214,80
38,D3,212297,215,80
38,D3,212512,214,80
52,E4,212726,214,80
52,E4,212726,214,80
52,E4,212940,215,80
38,D3,213155,214,80
48,C4,213369,214,80
38,D3,213369,214,80
45,A3,213583,214,80
48,C4,213583,214,80
48,C4,213583,214,80
34,A#2,213797,214,80
45,A3,214011,215,80
45,A3,214011,214,80
45,A3,214225,214,80
41,F3,214439,215,80
34,A#2,214654,214,80
41,F3,214868,214,80
41,F3,214868,214,80
34,A#2,215082,214,80
41,F3,215296,214,80
40,E3,215296,214,80
40,E3,215296,215,80
38,D3,215511,214,80
38,D3,215725,214,80
31,G2,215939,214,80
48,C4,216153,215,80
48,C4,216153,214,80
48,C4,216367,214,80
31,G2,216581,214,80
46,A#3,216795,214,80
31,G2,216795,214,80
38,D3,217009,214,80
46,A#3,217009,215,80
46,A#3,217009,214,80
26,D2,217223,214,80
45,A3,217437,214,80
45,A3,217437,215,80
45,A3,217652,214,80
41,F3,217866,214,80
26,D2,218080,214,80
41,F3,218294,214,80
41,F3,218294,215,80
26,D2,218509,214,80
33,A2,218723,214,80
40,E3,218723,214,80
40,E3,218723,214,80
38,D3,218937,215,80
38,D3,219152,214,80
38,D3,219366,643,80
38,D3,220009,214,80
38,D3,220223,428,80
45,A3,220651,429,80
34,A#2,220651,857,80
34,A#2,221508,428,80
34,A#2,221936,857,80
41,F3,222793,857,80
31,G2,222793,643,80
31,G2,223436,215,80
31,G2,223651,428,80
38,D3,224079,428,80
26,D2,224079,857,80
26,D2,224936,429,80
26,D2,225365,857,80
33,A2,226222,857,80
38,D3,226222,643,80
38,D3,226865,214,80
38,D3,227079,428,80
45,A3,227507,429,80
34,A#2,227507,857,80
34,A#2,228364,428,80
34,A#2,228792,857,80
41,F3,229649,858,80
31,G2,229649,642,80
31,G2,230291,215,80
38,D3,230506,428,80
31,G2,230934,428,80
26,D2,230934,857,80
26,D2,231791,429,80
26,D2,232220,857,80
33,A2,233077,857,80
38,D3,233077,643,80
38,D3,233720,214,80
38,D3,233934,428,80
45,A3,234362,429,80
34,A#2,234362,857,80
34,A#2,235219,429,80
34,A#2,235648,857,80
41,F3,236505,857,80
31,G2,236505,643,80
31,G2,237148,214,80
31,G2,237362,428,80
38,D3,237790,428,80
26,D2,237790,858,80
26,D2,238648,428,80
26,D2,239076,857,80
33,A2,239933,857,80
38,D3,239933,643,80
38,D3,240576,214,80
45,A3,240790,428,80
38,D3,241218,429,80
34,A#2,241218,857,80
34,A#2,242075,429,80
34,A#2,242504,857,80
41,F3,243361,857,80
31,G2,243361,643,80
31,G2,244004,214,80
31,G2,244218,428,80
38,D3,244646,429,80
26,D2,244646,857,80
26,D2,245503,428,80
26,D2,245931,852,80
33,A2,246783,852,80