57,A4,375,375,126
60,C5,750,375,126
67,G5,1125,750,126
65,F5,1875,750,126
64,E5,2625,375,126
62,D5,3000,675,126
60,C5,3750,375,126
64,E5,4125,1725,126
59,B4,6000,187,126
60,C5,6187,187,126
67,G5,6374,187,126
64,E5,6561,187,126
62,D5,6748,187,126
60,C5,6935,187,126
55,G4,7122,1312,126
53,F4,8434,1312,126
60,C5,8434,1312,126
50,D4,8434,187,126
55,G4,8621,187,126
57,A4,8808,187,126
59,B4,8995,375,126
50,D4,9370,187,126
62,D5,9557,562,126
60,C5,10119,562,126
59,B4,10681,187,126
57,A4,10868,1050,126
45,A3,12368,375,126
48,C4,12743,375,126
55,G4,13118,750,126
53,F4,13868,750,126
48,C4,14618,750,126
52,E4,14618,187,126
45,A3,14805,187,126
50,D4,14992,675,126
48,C4,15742,375,126
52,E4,16117,1725,126
47,B3,17992,187,126
48,C4,18179,187,126
55,G4,18366,187,126
52,E4,18553,187,126
50,D4,18740,187,126
48,C4,18927,187,126
43,G3,19114,1312,126
41,F3,20426,1312,126
41,F3,20426,187,126
45,A3,20613,187,126
48,C4,20800,187,126
50,D4,20987,3375,126
45,A3,24362,3375,126
52,E4,24362,375,126
52,E4,24737,375,126
52,E4,25112,375,126
48,C4,25487,375,126
53,F4,25487,375,126
52,E4,25862,375,126
50,D4,26237,375,126
48,C4,26612,375,126
50,D4,26987,375,126
50,D4,27362,375,126
48,C4,27737,375,126
52,E4,28112,2250,126
48,C4,30362,2250,126
52,E4,30362,375,126
52,E4,30737,375,126
48,C4,31112,375,126
52,E4,31487,375,126
53,F4,31487,375,126
52,E4,31862,375,126
50,D4,32237,375,126
48,C4,32612,375,126
50,D4,32987,375,126
55,G4,33362,375,126
55,G4,33362,375,126
57,A4,33737,375,126
52,E4,34112,187,126
50,D4,34299,187,126
48,C4,34486,675,126
50,D4,35236,187,126
48,C4,35423,506,126
48,C4,35985,375,126
45,A3,36360,375,126
45,A3,36735,375,126
48,C4,37110,375,126
48,C4,37485,187,126
45,A3,37672,506,126
45,A3,38234,187,126
48,C4,38421,506,126
50,D4,38983,375,126
50,D4,39358,375,126
48,C4,39733,375,126
52,E4,40108,1050,126
50,D4,41233,187,126
52,E4,41420,187,126
50,D4,41607,187,126
48,C4,41794,187,126
52,E4,41981,187,126
50,D4,42168,187,126
48,C4,42168,1912,126
50,D4,44230,375,126
48,C4,44605,375,126
57,A4,44980,2250,126
50,D4,47230,2250,126
45,A3,47230,2250,126
50,D4,47230,187,126
52,E4,47417,187,126
50,D4,47604,187,126
48,C4,47791,187,126
50,D4,47978,168,126
45,A3,48727,187,126
48,C4,48914,187,126
53,F4,49101,1125,126
48,C4,50226,1125,126
48,C4,50226,375,126
50,D4,50601,375,126
52,E4,50976,375,126
53,F4,51351,375,126
52,E4,51726,187,126
50,D4,51913,187,126
52,E4,52100,187,126
50,D4,52287,862,126
50,D4,53224,187,126
52,E4,53411,187,126
50,D4,53598,187,126
48,C4,53785,187,126
50,D4,53972,168,126
41,F3,54721,187,126
45,A3,54908,187,126
41,F3,55095,1125,126
48,C4,56220,1125,126
48,C4,56220,375,126
50,D4,56595,375,126
52,E4,56970,375,126
53,F4,57345,375,126
52,E4,57720,187,126
50,D4,57907,187,126
52,E4,58094,187,126
50,D4,58281,862,126
48,C4,59218,187,126
50,D4,59405,506,126
48,C4,59967,375,126
52,E4,60342,375,126
55,G4,60342,375,126
55,G4,60342,375,126
57,A4,60717,187,126
48,C4,60904,187,126
50,D4,60904,187,126
55,G4,61091,187,126
47,B3,61278,187,126
50,D4,61278,187,126
50,D4,61278,937,126
47,B3,62215,937,126
55,G4,62215,375,126
47,B3,62590,375,126
50,D4,62590,187,126
48,C4,62777,187,126
45,A3,62964,375,126
48,C4,63339,375,126
48,C4,63339,375,126
45,A3,63714,375,126
43,G3,63714,375,126
53,F4,64089,375,126
52,E4,64089,187,126
50,D4,64276,187,126
48,C4,64463,506,126
48,C4,65025,187,126
50,D4,65212,187,126
52,E4,65399,187,126
50,D4,65586,187,126
48,C4,65773,187,126
50,D4,65960,168,126
45,A3,66709,375,126
43,G3,67084,1125,126
41,F3,68209,1125,126
48,C4,68209,1125,126
41,F3,68209,375,126
45,A3,68584,375,126
48,C4,68584,375,126
47,B3,68584,375,126
47,B3,68959,1125,126
43,G3,70084,1125,126
48,C4,70084,375,126
50,D4,70459,187,126
43,G3,70646,187,126
48,C4,70646,187,126
47,B3,70833,675,126
47,B3,71583,375,126
43,G3,71958,375,126
48,C4,71958,187,126
47,B3,72145,187,126
45,A3,72332,2400,126
45,A3,75332,375,126
48,C4,75707,375,126
55,G4,76082,750,126
53,F4,76832,750,126
48,C4,77582,750,126
52,E4,77582,187,126
45,A3,77769,187,126
50,D4,77956,675,126
48,C4,78706,375,126
52,E4,79081,1387,126
45,A3,80580,375,126
47,B3,80955,187,126
48,C4,81142,187,126
55,G4,81329,187,126
52,E4,81516,187,126
50,D4,81703,187,126
48,C4,81890,187,126
45,A3,82077,1050,126
43,G3,83577,187,126
45,A3,83764,187,126
47,B3,83951,750,126
43,G3,84701,750,126
50,D4,84701,375,126
47,B3,85076,375,126
48,C4,85076,562,126
45,A3,85638,562,126
47,B3,85638,187,126
45,A3,85825,1050,126
48,C4,86950,375,126
52,E4,87325,375,126
52,E4,87700,375,126
55,G4,88075,375,126
53,F4,88450,375,126
52,E4,88825,375,126
50,D4,89200,375,126
48,C4,89575,375,126
47,B3,89950,375,126
50,D4,90325,375,126
50,D4,90325,375,126
48,C4,90700,375,126
52,E4,91075,187,126
50,D4,91262,187,126
48,C4,91449,300,126
50,D4,92574,375,126
52,E4,92949,375,126
47,B3,93324,375,126
52,E4,93324,375,126
47,B3,93699,375,126
52,E4,93699,375,126
52,E4,94074,375,126
53,F4,94449,375,126
52,E4,94824,375,126
50,D4,95199,375,126
48,C4,95574,187,126
48,C4,95761,187,126
47,B3,95948,375,126
55,G4,96323,375,126
55,G4,96323,375,126
57,A4,96698,375,126
48,C4,97073,187,126
52,E4,97260,187,126
52,E4,97260,862,126
48,C4,98197,187,126
50,D4,98384,187,126
48,C4,98571,337,126
45,A3,99320,375,126
45,A3,99695,375,126
48,C4,100070,375,126
48,C4,100445,187,126
45,A3,100632,506,126
45,A3,101194,187,126
48,C4,101381,506,126
50,D4,101943,375,126
47,B3,102318,375,126
50,D4,102318,375,126
45,A3,102693,375,126
48,C4,102693,375,126
52,E4,103068,1125,126
45,A3,104193,1125,126
50,D4,104193,187,126
52,E4,104380,187,126
50,D4,104567,187,126
48,C4,104754,187,126
50,D4,104941,168,126
45,A3,105502,375,126
48,C4,105877,375,126
41,F3,105877,187,126
43,G3,106064,1125,126
45,A3,107189,1125,126
50,D4,107189,375,126
45,A3,107564,375,126
48,C4,107564,375,126
45,A3,107939,375,126
57,A4,107939,1125,126
48,C4,109064,1125,126
52,E4,109064,1125,126
59,B4,109064,375,126
53,F4,109439,375,126
45,A3,109439,506,126
45,A3,110001,187,126
60,C5,110188,187,126
59,B4,110375,187,126
57,A4,110562,187,126
59,B4,110749,187,126
57,A4,110936,2250,126
45,A3,113186,2250,126
50,D4,113186,187,126
52,E4,113373,187,126
50,D4,113560,187,126
48,C4,113747,187,126
50,D4,113934,168,126
45,A3,114683,187,126
48,C4,114870,187,126
53,F4,115057,1125,126
48,C4,116182,1125,126
48,C4,116182,375,126
50,D4,116557,375,126
52,E4,116932,375,126
53,F4,117307,375,126
52,E4,117682,187,126
50,D4,117869,187,126
52,E4,118056,187,126
50,D4,118243,862,126
50,D4,119180,187,126
52,E4,119367,187,126
50,D4,119554,187,126
48,C4,119741,187,126
50,D4,119928,168,126
41,F3,120677,187,126
45,A3,120864,187,126
41,F3,121051,1125,126
48,C4,122176,1125,126
48,C4,122176,375,126
50,D4,122551,375,126
52,E4,122926,375,126
53,F4,123301,375,126
52,E4,123676,187,126
50,D4,123863,187,126
52,E4,124050,187,126
50,D4,124237,862,126
48,C4,125174,187,126
50,D4,125361,506,126
48,C4,125923,375,126
52,E4,126298,375,126
55,G4,126298,375,126
55,G4,126298,375,126
57,A4,126673,187,126
48,C4,126860,187,126
50,D4,126860,187,126
50,D4,127047,187,126
47,B3,127234,187,126
55,G4,127234,187,126
50,D4,127234,937,126
47,B3,128171,937,126
55,G4,128171,375,126
47,B3,128546,375,126
50,D4,128546,187,126
48,C4,128733,187,126
48,C4,128920,375,126
45,A3,129295,375,126
48,C4,129295,375,126
45,A3,129670,375,126
43,G3,129670,375,126
53,F4,130045,375,126
52,E4,130045,187,126
50,D4,130232,187,126
48,C4,130419,506,126
48,C4,130981,187,126
50,D4,131168,187,126
52,E4,131355,187,126
50,D4,131542,187,126
48,C4,131729,187,126
50,D4,131916,168,126
45,A3,132665,375,126
43,G3,133040,1125,126
41,F3,134165,1125,126
48,C4,134165,1125,126
41,F3,134165,375,126
45,A3,134540,375,126
48,C4,134540,375,126
47,B3,134540,375,126
47,B3,134915,1125,126
43,G3,136040,1125,126
48,C4,136040,375,126
50,D4,136415,506,126
55,G4,136977,187,126
48,C4,137164,187,126
48,C4,137164,375,126
57,A4,137539,375,126
47,B3,137914,375,126
64,E5,137914,187,126
57,A4,138101,187,126
52,E4,138288,187,126
64,E5,138475,187,126
57,A4,138662,187,126
52,E4,138849,187,126
64,E5,139036,187,126
57,A4,139223,187,126
52,E4,139410,187,126
64,E5,139597,187,126
57,A4,139784,187,126
52,E4,139971,187,126
64,E5,140158,187,126
57,A4,140345,187,126
52,E4,140532,187,126
50,D4,140719,187,126
55,G4,140906,375,126
50,D4,141281,375,126
59,B4,141281,125,126
57,A4,141406,125,126
55,G4,141531,125,126
50,D4,141656,187,126
52,E4,141843,187,126
57,A4,142030,375,126
52,E4,142405,375,126
52,E4,142405,187,126
59,B4,142592,562,126
52,E4,143154,562,126
60,C5,143154,375,126
60,C5,143529,187,126
62,D5,143716,187,126
64,E5,143903,375,126
64,E5,144278,125,126
62,D5,144403,125,126
60,C5,144528,125,126
55,G4,144653,187,126
60,C5,144840,187,126
55,G4,145027,937,126
62,D5,145964,937,126
50,D4,145964,143,126
57,A4,146107,43,126
59,B4,146150,375,126
50,D4,146525,375,126
55,G4,146525,187,126
48,C4,146712,187,126
57,A4,146899,375,126
48,C4,147274,375,126
57,A4,147274,125,126
55,G4,147399,125,126
53,F4,147524,125,126
48,C4,147649,187,126
43,G3,147836,187,126
52,E4,148023,750,126
43,G3,148773,750,126
43,G3,148773,375,126
50,D4,149148,187,126
43,G3,149335,187,126
52,E4,149335,187,126
48,C4,149522,375,126
45,A3,149897,187,126
47,B3,150084,187,126
45,A3,150271,187,126
45,A3,150458,187,126
41,F3,150645,187,126
43,G3,150832,187,126
41,F3,151019,750,126
41,F3,151769,375,126
48,C4,152144,375,126
38,D3,152519,187,126
41,F3,152706,187,126
47,B3,152893,750,126
43,G3,153643,750,126
38,D3,153643,750,126
38,D3,153643,187,126
43,G3,153830,187,126
47,B3,154017,375,126
43,G3,154392,375,126
50,D4,154392,375,126
47,B3,154767,375,126
47,B3,154767,375,126
55,G4,155142,750,126
50,D4,155892,750,126
50,D4,155892,375,126
54,F#4,156267,375,126
57,A4,156267,375,126
57,A4,156642,375,126
54,F#4,157017,375,126
57,A4,157392,375,126
50,D4,157392,375,126
57,A4,157392,375,126
54,F#4,157767,750,126
50,D4,158517,750,126
54,F#4,158517,375,126
50,D4,158892,375,126
50,D4,158892,375,126
54,F#4,159267,375,126
59,B4,159267,375,126
57,A4,159267,375,126
59,B4,159642,375,126
57,A4,160017,750,126
50,D4,160767,750,126
54,F#4,160767,750,126
50,D4,160767,187,126
55,G4,160954,187,126
54,F#4,160954,562,126
52,E4,161516,187,126
50,D4,161703,112,126
50,D4,161890,375,126
59,B4,162265,375,126
54,F#4,162265,187,126
50,D4,162452,187,126
50,D4,162639,375,126
54,F#4,163014,375,126
54,F#4,163014,375,126
50,D4,163389,375,126
50,D4,163389,375,126
54,F#4,163764,375,126
50,D4,163764,750,126
50,D4,164514,375,126
50,D4,164889,375,126
59,B4,165264,375,126
57,A4,165264,187,126
50,D4,165451,187,126
59,B4,165638,375,126
50,D4,166013,375,126
54,F#4,166013,750,126
52,E4,166763,187,126
50,D4,166950,112,126
45,A3,167887,375,126
40,E3,168262,375,126
49,C#4,168262,375,126
52,E4,168262,187,126
45,A3,168449,187,126
52,E4,168636,375,126
49,C#4,169011,375,126
52,E4,169011,375,126
45,A3,169386,375,126
49,C#4,169386,375,126
45,A3,169386,375,126
52,E4,169761,375,126
49,C#4,169761,300,126
47,B3,170136,187,126
49,C#4,170323,187,126
49,C#4,170510,187,126
45,A3,170697,187,126
43,G3,170697,187,126
47,B3,170884,375,126
50,D4,171259,375,126
59,B4,171259,375,126
57,A4,171259,187,126
43,G3,171446,187,126
57,A4,171633,187,126
47,B3,171820,187,126
50,D4,171820,187,126
47,B3,172007,187,126
43,G3,172194,187,126
52,E4,172194,187,126
50,D4,172194,825,126
47,B3,173131,750,126
43,G3,173881,750,126
50,D4,173881,750,126
49,C#4,173881,375,126
45,A3,174256,375,126
52,E4,174256,131,126
45,A3,174443,187,126
49,C#4,174630,187,126
52,E4,174630,375,126
52,E4,175005,375,126
54,F#4,175380,187,126
52,E4,175567,506,126
52,E4,176129,375,126
47,B3,176504,187,126
49,C#4,176691,187,126
51,D#4,176878,375,126
47,B3,177253,375,126
54,F#4,177253,300,126
54,F#4,177628,375,126
47,B3,178003,375,126
47,B3,178003,375,126
51,D#4,178378,375,126
54,F#4,178378,375,126
56,G#4,178378,675,126
47,B3,179128,187,126
51,D#4,179315,187,126
54,F#4,179315,187,126
56,G#4,179315,187,126
54,F#4,179502,187,126
52,E4,179689,187,126
49,C#4,179876,187,126
44,G#3,180063,187,126
54,F#4,180063,187,126
52,E4,180063,825,126
45,A3,181000,750,126
52,E4,181750,750,126
45,A3,181750,375,126
52,E4,182125,375,126
45,A3,182500,375,126
54,F#4,182500,187,126
45,A3,182687,187,126
47,B3,182687,187,126
56,G#4,182874,375,126
45,A3,183249,375,126
57,A4,183249,375,126
47,B3,183624,375,126
47,B3,183624,187,126
52,E4,183811,187,126
56,G#4,183811,187,126
54,F#4,183811,187,126
51,D#4,183998,187,126
56,G#4,184185,187,126
54,F#4,184185,825,126
51,D#4,185122,187,126
54,F#4,185309,187,126
59,B4,185309,187,126
57,A4,185309,187,126
56,G#4,185496,187,126
47,B3,185683,187,126
49,C#4,185683,187,126
54,F#4,185870,187,126
52,E4,185870,187,126
54,F#4,186057,187,126
56,G#4,186057,187,126
52,E4,186244,375,126
49,C#4,186619,375,126
49,C#4,186619,375,126
45,A3,186994,675,126
49,C#4,187744,187,126
52,E4,187931,187,126
52,E4,188118,187,126
54,F#4,188305,187,126
45,A3,188492,187,126
47,B3,188679,187,126
56,G#4,188866,375,126
44,G#3,189241,375,126
52,E4,189241,375,126
57,A4,189241,375,126
45,A3,189616,375,126
52,E4,189616,375,126
44,G#3,189616,187,126
52,E4,189803,187,126
56,G#4,189803,187,126
54,F#4,189803,187,126
51,D#4,189990,187,126
56,G#4,190177,187,126
47,B3,190177,187,126
54,F#4,190177,562,126
47,B3,190739,375,126
42,F#3,191114,375,126
51,D#4,191114,375,126
52,E4,191114,187,126
54,F#4,191301,506,126
59,B4,191863,375,126
52,E4,192238,375,126
56,G#4,192238,375,126
59,B4,192238,375,126
56,G#4,192613,375,126
61,C#5,192613,375,126
52,E4,192988,375,126
56,G#4,192988,750,126
61,C#5,193738,750,126
59,B4,193738,262,126
59,B4,194112,375,126
51,D#4,194487,375,126
54,F#4,194487,187,126
47,B3,194674,187,126
52,E4,194674,187,126
49,C#4,194861,187,126
52,E4,194861,375,126
57,A4,195236,187,126
52,E4,195423,187,126
59,B4,195610,187,126
52,E4,195797,187,126
47,B3,195797,187,126
52,E4,195984,187,126
56,G#4,196171,187,126
54,F#4,196171,187,126
52,E4,196358,675,126
54,F#4,197108,187,126
56,G#4,197295,187,126
54,F#4,197482,187,126
52,E4,197669,187,126
52,E4,197669,187,126
47,B3,197856,187,126
49,C#4,197856,187,126
54,F#4,198043,187,126
52,E4,198043,187,126
49,C#4,198230,375,126
45,A3,198605,187,126
47,B3,198792,187,126
45,A3,198979,1125,126
49,C#4,200104,1125,126
45,A3,200104,750,126
49,C#4,200854,750,126
52,E4,200854,750,126
47,B3,200854,506,126
51,D#4,201416,562,126
47,B3,201978,562,126
52,E4,201978,375,126
47,B3,202353,562,126
51,D#4,202915,562,126
54,F#4,202915,562,126
59,B4,202915,187,126
47,B3,203102,375,126
51,D#4,203477,375,126
61,C#5,203477,375,126
52,E4,203852,375,126
49,C#4,204227,375,126
61,C#5,204227,375,126
56,G#4,204227,300,126
49,C#4,204602,187,126
54,F#4,204789,187,126
52,E4,204789,187,126
45,A3,204976,750,126
49,C#4,205726,750,126
45,A3,205726,375,126
45,A3,206101,375,126
45,A3,206476,187,126
47,B3,206663,187,126
45,A3,206850,375,126
56,G#4,207225,375,126
47,B3,207225,375,126
57,A4,207600,375,126
47,B3,207600,375,126
56,G#4,207975,375,126
51,D#4,207975,1125,126
54,F#4,209100,1125,126
51,D#4,209100,187,126
54,F#4,209287,187,126
59,B4,209287,187,126
57,A4,209287,187,126
56,G#4,209474,187,126
47,B3,209661,187,126
54,F#4,209661,187,126
49,C#4,209848,187,126
52,E4,209848,187,126
54,F#4,210035,187,126
56,G#4,210035,187,126
52,E4,210222,375,126
49,C#4,210597,375,126
49,C#4,210597,375,126
45,A3,210972,1050,126
56,G#4,212097,375,126
45,A3,212472,375,126
49,C#4,212472,375,126
56,G#4,212472,187,126
45,A3,212659,187,126
54,F#4,212659,187,126
47,B3,212846,187,126
45,A3,212846,375,126
47,B3,213221,375,126
57,A4,213596,375,126
52,E4,213596,375,126
47,B3,213971,375,126
56,G#4,213971,375,126
51,D#4,213971,562,126
54,F#4,214533,562,126
54,F#4,214533,187,126
59,B4,214720,187,126
54,F#4,214720,375,126
47,B3,215095,187,126
52,E4,215282,187,126
54,F#4,215282,506,126
52,E4,215844,375,126
56,G#4,216219,375,126
59,B4,216219,375,126
59,B4,216219,187,126
56,G#4,216406,187,126
61,C#5,216593,375,126
54,F#4,216968,750,126
51,D#4,217718,750,126
61,C#5,217718,750,126
59,B4,217718,262,126
54,F#4,218092,375,126
51,D#4,218467,375,126
54,F#4,218467,187,126
45,A3,218654,187,126
52,E4,218654,187,126
47,B3,218841,187,126
49,C#4,218841,375,126
52,E4,219216,375,126
57,A4,219216,375,126
59,B4,219591,375,126
49,C#4,219966,375,126
52,E4,219966,375,126
56,G#4,219966,187,126
54,F#4,220153,187,126
52,E4,220340,300,126
54,F#4,221090,187,126
56,G#4,221277,187,126
54,F#4,221464,187,126
52,E4,221651,187,126
49,C#4,221838,187,126
54,F#4,222025,187,126
52,E4,222025,187,126
49,C#4,222212,375,126
49,C#4,222587,187,126
45,A3,222774,187,126
40,E3,222961,750,126
47,B3,223711,750,126
45,A3,223711,375,126
52,E4,224086,375,126
45,A3,224461,375,126
49,C#4,224461,375,126
51,D#4,224461,375,126
45,A3,224836,375,126
59,B4,224836,4125,126
47,B3,228961,4125,126
52,E4,228961,375,126
54,F#4,229336,187,126
52,E4,229523,187,126
51,D#4,229710,750,126
51,D#4,230460,75,126
52,E4,230835,187,126
51,D#4,231022,187,126
49,C#4,231209,375,126
61,C#5,231584,375,126
64,E5,231584,375,126
71,B5,231959,750,126
69,A5,232709,750,126
68,G#5,233459,375,126
66,F#5,233834,675,126
64,E5,234584,375,126
68,G#5,234959,1725,126
63,D#5,236834,187,126
64,E5,237021,187,126
71,B5,237208,187,126
68,G#5,237395,187,126
66,F#5,237582,187,126
64,E5,237769,187,126
52,E4,237956,1500,126
61,C#5,239456,1500,126
49,C#4,239456,187,126
52,E4,239643,82,126
42,F#3,239725,70,126
45,A3,239795,70,126
49,C#4,239795,2700,126
54,F#4,242495,2700,126
--end--
45,A3,0,1012,126
41,F3,1124,1800,126
43,G3,2999,1012,126
45,A3,4123,1800,126
45,A3,5998,1012,126
41,F3,7122,1800,126
43,G3,8997,1125,126
38,D3,10122,1125,126
40,E3,10122,1874,126
45,A3,11996,1874,126
33,A2,11996,1125,126
21,A1,13121,1125,126
29,F2,13121,1874,126
17,F1,14995,1874,126
31,G2,14995,1125,126
19,G1,16120,1125,126
33,A2,16120,1874,126
40,E3,17994,1874,126
33,A2,17994,1125,126
40,E3,19119,1125,126
29,F2,19119,1125,126
36,C3,20244,1125,126
29,F2,20244,675,126
33,A2,20994,3000,126
26,D2,23994,3000,126
45,A3,23994,1125,126
33,A2,25119,1125,126
47,B3,25119,1125,126
29,F2,25119,1874,126
41,F3,26993,1874,126
31,G2,26993,1125,126
43,G3,28118,1125,126
33,A2,28118,1874,126
45,A3,29992,1874,126
45,A3,29992,1125,126
33,A2,31117,1125,126
47,B3,31117,1125,126
29,F2,31117,1874,126
41,F3,32991,1874,126
31,G2,32991,1125,126
43,G3,34116,1125,126
40,E3,34116,1125,126
33,A2,35241,1125,126
45,A3,35241,1125,126
45,A3,35241,187,126
40,E3,35428,187,126
45,A3,35615,187,126
47,B3,35802,187,126
33,A2,35989,1125,126
45,A3,37114,1125,126
41,F3,37114,1874,126
36,C3,38988,1874,126
29,F2,38988,1874,126
38,D3,38988,1125,126
31,G2,40113,1125,126
43,G3,40113,1125,126
40,E3,40113,1687,126
33,A2,41800,1687,126
45,A3,41800,1687,126
45,A3,41800,187,126
40,E3,41987,562,126
33,A2,42549,562,126
47,B3,42549,187,126
45,A3,42736,187,126
43,G3,42923,187,126
41,F3,43110,1874,126
36,C3,44984,1874,126
29,F2,44984,1874,126
26,D2,44984,2700,126
40,E3,47984,1125,126
33,A2,49109,1125,126
45,A3,49109,1125,126
36,C3,49109,1125,126
29,F2,50234,1125,126
41,F3,50234,375,126
41,F3,50609,187,126
43,G3,50796,187,126
33,A2,50983,375,126
43,G3,51358,375,126
43,G3,51358,375,126
45,A3,51733,375,126
43,G3,52108,1125,126
38,D3,53233,1125,126
31,G2,53233,1125,126
38,D3,53233,375,126
31,G2,53608,375,126
33,A2,53608,187,126
36,C3,53795,187,126
40,E3,53982,750,126
33,A2,54732,750,126
45,A3,54732,750,126
33,A2,54732,375,126
36,C3,55107,1125,126
29,F2,56232,1125,126
41,F3,56232,375,126
29,F2,56607,187,126
41,F3,56794,187,126
43,G3,56794,187,126
33,A2,56981,375,126
43,G3,57356,375,126
43,G3,57356,375,126
45,A3,57731,375,126
43,G3,58106,1874,126
38,D3,59980,1874,126
31,G2,59980,1874,126
40,E3,59980,1012,126
31,G2,61104,1012,126
31,G2,62603,187,126
43,G3,62790,187,126
45,A3,62790,187,126
29,F2,62977,1012,126
45,A3,64101,1125,126
40,E3,65226,1125,126
33,A2,65226,1125,126
43,G3,65226,375,126
43,G3,65601,375,126
33,A2,65976,750,126
45,A3,66726,750,126
33,A2,66726,187,126
29,F2,66913,187,126
29,F2,67100,1050,126
29,F2,68600,375,126
31,G2,68975,1012,126
31,G2,70099,1800,126
40,E3,71974,3000,126
33,A2,74974,3000,126
43,G3,74974,3000,126
33,A2,74974,1125,126
21,A1,76099,1125,126
29,F2,76099,1874,126
17,F1,77973,1874,126
31,G2,77973,1125,126
19,G1,79098,1125,126
33,A2,79098,1874,126
40,E3,80972,1874,126
40,E3,80972,1125,126
33,A2,82097,1125,126
45,A3,82097,1125,126
36,C3,82097,1125,126
29,F2,83222,1125,126
29,F2,83222,187,126
38,D3,83409,506,126
38,D3,83971,1125,126
31,G2,85096,1125,126
33,A2,85096,1500,126
40,E3,86596,1500,126
36,C3,86596,187,126
35,B2,86783,187,126
40,E3,86970,1125,126
33,A2,88095,1125,126
45,A3,88095,1125,126
41,F3,88095,1500,126
36,C3,89595,1500,126
29,F2,89595,1500,126
43,G3,89595,1500,126
29,F2,89595,187,126
38,D3,89782,187,126
31,G2,89969,375,126
43,G3,90344,187,126
38,D3,90531,187,126
43,G3,90718,187,126
40,E3,90905,187,126
45,A3,91092,1125,126
33,A2,92217,1125,126
33,A2,92217,375,126
47,B3,92592,187,126
45,A3,92779,187,126
33,A2,92966,675,126
41,F3,93716,375,126
33,A2,94091,375,126
43,G3,94091,1312,126
41,F3,95403,1312,126
36,C3,95403,1312,126
29,F2,95403,1312,126
29,F2,95403,187,126
41,F3,95590,375,126
43,G3,95965,562,126
31,G2,96527,562,126
38,D3,96527,187,126
31,G2,96714,375,126
33,A2,97089,1125,126
40,E3,98214,1125,126
33,A2,98214,675,126
33,A2,98964,750,126
40,E3,99714,750,126
33,A2,99714,375,126
41,F3,100089,562,126
36,C3,100651,562,126
29,F2,100651,562,126
41,F3,100651,562,126
36,C3,101213,562,126
29,F2,101213,562,126
41,F3,101213,187,126
40,E3,101400,187,126
41,F3,101587,187,126
43,G3,101774,187,126
43,G3,101961,562,126
38,D3,102523,562,126
31,G2,102523,562,126
43,G3,102523,187,126
31,G2,102710,375,126
40,E3,103085,562,126
33,A2,103647,562,126
45,A3,103647,375,126
47,B3,104022,862,126
45,A3,104959,1125,126
40,E3,106084,1125,126
33,A2,106084,1125,126
47,B3,106084,1125,126
36,C3,106084,1687,126
29,F2,107771,1687,126
29,F2,107771,187,126
26,D2,107958,750,126
41,F3,108708,750,126
38,D3,108708,187,126
45,A3,108895,187,126
45,A3,109082,375,126
38,D3,109457,675,126
53,F4,110207,187,126
50,D4,110394,187,126
45,A3,110581,187,126
38,D3,110768,187,126
36,C3,110955,3000,126
29,F2,113955,3000,126
41,F3,113955,3000,126
40,E3,113955,1125,126
33,A2,115080,1125,126
45,A3,115080,1125,126
36,C3,115080,1125,126
29,F2,116205,1125,126
41,F3,116205,375,126
41,F3,116580,187,126
43,G3,116767,187,126
33,A2,116954,375,126
43,G3,117329,375,126
43,G3,117329,375,126
45,A3,117704,375,126
43,G3,118079,1125,126
38,D3,119204,1125,126
31,G2,119204,1125,126
38,D3,119204,375,126
31,G2,119579,375,126
33,A2,119579,187,126
36,C3,119766,187,126
40,E3,119953,750,126
33,A2,120703,750,126
45,A3,120703,750,126
33,A2,120703,375,126
36,C3,121078,1125,126
29,F2,122203,1125,126
41,F3,122203,375,126
41,F3,122578,187,126
29,F2,122765,187,126
43,G3,122765,187,126
33,A2,122952,375,126
43,G3,123327,375,126
43,G3,123327,375,126
45,A3,123702,375,126
43,G3,124077,1874,126
38,D3,125951,1874,126
31,G2,125951,1874,126
40,E3,125951,1012,126
31,G2,127075,1012,126
31,G2,128574,187,126
43,G3,128761,187,126
45,A3,128761,187,126
29,F2,128948,1012,126
40,E3,130072,1125,126
33,A2,131197,1125,126
45,A3,131197,1125,126
43,G3,131197,506,126
33,A2,131759,187,126
33,A2,131946,750,126
45,A3,132696,750,126
33,A2,132696,187,126
29,F2,132883,187,126
29,F2,133070,1050,126
29,F2,134570,187,126
26,D2,134757,187,126
31,G2,134944,1012,126
31,G2,136068,375,126
43,G3,136443,506,126
43,G3,137005,562,126
43,G3,137567,375,126
33,A2,137942,1125,126
45,A3,139067,1125,126
41,F3,139067,675,126
41,F3,139817,1012,126
31,G2,140941,1125,126
19,G1,142066,1125,126
33,A2,142066,1874,126
21,A1,143940,1874,126
36,C3,143940,1012,126
31,G2,145064,675,126
43,G3,145814,1012,126
29,F2,146938,1012,126
24,C2,148062,1800,126
33,A2,149937,506,126
33,A2,150499,562,126
29,F2,151061,1725,126
19,G1,152936,506,126
31,G2,153498,562,126
19,G1,154060,187,126
31,G2,154247,187,126
19,G1,154434,187,126
31,G2,154621,937,126
31,G2,155558,375,126
19,G1,155933,375,126
38,D3,155933,562,126
26,D2,156495,562,126
38,D3,156495,862,126
38,D3,157619,506,126
38,D3,158181,375,126
38,D3,158556,375,126
38,D3,158931,562,126
26,D2,159493,562,126
38,D3,159493,862,126
38,D3,160617,375,126
38,D3,160992,862,126
35,B2,161929,1874,126
23,B1,163803,1874,126
35,B2,163803,675,126
35,B2,164553,375,126
35,B2,164928,506,126
35,B2,165490,1368,126
35,B2,166989,562,126
35,B2,167551,375,126
33,A2,167926,375,126
21,A1,168301,375,126
33,A2,168301,1556,126
33,A2,169988,562,126
33,A2,170550,375,126
31,G2,170925,750,126
19,G1,171675,750,126
31,G2,171675,375,126
31,G2,172050,750,126
31,G2,172800,750,126
31,G2,173550,375,126
33,A2,173925,750,126
21,A1,174675,750,126
33,A2,174675,375,126
33,A2,175050,1050,126
33,A2,176175,675,126
35,B2,176925,750,126
23,B1,177675,750,126
35,B2,177675,375,126
35,B2,178050,1050,126
35,B2,179175,675,126
37,C#3,179925,750,126
25,C#2,180675,750,126
37,C#3,180675,375,126
33,A2,181050,1500,126
21,A1,182550,1500,126
33,A2,182550,375,126
28,E2,182925,1012,126
35,B2,184049,1500,126
23,B1,185549,1500,126
35,B2,185549,375,126
25,C#2,185924,506,126
25,C#2,186486,562,126
33,A2,187048,1874,126
21,A1,188922,1874,126
28,E2,188922,1125,126
40,E3,190047,1125,126
35,B2,190047,937,126
23,B1,190984,937,126
35,B2,190984,562,126
35,B2,191546,375,126
40,E3,191921,562,126
28,E2,192483,562,126
40,E3,192483,562,126
35,B2,193045,1500,126
23,B1,194545,1500,126
35,B2,194545,375,126
33,A2,194920,750,126
21,A1,195670,750,126
33,A2,195670,375,126
21,A1,196045,375,126
28,E2,196045,337,126
40,E3,196607,375,126
40,E3,196982,862,126
37,C#3,197919,562,126
25,C#2,198481,562,126
37,C#3,198481,562,126
33,A2,199043,1500,126
21,A1,200543,1500,126
33,A2,200543,375,126
21,A1,200918,375,126
35,B2,200918,562,126
23,B1,201480,562,126
42,F#3,201480,187,126
35,B2,201667,675,126
35,B2,202417,1350,126
37,C#3,203917,750,126
25,C#2,204667,750,126
37,C#3,204667,375,126
33,A2,205042,1500,126
21,A1,206542,1500,126
33,A2,206542,375,126
28,E2,206917,1012,126
35,B2,208041,1500,126
23,B1,209541,1500,126
35,B2,209541,375,126
25,C#2,209916,506,126
25,C#2,210478,562,126
33,A2,211040,1500,126
21,A1,212540,1500,126
33,A2,212540,375,126
28,E2,212915,1125,126
40,E3,214040,1125,126
35,B2,214040,1500,126
23,B1,215540,1500,126
35,B2,215540,375,126
40,E3,215915,562,126
28,E2,216477,562,126
40,E3,216477,562,126
35,B2,217039,1500,126
23,B1,218539,1500,126
35,B2,218539,375,126
21,A1,218914,750,126
33,A2,219664,750,126
33,A2,219664,375,126
21,A1,220039,375,126
28,E2,220039,750,126
40,E3,220789,750,126
35,B2,221539,375,126
40,E3,221914,375,126
25,C#2,221914,562,126
37,C#3,222476,562,126
37,C#3,222476,562,126
21,A1,223038,1500,126
33,A2,224538,1500,126
33,A2,224538,375,126
35,B2,224913,3000,126
23,B1,227913,3000,126
23,B1,227913,2700,126
49,C#4,230913,1012,126
45,A3,232037,1800,126
47,B3,233912,1012,126
49,C#4,235036,1800,126
37,C#3,236911,1125,126
49,C#4,238036,1125,126
33,A2,238036,1125,126
45,A3,239161,1125,126
33,A2,239161,675,126
30,F#2,239911,2700,126