49,C#4,0,1714,96
54,F#4,1714,857,96
57,A4,2571,857,96
56,G#4,3428,1714,96
52,E4,5142,1715,96
56,G#4,6857,1714,96
57,A4,8571,857,96
59,B4,9428,857,96
54,F#4,10285,3429,96
54,F#4,13714,102,96
61,C#5,13928,103,96
61,C#5,14142,103,96
61,C#5,14357,214,96
62,D5,14571,214,96
61,C#5,14785,214,96
59,B4,14999,215,96
61,C#5,15214,214,96
57,A4,15428,103,96
57,A4,15642,103,96
57,A4,15857,102,96
61,C#5,16071,214,96
54,F#4,16285,857,96
54,F#4,17142,103,96
61,C#5,17357,102,96
61,C#5,17571,103,96
61,C#5,17785,103,96
62,D5,17999,215,96
61,C#5,18214,214,96
59,B4,18428,214,96
61,C#5,18642,215,96
57,A4,18857,102,96
57,A4,19071,103,96
57,A4,19285,103,96
61,C#5,19499,215,96
54,F#4,19714,857,96
66,F#5,20571,214,96
54,F#4,20785,214,96
61,C#5,20785,214,96
73,C#6,20999,214,96
61,C#5,20999,214,96
73,C#6,21213,215,96
61,C#5,21213,214,96
73,C#6,21427,214,96
74,D6,21427,214,96
62,D5,21641,214,96
61,C#5,21641,214,96
73,C#6,21855,215,96
59,B4,21855,214,96
71,B5,22069,214,96
61,C#5,22069,214,96
73,C#6,22283,214,96
57,A4,22283,214,96
69,A5,22497,214,96
69,A5,22497,214,96
57,A4,22711,215,96
57,A4,22711,214,96
69,A5,22925,214,96
61,C#5,22925,214,96
73,C#6,23139,214,96
66,F#5,23139,857,96
54,F#4,23996,857,96
66,F#5,23996,214,96
54,F#4,24210,215,96
61,C#5,24210,214,96
73,C#6,24424,214,96
61,C#5,24424,214,96
73,C#6,24638,214,96
61,C#5,24638,214,96
73,C#6,24852,215,96
62,D5,24852,214,96
74,D6,25066,214,96
73,C#6,25066,214,96
61,C#5,25280,214,96
59,B4,25280,214,96
71,B5,25494,214,96
61,C#5,25494,214,96
73,C#6,25708,215,96
57,A4,25708,214,96
69,A5,25922,214,96
69,A5,25922,214,96
57,A4,26136,214,96
57,A4,26136,214,96
69,A5,26350,215,96
61,C#5,26350,214,96
73,C#6,26564,214,96
66,F#5,26564,428,96
54,F#4,26992,428,96
66,F#5,26992,214,96
57,A4,27206,214,96
61,C#5,27206,215,96
61,C#5,27206,214,96
66,F#5,27420,214,96
66,F#5,27420,428,96
57,A4,27848,428,96
61,C#5,27848,429,96
61,C#5,27848,428,96
57,A4,28276,428,96
59,B4,28276,214,96
54,F#4,28490,214,96
57,A4,28704,215,96
59,B4,28704,214,96
54,F#4,28918,214,96
57,A4,29132,214,96
59,B4,29132,215,96
54,F#4,29347,214,96
61,C#5,29561,214,96
59,B4,29561,214,96
57,A4,29775,214,96
54,F#4,29989,215,96
54,F#4,30204,214,96
57,A4,30418,214,96
61,C#5,30632,214,96
66,F#5,30632,214,96
61,C#5,30632,214,96
66,F#5,30846,215,96
66,F#5,30846,428,96
57,A4,31274,428,96
61,C#5,31274,428,96
61,C#5,31274,429,96
54,F#4,31703,214,96
59,B4,31917,214,96
57,A4,31917,214,96
54,F#4,32131,214,96
59,B4,32345,215,96
57,A4,32345,214,96
59,B4,32559,214,96
54,F#4,32773,214,96
61,C#5,32987,214,96
59,B4,32987,215,96
57,A4,33202,214,96
54,F#4,33416,214,96
54,F#4,33630,215,96
66,F#5,33845,214,96
66,F#5,34059,214,96
69,A5,34273,428,96
62,D5,34701,428,96
66,F#5,34701,429,96
66,F#5,34701,428,96
62,D5,35129,214,96
66,F#5,35343,215,96
66,F#5,35343,214,96
66,F#5,35557,214,96
57,A4,35771,214,96
62,D5,35771,214,96
62,D5,35771,214,96
66,F#5,35985,214,96
61,C#5,35985,214,96
64,E5,36199,215,96
62,D5,36199,214,96
66,F#5,36413,214,96
64,E5,36413,214,96
69,A5,36627,214,96
66,F#5,36627,428,96
62,D5,37055,429,96
66,F#5,37055,214,96
69,A5,37269,214,96
73,C#6,37483,857,96
66,F#5,38340,858,96
69,A5,38340,428,96
66,F#5,38768,428,96
69,A5,38768,214,96
69,A5,38982,214,96
66,F#5,39196,215,96
68,G#5,39196,428,96
65,F5,39624,428,96
68,G#5,39624,215,96
69,A5,39839,214,96
71,B5,40053,428,96
65,F5,40481,428,96
73,C#6,40481,428,96
61,C#5,40909,428,96
68,G#5,40909,429,96
66,F#5,40909,642,96
57,A4,41551,642,96
61,C#5,41551,643,96
71,B5,41551,428,96
66,F#5,41979,428,96
71,B5,41979,428,96
66,F#5,42407,429,96
69,A5,42407,429,96
64,E5,42836,214,96
68,G#5,43050,214,96
69,A5,43050,214,96
68,G#5,43264,214,96
61,C#5,43478,428,96
66,F#5,43906,429,96
52,E4,43906,214,96
64,E5,44120,214,96
52,E4,44120,214,96
64,E5,44334,215,96
54,F#4,44334,642,96
66,F#5,44976,642,96
71,B5,44976,428,96
66,F#5,45404,429,96
71,B5,45404,428,96
66,F#5,45832,429,96
69,A5,45832,428,96
68,G#5,46260,214,96
64,E5,46474,214,96
69,A5,46474,215,96
68,G#5,46689,214,96
61,C#5,46903,428,96
66,F#5,47331,429,96
52,E4,47331,214,96
64,E5,47545,214,96
69,A5,47545,214,96
57,A4,47759,214,96
54,F#4,47759,428,96
66,F#5,48187,429,96
62,D5,48187,214,96
66,F#5,48401,214,96
69,A5,48401,214,96
62,D5,48615,214,96
66,F#5,48829,215,96
69,A5,48829,214,96
66,F#5,49043,214,96
66,F#5,49043,214,96
71,B5,49257,214,96
69,A5,49257,214,96
73,C#6,49471,214,96
71,B5,49471,429,96
66,F#5,49900,321,96
69,A5,50221,321,96
62,D5,50221,321,96
69,A5,50542,322,96
62,D5,50542,214,96
66,F#5,50756,214,96
69,A5,50756,214,96
66,F#5,50756,214,96
71,B5,50970,214,96
69,A5,50970,214,96
73,C#6,51184,215,96
66,F#5,51184,428,96
71,B5,51612,428,96
69,A5,51612,428,96
66,F#5,52040,429,96
66,F#5,52040,214,96
62,D5,52254,214,96
69,A5,52468,214,96
66,F#5,52468,215,96
62,D5,52683,214,96
69,A5,52897,214,96
64,E5,52897,214,96
71,B5,53111,214,96
73,C#6,53111,428,96
65,F5,53539,428,96
68,G#5,53539,429,96
68,G#5,53539,214,96
76,E6,53753,214,96
65,F5,53753,1071,96
68,G#5,54824,1071,96
73,C#6,54824,1071,96
61,C#5,54824,1072,96
54,F#4,54824,321,96
49,C#4,55145,321,96
54,F#4,55145,321,96
49,C#4,55466,321,96
49,C#4,55466,214,96
54,F#4,55680,215,96
49,C#4,55680,321,96
56,G#4,56001,321,96
56,G#4,56001,321,96
49,C#4,56322,322,96
49,C#4,56322,214,96
56,G#4,56536,214,96
57,A4,56536,321,96
49,C#4,56857,321,96
54,F#4,56857,321,96
56,G#4,56857,321,96
54,F#4,56857,321,96
57,A4,57178,322,96
54,F#4,57178,214,96
57,A4,57392,214,96
57,A4,57392,321,96
54,F#4,57713,321,96
59,B4,57713,322,96
57,A4,58035,214,96
56,G#4,58249,428,96
61,C#5,58677,429,96
56,G#4,58677,214,96
56,G#4,58891,429,96
57,A4,59320,428,96
56,G#4,59748,214,96
56,G#4,59962,425,96
56,G#4,60605,215,96
52,E4,60820,214,96
57,A4,61034,214,96
56,G#4,61034,214,96
54,F#4,61248,214,96
52,E4,61462,215,96
56,G#4,61677,321,96
52,E4,61998,321,96
56,G#4,61998,321,96
52,E4,62319,322,96
52,E4,62319,214,96
56,G#4,62533,214,96
57,A4,62533,321,96
54,F#4,62854,321,96
57,A4,62854,321,96
54,F#4,63175,322,96
54,F#4,63175,214,96
57,A4,63389,214,96
59,B4,63389,321,96
56,G#4,63710,321,96
56,G#4,63710,321,96
59,B4,64031,322,96
56,G#4,64031,214,96
59,B4,64245,214,96
56,G#4,64245,214,96
59,B4,64459,214,96
61,C#5,64459,215,96
59,B4,64674,214,96
57,A4,64888,429,96
51,D#4,65317,857,96
54,F#4,66174,857,96
61,C#5,66174,214,96
73,C#6,66388,214,96
61,C#5,66388,214,96
73,C#6,66602,214,96
74,D6,66602,428,96
62,D5,67030,429,96
61,C#5,67030,214,96
73,C#6,67244,214,96
73,C#6,67244,214,96
61,C#5,67458,214,96
74,D6,67458,428,96
62,D5,67886,429,96
73,C#6,67886,321,96
61,C#5,68207,321,96
71,B5,68207,322,96
61,C#5,68529,428,96
69,A5,68957,428,96
57,A4,68957,428,96
69,A5,68957,428,96
57,A4,69385,428,96
61,C#5,69385,429,96
57,A4,69385,214,96
61,C#5,69599,214,96
69,A5,69599,214,96
54,F#4,69599,214,96
66,F#5,69813,215,96
68,G#5,69813,214,96
56,G#4,70027,214,96
69,A5,70027,428,96
57,A4,70455,428,96
54,F#4,70455,214,96
61,C#5,70669,214,96
66,F#5,70669,215,96
66,F#5,70669,214,96
54,F#4,70883,214,96
61,C#5,70883,214,96
73,C#6,70883,428,96
61,C#5,71311,428,96
66,F#5,71311,429,96
57,A4,71311,107,96
69,A5,71418,107,96
61,C#5,71418,107,96
63,D#5,71525,107,96
64,E5,71632,107,96
66,F#5,71739,107,96
69,A5,71846,107,96
68,G#5,71953,428,96
56,G#4,72381,428,96
64,E5,72381,429,96
68,G#5,72381,428,96
56,G#4,72809,428,96
64,E5,72809,429,96
56,G#4,72809,214,96
64,E5,73023,214,96
68,G#5,73023,214,96
52,E4,73023,214,96
64,E5,73237,214,96
54,F#4,73237,214,96
66,F#5,73451,214,96
68,G#5,73451,428,96
56,G#4,73879,429,96
59,B4,73879,214,96
64,E5,74093,214,96
52,E4,74093,214,96
52,E4,74093,214,96
64,E5,74307,215,96
71,B5,74307,428,96
59,B4,74735,428,96
56,G#4,74735,107,96
59,B4,74842,107,96
68,G#5,74842,107,96
63,D#5,74842,107,96
64,E5,74949,108,96
66,F#5,75057,107,96
68,G#5,75164,107,96
66,F#5,75271,107,96
68,G#5,75378,321,96
56,G#4,75699,321,96
64,E5,75699,321,96
56,G#4,75699,321,96
64,E5,76020,321,96
68,G#5,76020,322,96
56,G#4,76020,214,96
64,E5,76234,214,96
68,G#5,76234,214,96
69,A5,76234,321,96
57,A4,76555,321,96
61,C#5,76555,322,96
69,A5,76555,321,96
57,A4,76876,321,96
61,C#5,76876,321,96
57,A4,76876,214,96
61,C#5,77090,214,96
69,A5,77090,214,96
71,B5,77090,321,96
59,B4,77411,321,96
64,E5,77411,322,96
59,B4,77411,321,96
64,E5,77732,321,96
71,B5,77732,321,96
59,B4,77732,214,96
64,E5,77946,214,96
71,B5,77946,214,96
59,B4,77946,214,96
71,B5,78160,215,96
61,C#5,78160,214,96
73,C#6,78374,214,96
59,B4,78374,214,96
71,B5,78588,214,96
69,A5,78588,428,96
57,A4,79016,429,96
66,F#5,79016,857,96
54,F#4,79873,857,96
61,C#5,79873,857,96
73,C#6,79873,214,96
73,C#6,80087,215,96
74,D6,80302,428,96
73,C#6,80730,429,96
74,D6,81159,428,96
73,C#6,81587,429,96
73,C#6,82016,214,96
54,F#4,82230,103,96
61,C#5,82444,103,96
61,C#5,82659,102,96
61,C#5,82873,214,96
62,D5,83087,215,96
61,C#5,83302,214,96
59,B4,83516,214,96
61,C#5,83730,214,96
57,A4,83944,103,96
57,A4,84159,102,96
57,A4,84373,103,96
61,C#5,84587,215,96
54,F#4,84802,857,96
54,F#4,85659,102,96
61,C#5,85873,103,96
61,C#5,86087,103,96
61,C#5,86302,102,96
62,D5,86516,214,96
61,C#5,86730,214,96
59,B4,86944,215,96
61,C#5,87159,214,96
57,A4,87373,103,96
57,A4,87587,103,96
57,A4,87802,102,96
61,C#5,88016,214,96
54,F#4,88230,857,96
66,F#5,89087,214,96
54,F#4,89301,215,96
61,C#5,89301,214,96
73,C#6,89515,214,96
61,C#5,89515,214,96
73,C#6,89729,214,96
61,C#5,89729,214,96
73,C#6,89943,214,96
74,D6,89943,214,96
62,D5,90157,215,96
61,C#5,90157,214,96
73,C#6,90371,214,96
59,B4,90371,214,96
71,B5,90585,214,96
61,C#5,90585,214,96
73,C#6,90799,215,96
57,A4,90799,214,96
69,A5,91013,214,96
69,A5,91013,214,96
57,A4,91227,214,96
57,A4,91227,214,96
69,A5,91441,214,96
61,C#5,91441,214,96
73,C#6,91655,215,96
66,F#5,91655,857,96
54,F#4,92512,857,96
66,F#5,92512,214,96
54,F#4,92726,214,96
61,C#5,92726,214,96
73,C#6,92940,214,96
61,C#5,92940,214,96
73,C#6,93154,215,96
61,C#5,93154,214,96
73,C#6,93368,214,96
62,D5,93368,214,96
74,D6,93582,214,96
73,C#6,93582,214,96
61,C#5,93796,215,96
59,B4,93796,214,96
71,B5,94010,214,96
61,C#5,94010,214,96
73,C#6,94224,214,96
57,A4,94224,214,96
69,A5,94438,214,96
69,A5,94438,214,96
57,A4,94652,215,96
57,A4,94652,214,96
69,A5,94866,214,96
61,C#5,94866,214,96
73,C#6,95080,214,96
66,F#5,95080,428,96
54,F#4,95508,429,96
66,F#5,95508,214,96
57,A4,95722,214,96
61,C#5,95722,214,96
61,C#5,95722,214,96
66,F#5,95936,214,96
66,F#5,95936,428,96
57,A4,96364,428,96
61,C#5,96364,429,96
61,C#5,96364,428,96
57,A4,96792,429,96
59,B4,96792,214,96
54,F#4,97006,214,96
57,A4,97220,214,96
59,B4,97220,214,96
54,F#4,97434,214,96
57,A4,97648,215,96
59,B4,97648,214,96
54,F#4,97862,214,96
61,C#5,98076,214,96
59,B4,98076,215,96
57,A4,98291,214,96
54,F#4,98505,214,96
54,F#4,98719,214,96
57,A4,98933,214,96
61,C#5,99147,214,96
66,F#5,99147,215,96
61,C#5,99147,214,96
66,F#5,99361,214,96
66,F#5,99361,428,96
57,A4,99789,428,96
61,C#5,99789,429,96
61,C#5,99789,428,96
54,F#4,100217,214,96
59,B4,100431,214,96
57,A4,100431,215,96
54,F#4,100646,214,96
59,B4,100860,214,96
57,A4,100860,214,96
59,B4,101074,215,96
54,F#4,101289,214,96
61,C#5,101503,214,96
59,B4,101503,214,96
57,A4,101717,214,96
54,F#4,101931,215,96
54,F#4,102146,214,96
66,F#5,102360,214,96
66,F#5,102574,215,96
69,A5,102789,428,96
62,D5,103217,428,96
66,F#5,103217,428,96
66,F#5,103217,429,96
62,D5,103646,214,96
66,F#5,103860,214,96
66,F#5,103860,214,96
66,F#5,104074,214,96
57,A4,104288,214,96
62,D5,104288,215,96
62,D5,104288,214,96
66,F#5,104502,214,96
61,C#5,104502,214,96
64,E5,104716,214,96
62,D5,104716,214,96
66,F#5,104930,214,96
64,E5,104930,214,96
69,A5,105144,215,96
66,F#5,105144,428,96
62,D5,105572,428,96
66,F#5,105572,215,96
69,A5,105787,214,96
73,C#6,106001,857,96
66,F#5,106858,857,96
69,A5,106858,428,96
66,F#5,107286,429,96
69,A5,107286,214,96
69,A5,107500,214,96
66,F#5,107714,214,96
68,G#5,107714,428,96
65,F5,108142,429,96
68,G#5,108142,214,96
69,A5,108356,214,96
71,B5,108570,428,96
65,F5,108998,429,96
73,C#6,108998,428,96
61,C#5,109426,428,96
68,G#5,109426,428,96
66,F#5,109426,642,96
57,A4,110068,642,96
61,C#5,110068,643,96
71,B5,110068,428,96
66,F#5,110496,429,96
71,B5,110496,428,96
66,F#5,110924,428,96
69,A5,110924,429,96
64,E5,111353,214,96
68,G#5,111567,214,96
69,A5,111567,215,96
68,G#5,111782,214,96
61,C#5,111996,428,96
66,F#5,112424,428,96
52,E4,112424,214,96
64,E5,112638,215,96
52,E4,112638,214,96
64,E5,112852,214,96
54,F#4,112852,642,96
66,F#5,113494,643,96
71,B5,113494,428,96
66,F#5,113922,428,96
71,B5,113922,428,96
66,F#5,114350,429,96
69,A5,114350,429,96
68,G#5,114779,214,96
64,E5,114993,214,96
69,A5,114993,214,96
68,G#5,115207,214,96
61,C#5,115421,428,96
66,F#5,115849,429,96
52,E4,115849,214,96
64,E5,116063,214,96
69,A5,116063,214,96
57,A4,116277,215,96
54,F#4,116277,428,96
66,F#5,116705,428,96
62,D5,116705,214,96
66,F#5,116919,214,96
69,A5,116919,215,96
62,D5,117134,214,96
66,F#5,117348,214,96
69,A5,117348,214,96
66,F#5,117562,214,96
66,F#5,117562,214,96
71,B5,117776,215,96
69,A5,117776,214,96
73,C#6,117990,214,96
71,B5,117990,428,96
66,F#5,118418,321,96
69,A5,118739,322,96
62,D5,118739,321,96
69,A5,119060,321,96
62,D5,119060,214,96
66,F#5,119274,214,96
69,A5,119274,215,96
66,F#5,119274,214,96
71,B5,119488,214,96
69,A5,119488,214,96
73,C#6,119702,214,96
66,F#5,119702,428,96
71,B5,120130,429,96
69,A5,120130,428,96
66,F#5,120558,428,96
66,F#5,120558,215,96
62,D5,120773,214,96
69,A5,120987,214,96
66,F#5,120987,214,96
62,D5,121201,214,96
69,A5,121415,214,96
64,E5,121415,214,96
71,B5,121629,215,96
73,C#6,121629,428,96
65,F5,122057,428,96
68,G#5,122057,428,96
68,G#5,122057,214,96
76,E6,122271,215,96
65,F5,122271,1071,96
68,G#5,123342,1071,96
73,C#6,123342,1071,96
61,C#5,123342,1071,96
54,F#4,123342,321,96
49,C#4,123663,321,96
54,F#4,123663,321,96
49,C#4,123984,322,96
49,C#4,123984,214,96
54,F#4,124198,214,96
49,C#4,124198,321,96
56,G#4,124519,322,96
56,G#4,124519,321,96
49,C#4,124840,321,96
49,C#4,124840,214,96
56,G#4,125054,214,96
57,A4,125054,321,96
49,C#4,125375,321,96
54,F#4,125375,321,96
56,G#4,125375,322,96
54,F#4,125375,321,96
57,A4,125696,321,96
54,F#4,125696,214,96
57,A4,125910,214,96
57,A4,125910,321,96
54,F#4,126231,322,96
59,B4,126231,321,96
57,A4,126552,215,96
56,G#4,126767,428,96
61,C#5,127195,428,96
56,G#4,127195,214,96
56,G#4,127409,429,96
57,A4,127838,429,96
56,G#4,128267,214,96
56,G#4,128481,424,96
56,G#4,129124,214,96
52,E4,129338,214,96
57,A4,129552,214,96
56,G#4,129552,215,96
54,F#4,129767,214,96
52,E4,129981,214,96
56,G#4,130195,321,96
52,E4,130516,322,96
56,G#4,130516,321,96
52,E4,130837,321,96
52,E4,130837,214,96
56,G#4,131051,214,96
57,A4,131051,321,96
54,F#4,131372,322,96
57,A4,131372,321,96
54,F#4,131693,321,96
54,F#4,131693,214,96
57,A4,131907,214,96
59,B4,131907,321,96
56,G#4,132228,322,96
56,G#4,132228,321,96
59,B4,132549,321,96
56,G#4,132549,214,96
59,B4,132763,215,96
56,G#4,132763,214,96
59,B4,132977,214,96
61,C#5,132977,214,96
59,B4,133191,214,96
57,A4,133405,429,96
51,D#4,133834,857,96
54,F#4,134691,857,96
61,C#5,134691,214,96
73,C#6,134905,214,96
61,C#5,134905,214,96
73,C#6,135119,215,96
74,D6,135119,428,96
62,D5,135547,428,96
61,C#5,135547,214,96
73,C#6,135761,215,96
73,C#6,135761,214,96
61,C#5,135975,214,96
74,D6,135975,428,96
62,D5,136403,428,96
73,C#6,136403,321,96
61,C#5,136724,322,96
71,B5,136724,321,96
61,C#5,137045,428,96
69,A5,137473,428,96
57,A4,137473,429,96
69,A5,137473,428,96
57,A4,137901,428,96
61,C#5,137901,428,96
57,A4,137901,214,96
61,C#5,138115,214,96
69,A5,138115,215,96
54,F#4,138115,214,96
66,F#5,138329,214,96
68,G#5,138329,214,96
56,G#4,138543,214,96
69,A5,138543,428,96
57,A4,138971,429,96
54,F#4,138971,214,96
61,C#5,139185,214,96
66,F#5,139185,214,96
66,F#5,139185,214,96
54,F#4,139399,214,96
61,C#5,139399,214,96
73,C#6,139399,428,96
61,C#5,139827,428,96
66,F#5,139827,429,96
57,A4,139827,107,96
69,A5,139934,107,96
61,C#5,139934,107,96
63,D#5,140041,107,96
64,E5,140148,108,96
66,F#5,140256,107,96
69,A5,140363,107,96
68,G#5,140470,428,96
56,G#4,140898,428,96
64,E5,140898,428,96
68,G#5,140898,428,96
56,G#4,141326,428,96
64,E5,141326,429,96
56,G#4,141326,214,96
64,E5,141540,214,96
68,G#5,141540,214,96
52,E4,141540,214,96
64,E5,141754,214,96
54,F#4,141754,214,96
66,F#5,141968,215,96
68,G#5,141968,428,96
56,G#4,142396,428,96
59,B4,142396,214,96
64,E5,142610,214,96
52,E4,142610,215,96
52,E4,142610,214,96
64,E5,142824,214,96
71,B5,142824,428,96
59,B4,143252,429,96
56,G#4,143252,107,96
59,B4,143359,107,96
68,G#5,143359,107,96
63,D#5,143359,107,96
64,E5,143466,107,96
66,F#5,143573,107,96
68,G#5,143680,107,96
66,F#5,143787,107,96
68,G#5,143894,321,96
56,G#4,144215,321,96
64,E5,144215,322,96
56,G#4,144215,321,96
64,E5,144536,321,96
68,G#5,144536,321,96
56,G#4,144536,214,96
64,E5,144750,214,96
68,G#5,144750,215,96
69,A5,144750,321,96
57,A4,145071,321,96
61,C#5,145071,321,96
69,A5,145071,321,96
57,A4,145392,321,96
61,C#5,145392,321,96
57,A4,145392,214,96
61,C#5,145606,214,96
69,A5,145606,215,96
71,B5,145606,321,96
59,B4,145927,321,96
64,E5,145927,321,96
59,B4,145927,321,96
64,E5,146248,321,96
71,B5,146248,321,96
59,B4,146248,214,96
64,E5,146462,214,96
71,B5,146462,215,96
59,B4,146462,214,96
71,B5,146676,214,96
61,C#5,146676,214,96
73,C#6,146890,214,96
59,B4,146890,214,96
71,B5,147104,215,96
69,A5,147104,428,96
57,A4,147532,428,96
66,F#5,147532,857,96
54,F#4,148389,857,96
61,C#5,148389,857,96
73,C#6,148389,215,96
73,C#6,148604,214,96
74,D6,148818,428,96
73,C#6,149246,429,96
74,D6,149675,429,96
73,C#6,150104,428,96
73,C#6,150532,214,96
54,F#4,150746,322,96
54,F#4,151068,321,96
54,F#4,151389,429,96
52,E4,151818,214,96
55,G4,152032,429,96
54,F#4,152461,321,96
54,F#4,152782,322,96
54,F#4,153104,428,96
52,E4,153532,214,96
55,G4,153746,429,96
54,F#4,154175,321,96
54,F#4,154496,322,96
54,F#4,154818,428,96
52,E4,155246,215,96
55,G4,155461,428,96
54,F#4,155889,322,96
54,F#4,156211,321,96
54,F#4,156532,429,96
52,E4,156961,214,96
55,G4,157175,429,96
54,F#4,157604,321,96
54,F#4,157925,321,96
54,F#4,158246,429,96
52,E4,158675,214,96
55,G4,158889,429,96
54,F#4,159318,321,96
54,F#4,159639,322,96
54,F#4,159961,428,96
52,E4,160389,215,96
55,G4,160604,428,96
54,F#4,161032,322,96
54,F#4,161354,321,96
54,F#4,161675,429,96
52,E4,162104,214,96
55,G4,162318,428,96
54,F#4,162746,322,96
54,F#4,163068,317,96
57,A4,163604,214,96
56,G#4,163818,210,96
52,E4,164246,215,96
54,F#4,164461,857,96
56,G#4,165318,857,96
54,F#4,166175,857,96
57,A4,167032,857,96
57,A4,167032,321,96
54,F#4,167353,322,96
59,B4,167353,321,96
57,A4,167674,214,96
61,C#5,167888,428,96
56,G#4,168316,429,96
56,G#4,168316,214,96
56,G#4,168530,429,96
57,A4,168959,428,96
56,G#4,169387,215,96
56,G#4,169602,1714,96
52,E4,171316,1714,96
56,G#4,171316,857,96
52,E4,172173,857,96
57,A4,172173,857,96
54,F#4,173030,857,96
56,G#4,173030,857,96
59,B4,173887,857,96
56,G#4,173887,214,96
59,B4,174101,215,96
61,C#5,174101,214,96
59,B4,174315,214,96
57,A4,174529,429,96
54,F#4,174958,857,96
51,D#4,175815,857,96
54,F#4,175815,214,96
54,F#4,176029,214,96
56,G#4,176243,429,96
56,G#4,176672,214,96
56,G#4,176886,215,96
57,A4,177101,428,96
56,G#4,177529,642,96
59,B4,178171,643,96
57,A4,178171,428,96
61,C#5,178599,428,96
69,A5,178599,429,96
69,A5,178599,428,96
57,A4,179027,428,96
61,C#5,179027,428,96
69,A5,179027,214,96
57,A4,179241,214,96
61,C#5,179241,214,96
54,F#4,179241,214,96
66,F#5,179455,215,96
56,G#4,179455,214,96
68,G#5,179669,214,96
69,A5,179669,428,96
57,A4,180097,429,96
66,F#5,180097,214,96
54,F#4,180311,214,96
61,C#5,180311,214,96
61,C#5,180311,214,96
66,F#5,180525,214,96
54,F#4,180525,214,96
73,C#6,180525,428,96
61,C#5,180953,428,96
66,F#5,180953,429,96
57,A4,180953,107,96
69,A5,181060,107,96
61,C#5,181060,107,96
63,D#5,181167,107,96
64,E5,181274,107,96
66,F#5,181381,107,96
69,A5,181488,108,96
68,G#5,181596,428,96
56,G#4,182024,428,96
64,E5,182024,428,96
68,G#5,182024,428,96
56,G#4,182452,428,96
64,E5,182452,429,96
68,G#5,182452,214,96
56,G#4,182666,214,96
64,E5,182666,214,96
52,E4,182666,214,96
64,E5,182880,214,96
54,F#4,182880,214,96
66,F#5,183094,215,96
68,G#5,183094,428,96
56,G#4,183522,428,96
52,E4,183522,214,96
59,B4,183736,214,96
64,E5,183736,214,96
52,E4,183736,214,96
59,B4,183950,214,96
64,E5,183950,215,96
59,B4,183950,428,96
71,B5,184378,428,96
56,G#4,184378,107,96
68,G#5,184485,107,96
63,D#5,184485,108,96
64,E5,184593,107,96
66,F#5,184700,107,96
68,G#5,184807,107,96
66,F#5,184914,107,96
68,G#5,185021,321,96
56,G#4,185342,321,96
64,E5,185342,322,96
68,G#5,185342,321,96
56,G#4,185663,321,96
64,E5,185663,321,96
56,G#4,185663,214,96
64,E5,185877,214,96
68,G#5,185877,214,96
69,A5,185877,321,96
57,A4,186198,321,96
61,C#5,186198,322,96
61,C#5,186198,321,96
69,A5,186519,321,96
57,A4,186519,321,96
57,A4,186519,214,96
61,C#5,186733,214,96
69,A5,186733,214,96
71,B5,186733,321,96
59,B4,187054,321,96
64,E5,187054,322,96
71,B5,187054,321,96
59,B4,187375,321,96
64,E5,187375,321,96
59,B4,187375,214,96
64,E5,187589,214,96
71,B5,187589,215,96
71,B5,187589,214,96
59,B4,187803,214,96
61,C#5,187803,214,96
73,C#6,188017,214,96
59,B4,188017,214,96
71,B5,188231,214,96
69,A5,188231,428,96
57,A4,188659,429,96
61,C#5,188659,857,96
66,F#5,189516,857,96
54,F#4,189516,857,96
73,C#6,189516,214,96
73,C#6,189730,215,96
74,D6,189945,428,96
73,C#6,190373,429,96
74,D6,190802,428,96
73,C#6,191230,429,96
73,C#6,191659,214,96
54,F#4,191873,103,96
61,C#5,192088,102,96
61,C#5,192302,103,96
61,C#5,192516,214,96
62,D5,192730,215,96
61,C#5,192945,214,96
59,B4,193159,214,96
61,C#5,193373,215,96
57,A4,193588,102,96
57,A4,193802,103,96
57,A4,194016,103,96
61,C#5,194230,215,96
54,F#4,194445,857,96
54,F#4,195302,103,96
61,C#5,195516,103,96
61,C#5,195730,103,96
61,C#5,195945,102,96
62,D5,196159,214,96
61,C#5,196373,215,96
59,B4,196588,214,96
61,C#5,196802,214,96
57,A4,197016,103,96
57,A4,197230,103,96
57,A4,197445,102,96
61,C#5,197659,214,96
54,F#4,197873,857,96
66,F#5,198730,214,96
54,F#4,198944,215,96
61,C#5,198944,214,96
73,C#6,199158,214,96
61,C#5,199158,214,96
73,C#6,199372,214,96
61,C#5,199372,214,96
73,C#6,199586,215,96
74,D6,199586,214,96
62,D5,199800,214,96
61,C#5,199800,214,96
73,C#6,200014,214,96
59,B4,200014,214,96
71,B5,200228,214,96
61,C#5,200228,214,96
73,C#6,200442,215,96
57,A4,200442,214,96
69,A5,200656,214,96
69,A5,200656,214,96
57,A4,200870,214,96
57,A4,200870,214,96
69,A5,201084,215,96
61,C#5,201084,214,96
73,C#6,201298,214,96
66,F#5,201298,857,96
54,F#4,202155,857,96
66,F#5,202155,214,96
54,F#4,202369,214,96
61,C#5,202369,214,96
73,C#6,202583,215,96
61,C#5,202583,214,96
73,C#6,202797,214,96
61,C#5,202797,214,96
73,C#6,203011,214,96
62,D5,203011,214,96
74,D6,203225,214,96
73,C#6,203225,214,96
61,C#5,203439,215,96
59,B4,203439,214,96
71,B5,203653,214,96
61,C#5,203653,214,96
73,C#6,203867,214,96
57,A4,203867,214,96
69,A5,204081,215,96
69,A5,204081,214,96
57,A4,204295,214,96
57,A4,204295,214,96
69,A5,204509,214,96
61,C#5,204509,214,96
73,C#6,204723,214,96
66,F#5,204723,3424,96
54,F#4,208147,3424,96
--end--
42,F#3,0,214,96
42,F#3,214,428,96
45,A3,642,428,96
42,F#3,642,214,96
45,A3,856,215,96
42,F#3,856,214,96
45,A3,1070,214,96
42,F#3,1070,428,96
45,A3,1498,428,96
42,F#3,1498,214,96
45,A3,1712,215,96
42,F#3,1712,214,96
45,A3,1926,214,96
42,F#3,1926,428,96
45,A3,2354,429,96
42,F#3,2354,214,96
45,A3,2568,214,96
42,F#3,2568,214,96
45,A3,2782,214,96
42,F#3,2782,428,96
45,A3,3210,429,96
42,F#3,3210,214,96
45,A3,3424,214,96
40,E3,3424,214,96
44,G#3,3638,214,96
49,C#4,3638,214,96
40,E3,3638,428,96
44,G#3,4066,428,96
49,C#4,4066,429,96
40,E3,4066,214,96
44,G#3,4280,214,96
49,C#4,4280,214,96
40,E3,4280,214,96
44,G#3,4494,214,96
49,C#4,4494,214,96
40,E3,4494,428,96
44,G#3,4922,428,96
49,C#4,4922,429,96
40,E3,4922,214,96
44,G#3,5136,214,96
49,C#4,5136,214,96
40,E3,5136,214,96
44,G#3,5350,214,96
49,C#4,5350,215,96
44,G#3,5350,428,96
49,C#4,5778,428,96
40,E3,5778,428,96
40,E3,5778,214,96
44,G#3,5992,214,96
49,C#4,5992,214,96
40,E3,5992,214,96
44,G#3,6206,214,96
49,C#4,6206,215,96
40,E3,6206,428,96
44,G#3,6634,428,96
49,C#4,6634,428,96
40,E3,6634,214,96
44,G#3,6848,214,96
49,C#4,6848,215,96
40,E3,6848,214,96
44,G#3,7062,214,96
47,B3,7062,214,96
40,E3,7062,428,96
44,G#3,7490,428,96
47,B3,7490,428,96
40,E3,7490,214,96
44,G#3,7704,214,96
47,B3,7704,215,96
47,B3,7704,214,96
40,E3,7918,214,96
44,G#3,7918,214,96
40,E3,7918,428,96
44,G#3,8346,428,96
47,B3,8346,429,96
40,E3,8346,214,96
44,G#3,8560,214,96
47,B3,8560,214,96
40,E3,8560,214,96
44,G#3,8774,214,96
47,B3,8774,214,96
40,E3,8774,428,96
44,G#3,9202,428,96
47,B3,9202,429,96
40,E3,9202,214,96
44,G#3,9416,214,96
47,B3,9416,214,96
40,E3,9416,214,96
44,G#3,9630,214,96
47,B3,9630,214,96
40,E3,9630,428,96
44,G#3,10058,428,96
47,B3,10058,429,96
40,E3,10058,214,96
44,G#3,10272,214,96
47,B3,10272,214,96
39,D#3,10272,214,96
42,F#3,10486,214,96
47,B3,10486,214,96
39,D#3,10486,428,96
42,F#3,10914,428,96
47,B3,10914,429,96
39,D#3,10914,214,96
42,F#3,11128,214,96
47,B3,11128,214,96
39,D#3,11128,214,96
42,F#3,11342,214,96
47,B3,11342,215,96
39,D#3,11342,428,96
42,F#3,11770,428,96
47,B3,11770,428,96
39,D#3,11770,214,96
42,F#3,11984,214,96
47,B3,11984,214,96
44,G#3,11984,214,96
49,C#4,12198,214,96
41,F3,12198,215,96
41,F3,12198,428,96
44,G#3,12626,428,96
49,C#4,12626,428,96
41,F3,12626,214,96
44,G#3,12840,214,96
49,C#4,12840,215,96
41,F3,12840,214,96
44,G#3,13054,214,96
49,C#4,13054,214,96
41,F3,13054,642,96
44,G#3,13696,642,96
49,C#4,13696,643,96
18,F#1,13696,214,96
30,F#2,13910,214,96
42,F#3,14124,214,96
54,F#4,14338,215,96
42,F#3,14338,214,96
54,F#4,14552,214,96
18,F#1,14552,214,96
30,F#2,14766,214,96
42,F#3,14980,214,96
54,F#4,15194,215,96
42,F#3,15194,214,96
54,F#4,15408,214,96
18,F#1,15408,214,96
30,F#2,15622,215,96
42,F#3,15837,214,96
54,F#4,16051,214,96
42,F#3,16051,214,96
54,F#4,16265,214,96
18,F#1,16265,214,96
30,F#2,16479,215,96
42,F#3,16694,214,96
54,F#4,16908,214,96
42,F#3,16908,214,96
54,F#4,17122,214,96
18,F#1,17122,215,96
30,F#2,17337,214,96
42,F#3,17551,214,96
54,F#4,17765,214,96
42,F#3,17765,214,96
54,F#4,17979,214,96
18,F#1,17979,215,96
30,F#2,18194,214,96
54,F#4,18408,214,96
42,F#3,18622,214,96
42,F#3,18622,214,96
54,F#4,18836,215,96
18,F#1,18836,214,96
30,F#2,19050,214,96
42,F#3,19264,214,96
54,F#4,19478,214,96
42,F#3,19478,214,96
54,F#4,19692,215,96
18,F#1,19692,214,96
30,F#2,19906,214,96
42,F#3,20120,214,96
54,F#4,20334,215,96
42,F#3,20334,214,96
54,F#4,20548,214,96
18,F#1,20548,214,96
30,F#2,20762,214,96
42,F#3,20976,214,96
54,F#4,21190,215,96
42,F#3,21190,214,96
54,F#4,21404,214,96
18,F#1,21404,214,96
30,F#2,21618,215,96
42,F#3,21833,214,96
54,F#4,22047,214,96
42,F#3,22047,214,96
54,F#4,22261,214,96
18,F#1,22261,214,96
30,F#2,22475,215,96
42,F#3,22690,214,96
54,F#4,22904,214,96
42,F#3,22904,214,96
54,F#4,23118,214,96
18,F#1,23118,215,96
30,F#2,23333,214,96
42,F#3,23547,214,96
54,F#4,23761,214,96
42,F#3,23761,214,96
54,F#4,23975,214,96
18,F#1,23975,215,96
30,F#2,24190,214,96
42,F#3,24404,214,96
54,F#4,24618,214,96
42,F#3,24618,214,96
54,F#4,24832,215,96
18,F#1,24832,214,96
30,F#2,25046,214,96
42,F#3,25260,214,96
54,F#4,25474,214,96
42,F#3,25474,214,96
54,F#4,25688,215,96
18,F#1,25688,214,96
30,F#2,25902,214,96
42,F#3,26116,214,96
54,F#4,26330,215,96
42,F#3,26330,214,96
54,F#4,26544,214,96
18,F#1,26544,214,96
30,F#2,26758,214,96
42,F#3,26972,428,96
54,F#4,27400,429,96
30,F#2,27400,214,96
42,F#3,27614,214,96
45,A3,27828,214,96
49,C#4,27828,215,96
30,F#2,27828,214,96
42,F#3,28042,214,96
45,A3,28256,214,96
49,C#4,28256,214,96
30,F#2,28256,214,96
42,F#3,28470,214,96
45,A3,28684,214,96
49,C#4,28684,215,96
30,F#2,28684,214,96
42,F#3,28898,214,96
45,A3,29112,214,96
49,C#4,29112,214,96
30,F#2,29112,215,96
42,F#3,29327,214,96
45,A3,29541,214,96
49,C#4,29541,214,96
30,F#2,29541,214,96
42,F#3,29755,214,96
45,A3,29969,214,96
49,C#4,29969,214,96
30,F#2,29969,215,96
42,F#3,30184,214,96
45,A3,30398,214,96
49,C#4,30398,214,96
30,F#2,30398,214,96
45,A3,30612,214,96
49,C#4,30826,214,96
42,F#3,30826,215,96
30,F#2,30826,214,96
42,F#3,31040,214,96
45,A3,31254,214,96
49,C#4,31254,214,96
30,F#2,31254,214,96
42,F#3,31468,214,96
45,A3,31682,214,96
49,C#4,31682,215,96
30,F#2,31682,214,96
42,F#3,31896,214,96
45,A3,32110,214,96
49,C#4,32110,214,96
30,F#2,32110,215,96
42,F#3,32325,214,96
45,A3,32539,214,96
49,C#4,32539,214,96
30,F#2,32539,214,96
42,F#3,32753,214,96
45,A3,32967,214,96
49,C#4,32967,214,96
30,F#2,32967,215,96
49,C#4,33182,214,96
42,F#3,33396,214,96
45,A3,33396,214,96
30,F#2,33396,214,96
42,F#3,33610,214,96
45,A3,33824,214,96
49,C#4,33824,215,96
30,F#2,33824,214,96
42,F#3,34038,214,96
45,A3,34252,214,96
49,C#4,34252,214,96
26,D2,34252,214,96
38,D3,34466,214,96
42,F#3,34680,214,96
45,A3,34680,215,96
26,D2,34680,214,96
38,D3,34894,214,96
42,F#3,35108,214,96
45,A3,35108,214,96
26,D2,35108,215,96
38,D3,35323,214,96
42,F#3,35537,214,96
45,A3,35537,214,96
26,D2,35537,214,96
38,D3,35751,214,96
42,F#3,35965,214,96
45,A3,35965,214,96
26,D2,35965,215,96
38,D3,36180,214,96
42,F#3,36394,214,96
45,A3,36394,214,96
26,D2,36394,214,96
38,D3,36608,214,96
42,F#3,36822,214,96
45,A3,36822,215,96
26,D2,36822,214,96
38,D3,37036,214,96
42,F#3,37250,214,96
45,A3,37250,214,96
26,D2,37250,214,96
38,D3,37464,214,96
42,F#3,37678,214,96
45,A3,37678,215,96
23,B1,37678,214,96
35,B2,37892,214,96
38,D3,38106,214,96
42,F#3,38106,214,96
23,B1,38106,215,96
35,B2,38321,214,96
38,D3,38535,214,96
42,F#3,38535,214,96
23,B1,38535,214,96
35,B2,38749,214,96
38,D3,38963,214,96
42,F#3,38963,214,96
23,B1,38963,215,96
35,B2,39178,214,96
38,D3,39392,214,96
42,F#3,39392,214,96
25,C#2,39392,214,96
37,C#3,39606,214,96
41,F3,39820,214,96
44,G#3,39820,215,96
25,C#2,39820,214,96
37,C#3,40034,214,96
41,F3,40248,214,96
44,G#3,40248,214,96
25,C#2,40248,214,96
41,F3,40462,214,96
44,G#3,40676,214,96
37,C#3,40676,215,96
25,C#2,40676,214,96
37,C#3,40890,214,96
41,F3,41104,214,96
44,G#3,41104,214,96
30,F#2,41104,215,96
42,F#3,41319,214,96
42,F#3,41533,214,96
45,A3,41747,214,96
49,C#4,41747,214,96
49,C#4,41747,214,96
30,F#2,41961,215,96
42,F#3,42176,214,96
42,F#3,42390,214,96
45,A3,42604,214,96
49,C#4,42604,214,96
49,C#4,42604,215,96
30,F#2,42819,214,96
42,F#3,43033,214,96
42,F#3,43247,214,96
45,A3,43461,214,96
49,C#4,43461,214,96
49,C#4,43461,215,96
30,F#2,43676,214,96
42,F#3,43890,214,96
42,F#3,44104,214,96
45,A3,44318,214,96
49,C#4,44318,215,96
49,C#4,44318,214,96
30,F#2,44532,214,96
42,F#3,44746,214,96
42,F#3,44960,214,96
45,A3,45174,214,96
49,C#4,45174,215,96
49,C#4,45174,214,96
30,F#2,45388,214,96
42,F#3,45602,215,96
42,F#3,45817,214,96
45,A3,46031,214,96
49,C#4,46031,214,96
49,C#4,46031,214,96
30,F#2,46245,214,96
42,F#3,46459,215,96
42,F#3,46674,214,96
45,A3,46888,214,96
49,C#4,46888,214,96
49,C#4,46888,214,96
30,F#2,47102,215,96
42,F#3,47317,214,96
42,F#3,47531,214,96
45,A3,47745,214,96
49,C#4,47745,214,96
49,C#4,47745,214,96
14,D1,47959,215,96
26,D2,48174,214,96
38,D3,48388,214,96
42,F#3,48602,214,96
45,A3,48602,214,96
45,A3,48602,215,96
14,D1,48817,214,96
26,D2,49031,214,96
38,D3,49245,214,96
42,F#3,49459,214,96
45,A3,49459,214,96
45,A3,49459,215,96
14,D1,49674,214,96
26,D2,49888,214,96
42,F#3,50102,214,96
45,A3,50316,214,96
38,D3,50316,215,96
45,A3,50316,214,96
14,D1,50530,214,96
26,D2,50744,214,96
38,D3,50958,214,96
42,F#3,51172,214,96
45,A3,51172,215,96
45,A3,51172,214,96
23,B1,51386,214,96
35,B2,51600,215,96
38,D3,51815,214,96
42,F#3,52029,214,96
42,F#3,52029,214,96
23,B1,52243,214,96
35,B2,52457,215,96
38,D3,52672,214,96
42,F#3,52886,214,96
42,F#3,52886,214,96
25,C#2,53100,215,96
37,C#3,53315,214,96
41,F3,53529,214,96
44,G#3,53743,214,96
54,F#4,53743,214,96
57,A4,53957,215,96
56,G#4,54172,214,96
54,F#4,54386,214,96
52,E4,54600,215,96
30,F#2,54815,214,96
42,F#3,55029,214,96
45,A3,55029,214,96
49,C#4,55243,214,96
45,A3,55457,215,96
37,C#3,55672,214,96
42,F#3,55886,214,96
45,A3,55886,214,96
49,C#4,56100,215,96
45,A3,56315,214,96
30,F#2,56529,214,96
42,F#3,56743,214,96
42,F#3,56743,214,96
45,A3,56957,215,96
42,F#3,57172,214,96
37,C#3,57386,214,96
42,F#3,57600,214,96
45,A3,57600,215,96
49,C#4,57815,214,96
30,F#2,58029,214,96
45,A3,58243,214,96
28,E2,58243,214,96
40,E3,58457,214,96
44,G#3,58457,215,96
49,C#4,58672,214,96
44,G#3,58886,214,96
32,G#2,59100,214,96
40,E3,59314,215,96
44,G#3,59314,214,96
49,C#4,59528,214,96
44,G#3,59742,214,96
40,E3,59956,215,96
44,G#3,60171,214,96
49,C#4,60385,214,96
44,G#3,60599,215,96
32,G#2,60814,214,96
40,E3,61028,214,96
44,G#3,61028,214,96
30,F#2,61242,214,96
44,G#3,61456,215,96
28,E2,61671,214,96
40,E3,61885,214,96
44,G#3,61885,214,96
47,B3,62099,215,96
44,G#3,62314,214,96
28,E2,62528,214,96
35,B2,62742,214,96
44,G#3,62742,214,96
47,B3,62956,215,96
44,G#3,63171,214,96
28,E2,63385,214,96
40,E3,63599,214,96
44,G#3,63599,215,96
47,B3,63814,214,96
44,G#3,64028,214,96
28,E2,64242,214,96
35,B2,64456,214,96
44,G#3,64456,215,96
47,B3,64671,214,96
44,G#3,64885,214,96
39,D#3,65099,215,96
42,F#3,65314,214,96
47,B3,65528,214,96
42,F#3,65742,214,96
39,D#3,65956,214,96
27,D#2,66170,215,96
42,F#3,66170,214,96
39,D#3,66384,214,96
47,B3,66598,214,96
42,F#3,66598,215,96
29,F2,66813,214,96
41,F3,67027,214,96
44,G#3,67027,214,96
44,G#3,67027,214,96
49,C#4,67241,214,96
44,G#3,67455,215,96
29,F2,67670,214,96
41,F3,67884,214,96
44,G#3,67884,214,96
49,C#4,68098,215,96
44,G#3,68313,214,96
30,F#2,68527,214,96
42,F#3,68741,214,96
45,A3,68741,214,96
49,C#4,68955,215,96
45,A3,69170,214,96
37,C#3,69384,214,96
42,F#3,69598,214,96
45,A3,69598,215,96
49,C#4,69813,214,96
45,A3,70027,214,96
30,F#2,70241,214,96
42,F#3,70455,214,96
45,A3,70455,215,96
49,C#4,70670,214,96
45,A3,70884,214,96
37,C#3,71098,214,96
42,F#3,71312,215,96
45,A3,71312,214,96
49,C#4,71526,214,96
33,A2,71740,214,96
45,A3,71954,214,96
28,E2,71954,214,96
40,E3,72168,215,96
44,G#3,72168,214,96
49,C#4,72382,214,96
44,G#3,72596,215,96
32,G#2,72811,214,96
40,E3,73025,214,96
44,G#3,73025,214,96
49,C#4,73239,214,96
44,G#3,73453,215,96
28,E2,73668,214,96
40,E3,73882,214,96
44,G#3,73882,214,96
49,C#4,74096,215,96
44,G#3,74311,214,96
32,G#2,74525,214,96
40,E3,74739,214,96
44,G#3,74739,214,96
49,C#4,74953,215,96
44,G#3,75168,214,96
28,E2,75382,214,96
35,B2,75596,214,96
44,G#3,75596,215,96
47,B3,75811,214,96
44,G#3,76025,214,96
35,B2,76239,214,96
40,E3,76453,214,96
44,G#3,76453,215,96
47,B3,76668,214,96
44,G#3,76882,214,96
28,E2,77096,214,96
40,E3,77310,215,96
44,G#3,77310,214,96
47,B3,77524,214,96
44,G#3,77738,214,96
35,B2,77952,214,96
40,E3,78166,215,96
44,G#3,78166,214,96
47,B3,78380,214,96
44,G#3,78594,215,96
39,D#3,78809,214,96
42,F#3,79023,214,96
47,B3,79237,214,96
42,F#3,79451,215,96
27,D#2,79666,214,96
39,D#3,79880,214,96
42,F#3,79880,214,96
47,B3,80094,215,96
42,F#3,80309,214,96
29,F2,80523,214,96
41,F3,80737,214,96
44,G#3,80737,214,96
49,C#4,80951,215,96
44,G#3,81166,214,96
41,F3,81380,214,96
29,F2,81594,214,96
44,G#3,81594,215,96
37,C#3,81809,214,96
49,C#4,82023,214,96
44,G#3,82023,214,96
18,F#1,82237,214,96
30,F#2,82451,215,96
42,F#3,82666,214,96
54,F#4,82880,214,96
42,F#3,82880,214,96
54,F#4,83094,214,96
18,F#1,83094,215,96
30,F#2,83309,214,96
42,F#3,83523,214,96
54,F#4,83737,214,96
42,F#3,83737,214,96
54,F#4,83951,214,96
18,F#1,83951,215,96
30,F#2,84166,214,96
42,F#3,84380,214,96
54,F#4,84594,214,96
42,F#3,84594,214,96
54,F#4,84808,215,96
18,F#1,84808,214,96
30,F#2,85022,214,96
42,F#3,85236,214,96
54,F#4,85450,214,96
42,F#3,85450,214,96
54,F#4,85664,215,96
18,F#1,85664,214,96
30,F#2,85878,214,96
42,F#3,86092,214,96
54,F#4,86306,215,96
42,F#3,86306,214,96
54,F#4,86520,214,96
18,F#1,86520,214,96
30,F#2,86734,214,96
42,F#3,86948,214,96
54,F#4,87162,215,96
42,F#3,87162,214,96
54,F#4,87376,214,96
18,F#1,87376,214,96
30,F#2,87590,215,96
42,F#3,87805,214,96
54,F#4,88019,214,96
54,F#4,88019,214,96
42,F#3,88233,214,96
18,F#1,88233,214,96
30,F#2,88447,215,96
42,F#3,88662,214,96
54,F#4,88876,214,96
42,F#3,88876,214,96
54,F#4,89090,214,96
18,F#1,89090,215,96
30,F#2,89305,214,96
42,F#3,89519,214,96
54,F#4,89733,214,96
42,F#3,89733,214,96
54,F#4,89947,214,96
18,F#1,89947,215,96
30,F#2,90162,214,96
42,F#3,90376,214,96
54,F#4,90590,214,96
42,F#3,90590,214,96
54,F#4,90804,215,96
18,F#1,90804,214,96
30,F#2,91018,214,96
42,F#3,91232,214,96
54,F#4,91446,214,96
42,F#3,91446,214,96
54,F#4,91660,215,96
18,F#1,91660,214,96
30,F#2,91874,214,96
42,F#3,92088,214,96
54,F#4,92302,215,96
42,F#3,92302,214,96
54,F#4,92516,214,96
18,F#1,92516,214,96
30,F#2,92730,214,96
42,F#3,92944,214,96
54,F#4,93158,215,96
42,F#3,93158,214,96
54,F#4,93372,214,96
18,F#1,93372,214,96
30,F#2,93586,215,96
42,F#3,93801,214,96
54,F#4,94015,214,96
42,F#3,94015,214,96
54,F#4,94229,214,96
18,F#1,94229,214,96
30,F#2,94443,215,96
54,F#4,94658,214,96
42,F#3,94872,214,96
42,F#3,94872,214,96
54,F#4,95086,214,96
18,F#1,95086,215,96
30,F#2,95301,214,96
42,F#3,95515,428,96
54,F#4,95943,428,96
30,F#2,95943,215,96
42,F#3,96158,214,96
45,A3,96372,214,96
49,C#4,96372,214,96
30,F#2,96372,214,96
45,A3,96586,214,96
49,C#4,96800,214,96
42,F#3,96800,215,96
30,F#2,96800,214,96
42,F#3,97014,214,96
45,A3,97228,214,96
49,C#4,97228,214,96
30,F#2,97228,214,96
42,F#3,97442,214,96
45,A3,97656,214,96
49,C#4,97656,215,96
30,F#2,97656,214,96
45,A3,97870,214,96
49,C#4,98084,214,96
42,F#3,98084,214,96
30,F#2,98084,215,96
42,F#3,98299,214,96
45,A3,98513,214,96
49,C#4,98513,214,96
30,F#2,98513,214,96
42,F#3,98727,214,96
45,A3,98941,214,96
49,C#4,98941,214,96
30,F#2,98941,215,96
45,A3,99156,214,96
49,C#4,99370,214,96
42,F#3,99370,214,96
30,F#2,99370,214,96
42,F#3,99584,214,96
45,A3,99798,214,96
49,C#4,99798,215,96
30,F#2,99798,214,96
45,A3,100012,214,96
49,C#4,100226,214,96
42,F#3,100226,214,96
30,F#2,100226,214,96
45,A3,100440,214,96
49,C#4,100654,214,96
42,F#3,100654,215,96
30,F#2,100654,214,96
42,F#3,100868,214,96
45,A3,101082,214,96
49,C#4,101082,214,96
30,F#2,101082,215,96
42,F#3,101297,214,96
45,A3,101511,214,96
49,C#4,101511,214,96
30,F#2,101511,214,96
45,A3,101725,214,96
49,C#4,101939,214,96
42,F#3,101939,214,96
30,F#2,101939,215,96
42,F#3,102154,214,96
45,A3,102368,214,96
49,C#4,102368,214,96
30,F#2,102368,214,96
49,C#4,102582,214,96
42,F#3,102796,214,96
45,A3,102796,215,96
26,D2,102796,214,96
42,F#3,103010,214,96
45,A3,103224,214,96
38,D3,103224,214,96
26,D2,103224,214,96
38,D3,103438,214,96
42,F#3,103652,214,96
45,A3,103652,215,96
26,D2,103652,214,96
38,D3,103866,214,96
42,F#3,104080,214,96
45,A3,104080,214,96
26,D2,104080,215,96
42,F#3,104295,214,96
45,A3,104509,214,96
38,D3,104509,214,96
26,D2,104509,214,96
38,D3,104723,214,96
42,F#3,104937,214,96
45,A3,104937,214,96
26,D2,104937,215,96
38,D3,105152,214,96
42,F#3,105366,214,96
45,A3,105366,214,96
26,D2,105366,214,96
42,F#3,105580,214,96
45,A3,105794,214,96
38,D3,105794,215,96
26,D2,105794,214,96
38,D3,106008,214,96
42,F#3,106222,214,96
45,A3,106222,214,96
23,B1,106222,214,96
35,B2,106436,214,96
38,D3,106650,214,96
42,F#3,106650,215,96
23,B1,106650,214,96
38,D3,106864,214,96
42,F#3,107078,214,96
35,B2,107078,214,96
23,B1,107078,215,96
35,B2,107293,214,96
38,D3,107507,214,96
42,F#3,107507,214,96
23,B1,107507,214,96
35,B2,107721,214,96
38,D3,107935,214,96
42,F#3,107935,214,96
25,C#2,107935,215,96
41,F3,108150,214,96
44,G#3,108364,214,96
37,C#3,108364,214,96
25,C#2,108364,214,96
37,C#3,108578,214,96
41,F3,108792,214,96
44,G#3,108792,215,96
25,C#2,108792,214,96
37,C#3,109006,214,96
41,F3,109220,214,96
44,G#3,109220,214,96
25,C#2,109220,214,96
41,F3,109434,214,96
44,G#3,109648,214,96
37,C#3,109648,215,96
30,F#2,109648,214,96
42,F#3,109862,214,96
49,C#4,110076,214,96
42,F#3,110290,214,96
45,A3,110290,215,96
49,C#4,110290,214,96
30,F#2,110504,214,96
42,F#3,110718,214,96
42,F#3,110932,214,96
45,A3,111146,214,96
49,C#4,111146,215,96
49,C#4,111146,214,96
30,F#2,111360,214,96
42,F#3,111574,215,96
42,F#3,111789,214,96
45,A3,112003,214,96
49,C#4,112003,214,96
49,C#4,112003,214,96
30,F#2,112217,214,96
42,F#3,112431,215,96
42,F#3,112646,214,96
45,A3,112860,214,96
49,C#4,112860,214,96
49,C#4,112860,214,96
30,F#2,113074,215,96
42,F#3,113289,214,96
42,F#3,113503,214,96
45,A3,113717,214,96
49,C#4,113717,214,96
49,C#4,113717,214,96
30,F#2,113931,215,96
42,F#3,114146,214,96
42,F#3,114360,214,96
45,A3,114574,214,96
49,C#4,114574,214,96
49,C#4,114574,215,96
30,F#2,114789,214,96
42,F#3,115003,214,96
42,F#3,115217,214,96
45,A3,115431,214,96
49,C#4,115431,214,96
49,C#4,115431,215,96
30,F#2,115646,214,96
42,F#3,115860,214,96
42,F#3,116074,214,96
45,A3,116288,214,96
49,C#4,116288,215,96
49,C#4,116288,214,96
14,D1,116502,214,96
26,D2,116716,214,96
38,D3,116930,214,96
42,F#3,117144,214,96
45,A3,117144,215,96
45,A3,117144,214,96
14,D1,117358,214,96
26,D2,117572,215,96
38,D3,117787,214,96
42,F#3,118001,214,96
45,A3,118001,214,96
45,A3,118001,214,96
14,D1,118215,214,96
26,D2,118429,215,96
38,D3,118644,214,96
42,F#3,118858,214,96
45,A3,118858,214,96
45,A3,118858,214,96
14,D1,119072,215,96
26,D2,119287,214,96
38,D3,119501,214,96
42,F#3,119715,214,96
45,A3,119715,214,96
45,A3,119715,214,96
23,B1,119929,215,96
35,B2,120144,214,96
38,D3,120358,214,96
42,F#3,120572,214,96
42,F#3,120572,215,96
23,B1,120787,214,96
35,B2,121001,214,96
38,D3,121215,214,96
42,F#3,121429,214,96
42,F#3,121429,215,96
25,C#2,121644,214,96
37,C#3,121858,214,96
41,F3,122072,214,96
44,G#3,122286,215,96
54,F#4,122286,214,96
57,A4,122500,214,96
56,G#4,122714,214,96
54,F#4,122928,215,96
52,E4,123143,214,96
30,F#2,123357,214,96
42,F#3,123571,214,96
45,A3,123571,215,96
49,C#4,123786,214,96
45,A3,124000,214,96
37,C#3,124214,214,96
42,F#3,124428,214,96
45,A3,124428,215,96
49,C#4,124643,214,96
45,A3,124857,214,96
30,F#2,125071,214,96
42,F#3,125285,215,96
42,F#3,125285,214,96
45,A3,125499,214,96
42,F#3,125713,214,96
37,C#3,125927,214,96
42,F#3,126141,215,96
45,A3,126141,214,96
49,C#4,126355,214,96
30,F#2,126569,214,96
45,A3,126783,215,96
28,E2,126783,214,96
40,E3,126997,214,96
44,G#3,126997,214,96
49,C#4,127211,214,96
44,G#3,127425,215,96
40,E3,127640,214,96
32,G#2,127854,214,96
44,G#3,127854,214,96
49,C#4,128068,215,96
44,G#3,128283,214,96
40,E3,128497,214,96
44,G#3,128711,214,96
49,C#4,128925,215,96
44,G#3,129140,214,96
32,G#2,129354,214,96
40,E3,129568,214,96
44,G#3,129568,215,96
30,F#2,129783,214,96
44,G#3,129997,214,96
28,E2,130211,214,96
40,E3,130425,214,96
44,G#3,130425,215,96
47,B3,130640,214,96
44,G#3,130854,214,96
28,E2,131068,214,96
35,B2,131282,215,96
44,G#3,131282,214,96
47,B3,131496,214,96
44,G#3,131710,214,96
28,E2,131924,214,96
40,E3,132138,215,96
44,G#3,132138,214,96
47,B3,132352,214,96
44,G#3,132566,215,96
28,E2,132781,214,96
35,B2,132995,214,96
44,G#3,132995,214,96
47,B3,133209,214,96
44,G#3,133423,215,96
39,D#3,133638,214,96
42,F#3,133852,214,96
47,B3,134066,215,96
42,F#3,134281,214,96
27,D#2,134495,214,96
39,D#3,134709,214,96
42,F#3,134709,214,96
39,D#3,134923,214,96
47,B3,135137,215,96
42,F#3,135137,214,96
29,F2,135351,214,96
41,F3,135565,214,96
44,G#3,135565,214,96
44,G#3,135565,215,96
49,C#4,135780,214,96
44,G#3,135994,214,96
29,F2,136208,214,96
41,F3,136422,214,96
44,G#3,136422,215,96
49,C#4,136637,214,96
44,G#3,136851,214,96
30,F#2,137065,214,96
42,F#3,137279,215,96
45,A3,137279,214,96
49,C#4,137493,214,96
45,A3,137707,214,96
37,C#3,137921,214,96
42,F#3,138135,215,96
45,A3,138135,214,96
49,C#4,138349,214,96
45,A3,138563,215,96
30,F#2,138778,214,96
42,F#3,138992,214,96
45,A3,138992,214,96
49,C#4,139206,214,96
45,A3,139420,215,96
37,C#3,139635,214,96
42,F#3,139849,214,96
45,A3,139849,214,96
49,C#4,140063,215,96
33,A2,140278,214,96
45,A3,140492,214,96
28,E2,140492,214,96
40,E3,140706,214,96
44,G#3,140706,214,96
49,C#4,140920,215,96
44,G#3,141135,214,96
32,G#2,141349,214,96
40,E3,141563,214,96
44,G#3,141563,214,96
49,C#4,141777,215,96
44,G#3,141992,214,96
28,E2,142206,214,96
40,E3,142420,214,96
44,G#3,142420,215,96
49,C#4,142635,214,96
44,G#3,142849,214,96
32,G#2,143063,214,96
40,E3,143277,215,96
44,G#3,143277,214,96
49,C#4,143491,214,96
44,G#3,143705,214,96
28,E2,143919,214,96
35,B2,144133,215,96
44,G#3,144133,214,96
47,B3,144347,214,96
44,G#3,144561,215,96
35,B2,144776,214,96
40,E3,144990,214,96
44,G#3,144990,214,96
47,B3,145204,214,96
44,G#3,145418,215,96
28,E2,145633,214,96
40,E3,145847,214,96
44,G#3,145847,214,96
47,B3,146061,214,96
44,G#3,146275,215,96
35,B2,146490,214,96
40,E3,146704,214,96
44,G#3,146704,214,96
47,B3,146918,215,96
44,G#3,147133,214,96
39,D#3,147347,214,96
42,F#3,147561,214,96
47,B3,147775,215,96
42,F#3,147990,214,96
27,D#2,148204,214,96
39,D#3,148418,214,96
42,F#3,148418,215,96
47,B3,148633,214,96
42,F#3,148847,214,96
29,F2,149061,214,96
41,F3,149275,214,96
44,G#3,149275,215,96
49,C#4,149490,214,96
44,G#3,149704,214,96
29,F2,149918,214,96
41,F3,150132,215,96
44,G#3,150132,214,96
37,C#3,150346,214,96
49,C#4,150560,214,96
44,G#3,150560,214,96
18,F#1,150774,215,96
30,F#2,150989,214,96
42,F#3,151203,214,96
42,F#3,151417,215,96
18,F#1,151632,214,96
30,F#2,151846,214,96
42,F#3,152060,214,96
54,F#4,152274,214,96
42,F#3,152274,214,96
54,F#4,152488,215,96
18,F#1,152488,214,96
30,F#2,152702,214,96
42,F#3,152916,215,96
42,F#3,153131,214,96
18,F#1,153345,214,96
30,F#2,153559,214,96
42,F#3,153773,428,96
49,C#4,154201,428,96
54,F#4,154201,429,96
18,F#1,154201,214,96
30,F#2,154415,215,96
42,F#3,154630,214,96
42,F#3,154844,214,96
18,F#1,155058,214,96
30,F#2,155272,215,96
42,F#3,155487,214,96
42,F#3,155701,214,96
18,F#1,155915,215,96
30,F#2,156130,214,96
42,F#3,156344,214,96
42,F#3,156558,214,96
18,F#1,156772,215,96
30,F#2,156987,214,96
42,F#3,157201,428,96
49,C#4,157629,428,96
54,F#4,157629,429,96
18,F#1,157629,214,96
30,F#2,157843,214,96
42,F#3,158057,214,96
42,F#3,158271,215,96
18,F#1,158486,214,96
30,F#2,158700,214,96
42,F#3,158914,215,96
42,F#3,159129,214,96
18,F#1,159343,214,96
30,F#2,159557,214,96
42,F#3,159771,215,96
42,F#3,159986,214,96
18,F#1,160200,214,96
30,F#2,160414,215,96
42,F#3,160629,428,96
49,C#4,161057,428,96
54,F#4,161057,428,96
18,F#1,161057,214,96
30,F#2,161271,215,96
42,F#3,161486,214,96
42,F#3,161700,214,96
18,F#1,161914,215,96
30,F#2,162129,214,96
42,F#3,162343,214,96
42,F#3,162557,214,96
18,F#1,162771,215,96
30,F#2,162986,214,96
42,F#3,163200,214,96
42,F#3,163414,215,96
18,F#1,163629,214,96
30,F#2,163843,214,96
42,F#3,164057,428,96
54,F#4,164485,429,96
42,F#3,164485,214,96
45,A3,164699,214,96
49,C#4,164699,214,96
42,F#3,164699,428,96
45,A3,165127,428,96
49,C#4,165127,429,96
42,F#3,165127,214,96
45,A3,165341,214,96
49,C#4,165341,214,96
42,F#3,165341,214,96
45,A3,165555,214,96
49,C#4,165555,214,96
42,F#3,165555,428,96
45,A3,165983,428,96
49,C#4,165983,429,96
42,F#3,165983,214,96
45,A3,166197,214,96
49,C#4,166197,214,96
42,F#3,166197,214,96
45,A3,166411,214,96
49,C#4,166411,214,96
42,F#3,166411,428,96
45,A3,166839,428,96
49,C#4,166839,429,96
45,A3,166839,214,96
49,C#4,167053,214,96
42,F#3,167053,214,96
42,F#3,167053,214,96
45,A3,167267,214,96
49,C#4,167267,214,96
49,C#4,167267,428,96
42,F#3,167695,428,96
45,A3,167695,429,96
42,F#3,167695,214,96
45,A3,167909,214,96
49,C#4,167909,214,96
40,E3,167909,214,96
44,G#3,168123,214,96
49,C#4,168123,215,96
40,E3,168123,428,96
44,G#3,168551,428,96
49,C#4,168551,428,96
40,E3,168551,214,96
44,G#3,168765,214,96
49,C#4,168765,214,96
40,E3,168765,214,96
44,G#3,168979,214,96
49,C#4,168979,215,96
49,C#4,168979,428,96
40,E3,169407,428,96
44,G#3,169407,428,96
40,E3,169407,214,96
44,G#3,169621,214,96
49,C#4,169621,215,96
40,E3,169621,214,96
44,G#3,169835,214,96
49,C#4,169835,214,96
40,E3,169835,428,96
44,G#3,170263,428,96
49,C#4,170263,428,96
40,E3,170263,214,96
44,G#3,170477,214,96
49,C#4,170477,215,96
40,E3,170477,214,96
44,G#3,170691,214,96
49,C#4,170691,214,96
40,E3,170691,428,96
44,G#3,171119,428,96
49,C#4,171119,429,96
40,E3,171119,214,96
44,G#3,171333,214,96
49,C#4,171333,214,96
40,E3,171333,214,96
44,G#3,171547,214,96
47,B3,171547,214,96
40,E3,171547,428,96
44,G#3,171975,428,96
47,B3,171975,429,96
40,E3,171975,214,96
44,G#3,172189,214,96
47,B3,172189,214,96
40,E3,172189,214,96
44,G#3,172403,214,96
47,B3,172403,214,96
40,E3,172403,428,96
44,G#3,172831,428,96
47,B3,172831,429,96
40,E3,172831,214,96
44,G#3,173045,214,96
47,B3,173045,214,96
40,E3,173045,214,96
44,G#3,173259,214,96
47,B3,173259,214,96
44,G#3,173259,428,96
47,B3,173687,428,96
40,E3,173687,429,96
40,E3,173687,214,96
44,G#3,173901,214,96
47,B3,173901,214,96
40,E3,173901,214,96
44,G#3,174115,214,96
47,B3,174115,215,96
40,E3,174115,428,96
44,G#3,174543,428,96
47,B3,174543,428,96
40,E3,174543,214,96
44,G#3,174757,214,96
47,B3,174757,214,96
39,D#3,174757,214,96
42,F#3,174971,214,96
47,B3,174971,215,96
39,D#3,174971,428,96
42,F#3,175399,428,96
47,B3,175399,428,96
39,D#3,175399,214,96
42,F#3,175613,214,96
47,B3,175613,215,96
47,B3,175613,214,96
39,D#3,175827,214,96
42,F#3,175827,214,96
39,D#3,175827,428,96
42,F#3,176255,428,96
47,B3,176255,428,96
39,D#3,176255,214,96
42,F#3,176469,214,96
47,B3,176469,215,96
41,F3,176469,214,96
44,G#3,176683,214,96
49,C#4,176683,214,96
41,F3,176683,428,96
44,G#3,177111,428,96
49,C#4,177111,429,96
41,F3,177111,214,96
44,G#3,177325,214,96
49,C#4,177325,214,96
41,F3,177325,214,96
44,G#3,177539,214,96
49,C#4,177539,214,96
41,F3,177539,642,96
44,G#3,178181,642,96
49,C#4,178181,643,96
42,F#3,178181,214,96
54,F#4,178395,214,96
45,A3,178395,215,96
49,C#4,178610,214,96
45,A3,178824,214,96
42,F#3,179038,214,96
49,C#4,179252,214,96
45,A3,179252,215,96
49,C#4,179467,214,96
45,A3,179681,214,96
42,F#3,179895,214,96
54,F#4,180109,215,96
45,A3,180109,214,96
49,C#4,180323,214,96
45,A3,180537,214,96
42,F#3,180751,214,96
49,C#4,180965,215,96
45,A3,180965,214,96
49,C#4,181179,214,96
33,A2,181393,214,96
45,A3,181607,215,96
28,E2,181607,214,96
40,E3,181821,214,96
44,G#3,181821,214,96
49,C#4,182035,214,96
44,G#3,182249,215,96
32,G#2,182464,214,96
40,E3,182678,214,96
44,G#3,182678,214,96
49,C#4,182892,215,96
44,G#3,183107,214,96
28,E2,183321,214,96
40,E3,183535,214,96
44,G#3,183535,214,96
49,C#4,183749,215,96
44,G#3,183964,214,96
32,G#2,184178,214,96
40,E3,184392,214,96
44,G#3,184392,215,96
49,C#4,184607,214,96
44,G#3,184821,214,96
28,E2,185035,214,96
40,E3,185249,214,96
44,G#3,185249,215,96
47,B3,185464,214,96
44,G#3,185678,214,96
28,E2,185892,214,96
35,B2,186106,215,96
44,G#3,186106,214,96
47,B3,186320,214,96
44,G#3,186534,214,96
28,E2,186748,214,96
40,E3,186962,215,96
44,G#3,186962,214,96
47,B3,187176,214,96
44,G#3,187390,215,96
28,E2,187605,214,96
35,B2,187819,214,96
44,G#3,187819,214,96
47,B3,188033,214,96
44,G#3,188247,215,96
27,D#2,188462,214,96
39,D#3,188676,214,96
42,F#3,188676,214,96
47,B3,188890,215,96
42,F#3,189105,214,96
27,D#2,189319,214,96
39,D#3,189533,214,96
42,F#3,189533,214,96
40,E3,189747,214,96
47,B3,189961,215,96
42,F#3,189961,214,96
29,F2,190175,214,96
41,F3,190389,214,96
42,F#3,190389,214,96
44,G#3,190389,215,96
49,C#4,190604,214,96
44,G#3,190818,214,96
29,F2,191032,214,96
41,F3,191246,214,96
44,G#3,191246,215,96
49,C#4,191461,214,96
44,G#3,191675,214,96
18,F#1,191889,215,96
30,F#2,192104,214,96
42,F#3,192318,214,96
54,F#4,192532,214,96
42,F#3,192532,214,96
54,F#4,192746,214,96
18,F#1,192746,215,96
30,F#2,192961,214,96
54,F#4,193175,214,96
42,F#3,193389,214,96
42,F#3,193389,214,96
54,F#4,193603,215,96
18,F#1,193603,214,96
30,F#2,193817,214,96
42,F#3,194031,214,96
54,F#4,194245,214,96
42,F#3,194245,214,96
54,F#4,194459,215,96
18,F#1,194459,214,96
30,F#2,194673,214,96
42,F#3,194887,214,96
54,F#4,195101,215,96
42,F#3,195101,214,96
54,F#4,195315,214,96
18,F#1,195315,214,96
30,F#2,195529,214,96
42,F#3,195743,214,96
54,F#4,195957,215,96
42,F#3,195957,214,96
54,F#4,196171,214,96
18,F#1,196171,214,96
30,F#2,196385,215,96
42,F#3,196600,214,96
54,F#4,196814,214,96
42,F#3,196814,214,96
54,F#4,197028,214,96
18,F#1,197028,214,96
30,F#2,197242,215,96
42,F#3,197457,214,96
54,F#4,197671,214,96
42,F#3,197671,214,96
54,F#4,197885,214,96
18,F#1,197885,215,96
30,F#2,198100,214,96
42,F#3,198314,214,96
54,F#4,198528,214,96
42,F#3,198528,214,96
54,F#4,198742,214,96
18,F#1,198742,215,96
30,F#2,198957,214,96
42,F#3,199171,214,96
54,F#4,199385,214,96
42,F#3,199385,214,96
54,F#4,199599,215,96
18,F#1,199599,214,96
30,F#2,199813,214,96
42,F#3,200027,214,96
54,F#4,200241,214,96
42,F#3,200241,214,96
54,F#4,200455,215,96
18,F#1,200455,214,96
30,F#2,200669,214,96
42,F#3,200883,214,96
54,F#4,201097,215,96
42,F#3,201097,214,96
54,F#4,201311,214,96
18,F#1,201311,214,96
30,F#2,201525,214,96
42,F#3,201739,214,96
54,F#4,201953,215,96
42,F#3,201953,214,96
54,F#4,202167,214,96
18,F#1,202167,214,96
30,F#2,202381,215,96
42,F#3,202596,214,96
54,F#4,202810,214,96
42,F#3,202810,214,96
54,F#4,203024,214,96
18,F#1,203024,214,96
30,F#2,203238,215,96
42,F#3,203453,214,96
54,F#4,203667,214,96
42,F#3,203667,214,96
54,F#4,203881,214,96
18,F#1,203881,215,96
30,F#2,204096,214,96
42,F#3,204310,214,96
54,F#4,204524,214,96
42,F#3,204524,214,96
54,F#4,204738,214,96
18,F#1,204738,2566,96