53,F4,0,250,80
55,G4,250,500,80
53,F4,750,250,80
55,G4,1000,500,80
54,F#4,1500,250,80
53,F4,1750,250,80
53,F4,2000,250,80
55,G4,2250,500,80
53,F4,2750,250,80
55,G4,3000,500,80
54,F#4,3500,250,80
53,F4,3750,250,80
53,F4,4000,250,80
55,G4,4250,500,80
53,F4,4750,250,80
55,G4,5000,500,80
54,F#4,5500,250,80
53,F4,5750,244,80
57,A4,6500,500,80
48,C4,7000,500,80
53,F4,7000,500,80
50,D4,7000,250,80
53,F4,7250,250,80
58,A#4,7250,249,80
53,F4,7250,251,80
55,G4,7501,250,80
53,F4,7751,250,80
62,D5,8001,250,80
62,D5,8251,744,80
53,F4,9251,250,80
55,G4,9501,250,80
53,F4,9751,250,80
62,D5,10001,250,80
62,D5,10251,744,80
53,F4,11251,250,80
55,G4,11501,250,80
53,F4,11751,250,80
62,D5,12001,250,80
62,D5,12251,249,80
62,D5,12500,251,80
58,A#4,12751,250,80
58,A#4,13001,250,80
55,G4,13251,250,80
55,G4,13501,250,80
53,F4,13751,250,80
51,D#4,14001,994,80
51,D#4,15251,500,80
50,D4,15751,250,80
53,F4,16001,994,80
55,G4,17251,250,80
53,F4,17501,250,80
51,D#4,17751,250,80
55,G4,18001,994,80
57,A4,19501,250,80
55,G4,19751,250,80
53,F4,20001,250,80
53,F4,20251,500,80
53,F4,20751,244,80
57,A4,21251,250,80
55,G4,21501,250,80
57,A4,21751,250,80
58,A#4,22001,994,80
53,F4,23251,250,80
55,G4,23501,250,80
53,F4,23751,250,80
62,D5,24001,250,80
62,D5,24251,744,80
53,F4,25251,250,80
55,G4,25501,249,80
53,F4,25750,251,80
62,D5,26001,250,80
62,D5,26251,744,80
53,F4,27251,250,80
55,G4,27501,249,80
53,F4,27750,251,80
62,D5,28001,250,80
62,D5,28251,250,80
62,D5,28501,250,80
58,A#4,28751,249,80
58,A#4,29000,251,80
55,G4,29251,250,80
55,G4,29501,249,80
53,F4,29750,251,80
51,D#4,30001,994,80
51,D#4,31251,499,80
50,D4,31750,251,80
53,F4,32001,994,80
55,G4,33251,250,80
53,F4,33501,250,80
51,D#4,33751,250,80
55,G4,34001,994,80
57,A4,35501,250,80
55,G4,35751,250,80
53,F4,36001,250,80
53,F4,36251,500,80
53,F4,36751,244,80
57,A4,37251,250,80
55,G4,37501,250,80
57,A4,37751,250,80
58,A#4,38001,1250,80
53,F4,39251,250,80
55,G4,39501,250,80
53,F4,39751,250,80
53,F4,40001,250,80
62,D5,40251,994,80
62,D5,41501,1500,80
62,D5,43001,250,80
62,D5,43251,250,80
63,D#5,43501,250,80
62,D5,43751,250,80
60,C5,44001,250,80
65,F5,44251,3000,80
53,F4,47251,250,80
65,F5,47501,250,80
67,G5,47501,250,80
55,G4,47751,250,80
65,F5,47751,250,80
53,F4,48001,250,80
65,F5,48001,250,80
74,D6,48251,3000,80
74,D6,51251,249,80
75,D#6,51500,251,80
74,D6,51751,250,80
74,D6,52001,250,80
77,F6,52251,1750,80
77,F6,54001,2000,80
62,D5,56001,750,80
60,C5,56751,250,80
58,A#4,57001,500,80
57,A4,57501,499,80
55,G4,58000,251,80
57,A4,58251,250,80
55,G4,58501,1500,80
55,G4,60001,250,80
60,C5,60251,500,80
55,G4,60751,250,80
51,D#4,61001,250,80
53,F4,61251,500,80
51,D#4,61751,250,80
50,D4,62001,2000,80
58,A#4,64001,750,80
57,A4,64751,250,80
55,G4,65001,250,80
53,F4,65251,250,80
51,D#4,65501,250,80
50,D4,65751,250,80
48,C4,66001,250,80
50,D4,66251,250,80
48,C4,66501,1000,80
50,D4,67501,1000,80
43,G3,67501,500,80
36,C3,68001,500,80
39,D#3,68001,500,80
48,C4,68001,166,80
50,D4,68167,167,80
36,C3,68334,166,80
39,D#3,68500,166,80
43,G3,68500,166,80
51,D#4,68500,167,80
53,F4,68500,250,80
55,G4,68750,250,80
57,A4,69000,250,80
58,A#4,69250,250,80
50,D4,69500,244,80
62,D5,70000,2000,80
62,D5,72000,750,80
60,C5,72750,250,80
58,A#4,73000,500,80
57,A4,73500,500,80
55,G4,74000,250,80
57,A4,74250,250,80
55,G4,74500,1250,80
55,G4,75750,125,80
55,G4,75875,125,80
55,G4,76000,250,80
60,C5,76250,500,80
55,G4,76750,250,80
51,D#4,77000,250,80
53,F4,77250,500,80
51,D#4,77750,250,80
50,D4,78000,2000,80
58,A#4,80000,750,80
57,A4,80750,83,80
55,G4,80833,250,80
53,F4,81083,250,80
51,D#4,81333,250,80
50,D4,81583,245,80
48,C4,82000,250,80
50,D4,82250,250,80
50,D4,82500,1000,80
48,C4,83500,1000,80
43,G3,83500,500,80
36,C3,84000,500,80
39,D#3,84000,500,80
48,C4,84000,166,80
50,D4,84166,167,80
36,C3,84333,166,80
39,D#3,84499,166,80
43,G3,84499,166,80
51,D#4,84499,167,80
53,F4,84499,250,80
55,G4,84749,250,80
57,A4,84999,250,80
58,A#4,85249,250,80
53,F4,85499,244,80
62,D5,85999,2000,80
62,D5,87999,250,80
58,A#4,88249,250,80
62,D5,88249,250,80
58,A#4,88499,250,80
62,D5,88499,500,80
58,A#4,88999,500,80
58,A#4,88999,125,80
62,D5,89124,125,80
62,D5,89124,375,80
58,A#4,89499,375,80
65,F5,89499,244,80
63,D#5,89999,1500,80
63,D#5,91499,250,80
62,D5,91749,250,80
58,A#4,91999,250,80
60,C5,91999,250,80
57,A4,92249,250,80
60,C5,92249,250,80
57,A4,92499,250,80
60,C5,92499,250,80
57,A4,92749,250,80
57,A4,92749,750,80
60,C5,93499,750,80
60,C5,93499,500,80
41,F3,93999,500,80
45,A3,93999,500,80
48,C4,93999,500,80
57,A4,93999,500,80
62,D5,93999,1250,80
58,A#4,95249,1250,80
58,A#4,95249,250,80
57,A4,95499,249,80
55,G4,95748,251,80
51,D#4,95999,166,80
55,G4,96165,334,80
43,G3,96499,500,80
36,C3,96999,500,80
39,D#3,96999,500,80
55,G4,96999,250,80
55,G4,97249,250,80
55,G4,97499,250,80
55,G4,97749,250,80
53,F4,97999,250,80
53,F4,98249,250,80
57,A4,98499,500,80
57,A4,98999,250,80
57,A4,99249,250,80
57,A4,99499,250,80
57,A4,99749,500,80
53,F4,100249,250,80
53,F4,100499,500,80
53,F4,100999,250,80
57,A4,101249,500,80
60,C5,101749,250,80
60,C5,101999,249,80
65,F5,102248,251,80
63,D#5,102499,250,80
62,D5,102749,249,80
63,D#5,102998,251,80
62,D5,103249,250,80
60,C5,103499,249,80
58,A#4,103748,251,80
60,C5,103999,250,80
62,D5,104249,250,80
58,A#4,104499,250,80
62,D5,104499,250,80
58,A#4,104749,250,80
62,D5,104749,500,80
58,A#4,105249,500,80
62,D5,105249,125,80
58,A#4,105374,125,80
62,D5,105374,375,80
58,A#4,105749,375,80
57,A4,105749,500,80
60,C5,106249,500,80
63,D#5,106249,1500,80
60,C5,107749,1500,80
63,D#5,107749,250,80
60,C5,107999,250,80
62,D5,107999,250,80
58,A#4,108249,250,80
60,C5,108249,500,80
57,A4,108749,499,80
60,C5,108749,250,80
57,A4,108999,251,80
60,C5,108999,250,80
57,A4,109249,250,80
57,A4,109249,500,80
60,C5,109749,500,80
60,C5,109749,250,80
57,A4,109999,250,80
65,F5,109999,249,80
58,A#4,110248,1250,80
62,D5,111498,1251,80
58,A#4,111498,249,80
57,A4,111747,251,80
55,G4,111998,250,80
51,D#4,112248,166,80
55,G4,112414,334,80
43,G3,112748,500,80
36,C3,113248,500,80
39,D#3,113248,500,80
55,G4,113248,250,80
55,G4,113498,250,80
55,G4,113748,250,80
55,G4,113998,250,80
53,F4,114248,250,80
53,F4,114498,250,80
53,F4,114748,500,80
57,A4,115248,250,80
57,A4,115498,499,80
57,A4,115997,501,80
57,A4,116498,249,80
57,A4,116747,251,80
57,A4,116998,250,80
57,A4,117248,244,80
60,C5,117748,499,80
57,A4,118247,251,80
58,A#4,118498,994,80
53,F4,119747,251,80
55,G4,119998,250,80
53,F4,120248,250,80
62,D5,120498,250,80
62,D5,120748,744,80
53,F4,121748,250,80
55,G4,121998,250,80
53,F4,122248,250,80
62,D5,122498,250,80
62,D5,122748,744,80
53,F4,123748,250,80
55,G4,123998,250,80
53,F4,124248,250,80
62,D5,124498,249,80
62,D5,124747,251,80
62,D5,124998,250,80
58,A#4,125248,249,80
58,A#4,125497,251,80
55,G4,125748,250,80
55,G4,125998,249,80
53,F4,126247,251,80
51,D#4,126498,994,80
51,D#4,127747,501,80
50,D4,128248,250,80
53,F4,128498,994,80
55,G4,129748,250,80
53,F4,129998,250,80
51,D#4,130248,250,80
55,G4,130498,994,80
57,A4,131998,250,80
55,G4,132248,250,80
53,F4,132498,250,80
53,F4,132748,500,80
53,F4,133248,244,80
57,A4,133748,250,80
55,G4,133998,250,80
57,A4,134248,250,80
58,A#4,134498,1494,80
--end--
46,A#3,0,500,80
34,A#2,500,500,80
38,D3,500,500,80
41,F3,500,500,80
34,A#2,500,500,80
38,D3,1000,500,80
41,F3,1000,500,80
46,A#3,1000,500,80
46,A#3,1000,250,80
34,A#2,1250,250,80
38,D3,1250,250,80
41,F3,1250,250,80
38,D3,1250,250,80
41,F3,1500,250,80
46,A#3,1500,250,80
34,A#2,1500,250,80
34,A#2,1500,500,80
38,D3,2000,500,80
41,F3,2000,500,80
46,A#3,2000,500,80
46,A#3,2000,500,80
34,A#2,2500,500,80
38,D3,2500,500,80
41,F3,2500,500,80
34,A#2,2500,500,80
38,D3,3000,500,80
41,F3,3000,500,80
46,A#3,3000,500,80
46,A#3,3000,250,80
34,A#2,3250,250,80
38,D3,3250,250,80
41,F3,3250,250,80
46,A#3,3250,250,80
34,A#2,3500,250,80
38,D3,3500,250,80
41,F3,3500,250,80
38,D3,3500,500,80
41,F3,4000,500,80
46,A#3,4000,500,80
34,A#2,4000,500,80
41,F3,4000,500,80
46,A#3,4500,500,80
34,A#2,4500,500,80
38,D3,4500,500,80
34,A#2,4500,500,80
38,D3,5000,500,80
41,F3,5000,500,80
46,A#3,5000,500,80
46,A#3,5000,250,80
34,A#2,5250,250,80
38,D3,5250,250,80
41,F3,5250,250,80
46,A#3,5250,250,80
34,A#2,5500,250,80
38,D3,5500,250,80
41,F3,5500,250,80
41,F3,5500,1000,80
46,A#3,6500,1000,80
34,A#2,6500,1000,80
38,D3,6500,1000,80
41,F3,6500,500,80
45,A3,7000,500,80
36,C3,7000,500,80
46,A#3,7000,1000,80
34,A#2,8000,1000,80
38,D3,8000,1000,80
41,F3,8000,1000,80
46,A#3,8000,500,80
34,A#2,8500,500,80
38,D3,8500,500,80
41,F3,8500,500,80
46,A#3,8500,500,80
34,A#2,9000,500,80
38,D3,9000,500,80
41,F3,9000,500,80
41,F3,9000,250,80
46,A#3,9250,250,80
34,A#2,9250,250,80
38,D3,9250,250,80
34,A#2,9250,250,80
38,D3,9500,250,80
41,F3,9500,250,80
46,A#3,9500,250,80
46,A#3,9500,500,80
34,A#2,10000,500,80
38,D3,10000,500,80
41,F3,10000,500,80
46,A#3,10000,500,80
34,A#2,10500,500,80
38,D3,10500,500,80
41,F3,10500,500,80
46,A#3,10500,500,80
34,A#2,11000,500,80
38,D3,11000,500,80
41,F3,11000,500,80
46,A#3,11000,250,80
34,A#2,11250,250,80
38,D3,11250,250,80
41,F3,11250,250,80
46,A#3,11250,250,80
34,A#2,11500,250,80
38,D3,11500,250,80
41,F3,11500,250,80
46,A#3,11500,500,80
34,A#2,12000,500,80
38,D3,12000,500,80
41,F3,12000,500,80
38,D3,12000,500,80
41,F3,12500,500,80
46,A#3,12500,500,80
34,A#2,12500,499,80
34,A#2,12500,500,80
38,D3,13000,500,80
41,F3,13000,500,80
46,A#3,13000,501,80
46,A#3,13000,250,80
34,A#2,13250,250,80
38,D3,13250,250,80
41,F3,13250,250,80
46,A#3,13250,250,80
34,A#2,13500,250,80
38,D3,13500,250,80
41,F3,13500,250,80
46,A#3,13500,500,80
34,A#2,14000,500,80
38,D3,14000,500,80
41,F3,14000,500,80
36,C3,14000,500,80
39,D#3,14500,500,80
43,G3,14500,499,80
43,G3,14500,500,80
36,C3,15000,500,80
39,D#3,15000,501,80
43,G3,15000,250,80
36,C3,15250,250,80
39,D#3,15250,250,80
39,D#3,15250,250,80
43,G3,15500,250,80
36,C3,15500,250,80
36,C3,15500,500,80
39,D#3,16000,500,80
43,G3,16000,500,80
46,A#3,16000,500,80
34,A#2,16500,500,80
38,D3,16500,500,80
41,F3,16500,500,80
46,A#3,16500,500,80
34,A#2,17000,500,80
38,D3,17000,500,80
41,F3,17000,500,80
38,D3,17000,250,80
41,F3,17250,250,80
46,A#3,17250,250,80
34,A#2,17250,250,80
41,F3,17250,250,80
46,A#3,17500,250,80
34,A#2,17500,250,80
38,D3,17500,250,80
46,A#3,17500,500,80
34,A#2,18000,500,80
38,D3,18000,500,80
41,F3,18000,500,80
43,G3,18000,500,80
36,C3,18500,500,80
39,D#3,18500,500,80
36,C3,18500,500,80
39,D#3,19000,500,80
43,G3,19000,500,80
43,G3,19000,250,80
36,C3,19250,250,80
39,D#3,19250,250,80
43,G3,19250,250,80
36,C3,19500,250,80
39,D#3,19500,250,80
39,D#3,19500,500,80
43,G3,20000,500,80
36,C3,20000,500,80
48,C4,20000,500,80
41,F3,20500,500,80
45,A3,20500,500,80
41,F3,20500,500,80
45,A3,21000,500,80
48,C4,21000,500,80
48,C4,21000,250,80
41,F3,21250,250,80
45,A3,21250,250,80
48,C4,21250,250,80
41,F3,21500,250,80
45,A3,21500,250,80
45,A3,21500,500,80
48,C4,22000,500,80
41,F3,22000,500,80
41,F3,22000,500,80
46,A#3,22500,500,80
34,A#2,22500,500,80
38,D3,22500,500,80
46,A#3,22500,500,80
34,A#2,23000,500,80
38,D3,23000,500,80
41,F3,23000,500,80
46,A#3,23000,250,80
34,A#2,23250,250,80
38,D3,23250,250,80
41,F3,23250,250,80
46,A#3,23250,250,80
34,A#2,23500,250,80
38,D3,23500,250,80
41,F3,23500,250,80
41,F3,23500,500,80
46,A#3,24000,500,80
34,A#2,24000,500,80
38,D3,24000,500,80
34,A#2,24000,500,80
38,D3,24500,500,80
41,F3,24500,500,80
46,A#3,24500,500,80
46,A#3,24500,500,80
34,A#2,25000,500,80
38,D3,25000,500,80
41,F3,25000,499,80
46,A#3,25000,250,80
34,A#2,25250,250,80
38,D3,25250,250,80
41,F3,25250,251,80
46,A#3,25250,250,80
34,A#2,25500,250,80
38,D3,25500,250,80
41,F3,25500,250,80
46,A#3,25500,500,80
34,A#2,26000,500,80
38,D3,26000,500,80
41,F3,26000,500,80
46,A#3,26000,500,80
34,A#2,26500,500,80
38,D3,26500,500,80
41,F3,26500,500,80
46,A#3,26500,500,80
34,A#2,27000,500,80
38,D3,27000,500,80
41,F3,27000,500,80
38,D3,27000,250,80
41,F3,27250,250,80
46,A#3,27250,250,80
34,A#2,27250,250,80
34,A#2,27250,250,80
38,D3,27500,250,80
41,F3,27500,250,80
46,A#3,27500,250,80
46,A#3,27500,500,80
34,A#2,28000,500,80
38,D3,28000,500,80
41,F3,28000,500,80
46,A#3,28000,500,80
34,A#2,28500,500,80
38,D3,28500,500,80
41,F3,28500,500,80
46,A#3,28500,500,80
34,A#2,29000,500,80
38,D3,29000,500,80
41,F3,29000,499,80
46,A#3,29000,250,80
34,A#2,29250,250,80
38,D3,29250,250,80
41,F3,29250,251,80
38,D3,29250,250,80
41,F3,29500,250,80
46,A#3,29500,250,80
34,A#2,29500,250,80
41,F3,29500,500,80
46,A#3,30000,500,80
34,A#2,30000,500,80
38,D3,30000,500,80
43,G3,30000,500,80
36,C3,30500,500,80
39,D#3,30500,500,80
43,G3,30500,500,80
36,C3,31000,500,80
39,D#3,31000,500,80
43,G3,31000,250,80
36,C3,31250,250,80
39,D#3,31250,250,80
43,G3,31250,250,80
36,C3,31500,250,80
39,D#3,31500,250,80
43,G3,31500,500,80
36,C3,32000,500,80
39,D#3,32000,500,80
41,F3,32000,500,80
46,A#3,32500,500,80
34,A#2,32500,500,80
38,D3,32500,500,80
46,A#3,32500,500,80
34,A#2,33000,500,80
38,D3,33000,500,80
41,F3,33000,500,80
46,A#3,33000,250,80
34,A#2,33250,250,80
38,D3,33250,250,80
41,F3,33250,250,80
46,A#3,33250,250,80
34,A#2,33500,250,80
38,D3,33500,250,80
41,F3,33500,250,80
41,F3,33500,500,80
46,A#3,34000,500,80
34,A#2,34000,500,80
38,D3,34000,500,80
39,D#3,34000,500,80
43,G3,34500,500,80
36,C3,34500,500,80
43,G3,34500,500,80
36,C3,35000,500,80
39,D#3,35000,500,80
43,G3,35000,250,80
36,C3,35250,250,80
39,D#3,35250,250,80
43,G3,35250,250,80
36,C3,35500,250,80
39,D#3,35500,250,80
43,G3,35500,500,80
36,C3,36000,500,80
39,D#3,36000,500,80
45,A3,36000,500,80
48,C4,36500,500,80
41,F3,36500,500,80
41,F3,36500,500,80
45,A3,37000,500,80
48,C4,37000,500,80
48,C4,37000,250,80
41,F3,37250,250,80
45,A3,37250,250,80
48,C4,37250,250,80
41,F3,37500,250,80
45,A3,37500,250,80
48,C4,37500,500,80
41,F3,38000,500,80
45,A3,38000,500,80
46,A#3,38000,500,80
34,A#2,38500,500,80
38,D3,38500,500,80
41,F3,38500,500,80
41,F3,38500,500,80
46,A#3,39000,500,80
34,A#2,39000,500,80
38,D3,39000,500,80
34,A#2,39000,250,80
38,D3,39250,250,80
41,F3,39250,250,80
46,A#3,39250,250,80
46,A#3,39250,250,80
34,A#2,39500,250,80
38,D3,39500,250,80
41,F3,39500,250,80
46,A#3,39500,500,80
34,A#2,40000,500,80
38,D3,40000,500,80
41,F3,40000,500,80
46,A#3,40000,500,80
34,A#2,40500,500,80
38,D3,40500,500,80
41,F3,40500,500,80
46,A#3,40500,500,80
34,A#2,41000,500,80
38,D3,41000,500,80
41,F3,41000,500,80
46,A#3,41000,250,80
34,A#2,41250,250,80
38,D3,41250,250,80
41,F3,41250,250,80
46,A#3,41250,250,80
34,A#2,41500,250,80
38,D3,41500,250,80
41,F3,41500,250,80
38,D3,41500,500,80
41,F3,42000,500,80
46,A#3,42000,500,80
34,A#2,42000,500,80
34,A#2,42000,500,80
38,D3,42500,500,80
41,F3,42500,500,80
46,A#3,42500,500,80
46,A#3,42500,500,80
34,A#2,43000,500,80
38,D3,43000,500,80
41,F3,43000,500,80
46,A#3,43000,250,80
34,A#2,43250,250,80
38,D3,43250,250,80
41,F3,43250,250,80
46,A#3,43250,250,80
34,A#2,43500,250,80
38,D3,43500,250,80
41,F3,43500,250,80
46,A#3,43500,500,80
34,A#2,44000,500,80
38,D3,44000,500,80
41,F3,44000,500,80
41,F3,44000,500,80
45,A3,44500,500,80
48,C4,44500,500,80
48,C4,44500,500,80
41,F3,45000,500,80
45,A3,45000,500,80
48,C4,45000,250,80
41,F3,45250,250,80
45,A3,45250,250,80
48,C4,45250,250,80
41,F3,45500,250,80
45,A3,45500,250,80
48,C4,45500,500,80
41,F3,46000,500,80
45,A3,46000,500,80
41,F3,46000,500,80
45,A3,46500,500,80
48,C4,46500,500,80
48,C4,46500,500,80
41,F3,47000,500,80
45,A3,47000,500,80
48,C4,47000,250,80
41,F3,47250,250,80
45,A3,47250,250,80
45,A3,47250,250,80
48,C4,47500,250,80
41,F3,47500,250,80
48,C4,47500,500,80
41,F3,48000,500,80
45,A3,48000,500,80
46,A#3,48000,500,80
34,A#2,48500,500,80
38,D3,48500,500,80
41,F3,48500,500,80
46,A#3,48500,500,80
34,A#2,49000,500,80
38,D3,49000,500,80
41,F3,49000,500,80
38,D3,49000,250,80
41,F3,49250,250,80
46,A#3,49250,250,80
34,A#2,49250,250,80
41,F3,49250,250,80
46,A#3,49500,250,80
34,A#2,49500,250,80
38,D3,49500,250,80
46,A#3,49500,500,80
34,A#2,50000,500,80
38,D3,50000,500,80
41,F3,50000,499,80
46,A#3,50000,500,80
34,A#2,50500,500,80
38,D3,50500,500,80
41,F3,50500,501,80
46,A#3,50500,500,80
34,A#2,51000,500,80
38,D3,51000,500,80
41,F3,51000,500,80
41,F3,51000,250,80
46,A#3,51250,250,80
34,A#2,51250,250,80
38,D3,51250,250,80
34,A#2,51250,250,80
38,D3,51500,250,80
41,F3,51500,250,80
46,A#3,51500,249,80
46,A#3,51500,500,80
34,A#2,52000,500,80
38,D3,52000,500,80
41,F3,52000,501,80
46,A#3,52000,500,80
34,A#2,52500,500,80
38,D3,52500,500,80
41,F3,52500,500,80
46,A#3,52500,500,80
34,A#2,53000,500,80
38,D3,53000,500,80
41,F3,53000,500,80
46,A#3,53000,250,80
34,A#2,53250,250,80
38,D3,53250,250,80
41,F3,53250,250,80
46,A#3,53250,250,80
34,A#2,53500,250,80
38,D3,53500,250,80
41,F3,53500,250,80
46,A#3,53500,500,80
34,A#2,54000,500,80
38,D3,54000,500,80
41,F3,54000,500,80
38,D3,54000,500,80
41,F3,54500,500,80
46,A#3,54500,500,80
34,A#2,54500,500,80
34,A#2,54500,500,80
38,D3,55000,500,80
41,F3,55000,500,80
46,A#3,55000,500,80
46,A#3,55000,250,80
34,A#2,55250,250,80
38,D3,55250,250,80
41,F3,55250,250,80
46,A#3,55250,250,80
34,A#2,55500,250,80
38,D3,55500,250,80
41,F3,55500,249,80
46,A#3,55500,500,80
34,A#2,56000,500,80
38,D3,56000,500,80
41,F3,56000,501,80
46,A#3,56000,500,80
34,A#2,56500,500,80
38,D3,56500,500,80
41,F3,56500,500,80
41,F3,56500,500,80
46,A#3,57000,500,80
34,A#2,57000,500,80
38,D3,57000,500,80
41,F3,57000,250,80
46,A#3,57250,250,80
34,A#2,57250,250,80
38,D3,57250,250,80
46,A#3,57250,250,80
34,A#2,57500,250,80
38,D3,57500,250,80
41,F3,57500,250,80
46,A#3,57500,500,80
34,A#2,58000,500,80
38,D3,58000,500,80
41,F3,58000,499,80
43,G3,58000,500,80
36,C3,58500,500,80
39,D#3,58500,501,80
36,C3,58500,500,80
39,D#3,59000,500,80
43,G3,59000,500,80
43,G3,59000,250,80
36,C3,59250,250,80
39,D#3,59250,250,80
43,G3,59250,250,80
36,C3,59500,250,80
39,D#3,59500,249,80
43,G3,59500,500,80
36,C3,60000,500,80
39,D#3,60000,501,80
43,G3,60000,500,80
36,C3,60500,500,80
39,D#3,60500,500,80
39,D#3,60500,500,80
43,G3,61000,500,80
36,C3,61000,500,80
43,G3,61000,250,80
36,C3,61250,250,80
39,D#3,61250,250,80
43,G3,61250,250,80
36,C3,61500,250,80
39,D#3,61500,250,80
43,G3,61500,500,80
36,C3,62000,500,80
39,D#3,62000,500,80
46,A#3,62000,500,80
34,A#2,62500,500,80
38,D3,62500,500,80
41,F3,62500,500,80
46,A#3,62500,500,80
34,A#2,63000,500,80
38,D3,63000,500,80
41,F3,63000,500,80
46,A#3,63000,250,80
34,A#2,63250,250,80
38,D3,63250,250,80
41,F3,63250,250,80
41,F3,63250,250,80
46,A#3,63500,250,80
34,A#2,63500,250,80
38,D3,63500,249,80
34,A#2,63500,500,80
38,D3,64000,500,80
41,F3,64000,500,80
46,A#3,64000,501,80
46,A#3,64000,500,80
34,A#2,64500,500,80
38,D3,64500,500,80
41,F3,64500,500,80
34,A#2,64500,500,80
38,D3,65000,500,80
41,F3,65000,500,80
46,A#3,65000,500,80
46,A#3,65000,250,80
34,A#2,65250,250,80
38,D3,65250,250,80
41,F3,65250,250,80
46,A#3,65250,250,80
34,A#2,65500,250,80
38,D3,65500,250,80
41,F3,65500,250,80
46,A#3,65500,500,80
34,A#2,66000,500,80
38,D3,66000,500,80
41,F3,66000,500,80
43,G3,66000,500,80
36,C3,66500,500,80
39,D#3,66500,500,80
43,G3,66500,500,80
36,C3,67000,500,80
39,D#3,67000,500,80
43,G3,67000,250,80
36,C3,67250,250,80
39,D#3,67250,250,80
36,C3,67250,750,80
39,D#3,68000,750,80
43,G3,68000,750,80
43,G3,68000,750,80
36,C3,68750,750,80
39,D#3,68750,750,80
36,C3,68750,250,80
39,D#3,69000,250,80
43,G3,69000,250,80
43,G3,69000,250,80
36,C3,69250,250,80
39,D#3,69250,250,80
43,G3,69250,750,80
36,C3,70000,750,80
39,D#3,70000,750,80
46,A#3,70000,500,80
34,A#2,70500,500,80
38,D3,70500,500,80
41,F3,70500,500,80
38,D3,70500,500,80
41,F3,71000,500,80
46,A#3,71000,500,80
34,A#2,71000,500,80
41,F3,71000,250,80
46,A#3,71250,250,80
34,A#2,71250,250,80
38,D3,71250,250,80
46,A#3,71250,250,80
34,A#2,71500,250,80
38,D3,71500,250,80
41,F3,71500,250,80
46,A#3,71500,500,80
34,A#2,72000,500,80
38,D3,72000,500,80
41,F3,72000,500,80
46,A#3,72000,500,80
34,A#2,72500,500,80
38,D3,72500,500,80
41,F3,72500,500,80
46,A#3,72500,500,80
34,A#2,73000,500,80
38,D3,73000,500,80
41,F3,73000,500,80
34,A#2,73000,250,80
38,D3,73250,250,80
41,F3,73250,250,80
46,A#3,73250,250,80
46,A#3,73250,250,80
34,A#2,73500,250,80
38,D3,73500,250,80
41,F3,73500,250,80
46,A#3,73500,500,80
34,A#2,74000,500,80
38,D3,74000,500,80
41,F3,74000,500,80
43,G3,74000,500,80
36,C3,74500,500,80
39,D#3,74500,500,80
39,D#3,74500,500,80
43,G3,75000,500,80
36,C3,75000,500,80
43,G3,75000,250,80
36,C3,75250,250,80
39,D#3,75250,250,80
43,G3,75250,250,80
36,C3,75500,250,80
39,D#3,75500,250,80
36,C3,75500,500,80
39,D#3,76000,500,80
43,G3,76000,500,80
43,G3,76000,500,80
36,C3,76500,500,80
39,D#3,76500,500,80
36,C3,76500,500,80
39,D#3,77000,500,80
43,G3,77000,500,80
36,C3,77000,250,80
39,D#3,77250,250,80
43,G3,77250,250,80
43,G3,77250,250,80
36,C3,77500,250,80
39,D#3,77500,250,80
36,C3,77500,500,80
39,D#3,78000,500,80
43,G3,78000,500,80
46,A#3,78000,500,80
34,A#2,78500,500,80
38,D3,78500,500,80
41,F3,78500,500,80
46,A#3,78500,500,80
34,A#2,79000,500,80
38,D3,79000,500,80
41,F3,79000,500,80
46,A#3,79000,250,80
34,A#2,79250,250,80
38,D3,79250,250,80
41,F3,79250,250,80
46,A#3,79250,250,80
34,A#2,79500,250,80
38,D3,79500,250,80
41,F3,79500,250,80
46,A#3,79500,500,80
34,A#2,80000,500,80
38,D3,80000,500,80
41,F3,80000,500,80
46,A#3,80000,500,80
34,A#2,80500,500,80
38,D3,80500,500,80
41,F3,80500,500,80
41,F3,80500,333,80
46,A#3,80833,333,80
34,A#2,80833,333,80
38,D3,80833,333,80
34,A#2,80833,166,80
38,D3,80999,166,80
41,F3,80999,166,80
46,A#3,80999,167,80
34,A#2,80999,250,80
38,D3,81249,250,80
41,F3,81249,250,80
46,A#3,81249,250,80
34,A#2,81249,750,80
38,D3,81999,750,80
41,F3,81999,750,80
46,A#3,81999,750,80
43,G3,81999,500,80
36,C3,82499,500,80
39,D#3,82499,500,80
43,G3,82499,500,80
36,C3,82999,500,80
39,D#3,82999,500,80
43,G3,82999,250,80
36,C3,83249,250,80
39,D#3,83249,250,80
39,D#3,83249,750,80
43,G3,83999,750,80
36,C3,83999,750,80
43,G3,83999,750,80
36,C3,84749,750,80
39,D#3,84749,750,80
36,C3,84749,250,80
39,D#3,84999,250,80
43,G3,84999,250,80
43,G3,84999,250,80
36,C3,85249,250,80
39,D#3,85249,250,80
43,G3,85249,750,80
36,C3,85999,750,80
39,D#3,85999,750,80
46,A#3,85999,500,80
34,A#2,86499,500,80
38,D3,86499,500,80
41,F3,86499,500,80
41,F3,86499,500,80
46,A#3,86999,500,80
34,A#2,86999,500,80
38,D3,86999,500,80
34,A#2,86999,250,80
38,D3,87249,250,80
41,F3,87249,250,80
46,A#3,87249,250,80
46,A#3,87249,250,80
34,A#2,87499,250,80
38,D3,87499,250,80
41,F3,87499,250,80
46,A#3,87499,500,80
34,A#2,87999,500,80
38,D3,87999,500,80
41,F3,87999,500,80
46,A#3,87999,500,80
34,A#2,88499,500,80
38,D3,88499,500,80
41,F3,88499,500,80
46,A#3,88499,500,80
34,A#2,88999,500,80
38,D3,88999,500,80
41,F3,88999,500,80
46,A#3,88999,250,80
34,A#2,89249,250,80
38,D3,89249,250,80
41,F3,89249,250,80
46,A#3,89249,250,80
34,A#2,89499,250,80
38,D3,89499,250,80
41,F3,89499,250,80
41,F3,89499,500,80
46,A#3,89999,500,80
38,D3,89999,500,80
34,A#2,89999,500,80
43,G3,89999,500,80
36,C3,90499,500,80
39,D#3,90499,500,80
43,G3,90499,500,80
36,C3,90999,500,80
39,D#3,90999,500,80
39,D#3,90999,250,80
43,G3,91249,250,80
36,C3,91249,250,80
43,G3,91249,250,80
36,C3,91499,250,80
39,D#3,91499,250,80
43,G3,91499,500,80
36,C3,91999,500,80
39,D#3,91999,500,80
48,C4,91999,500,80
41,F3,92499,500,80
45,A3,92499,500,80
48,C4,92499,500,80
41,F3,92999,500,80
45,A3,92999,500,80
45,A3,92999,250,80
48,C4,93249,250,80
41,F3,93249,250,80
48,C4,93249,500,80
41,F3,93749,500,80
45,A3,93749,500,80
65,F5,93749,250,80
46,A#3,93999,500,80
34,A#2,94499,500,80
38,D3,94499,500,80
41,F3,94499,500,80
46,A#3,94499,500,80
34,A#2,94999,500,80
38,D3,94999,500,80
41,F3,94999,500,80
46,A#3,94999,250,80
34,A#2,95249,250,80
38,D3,95249,250,80
41,F3,95249,250,80
41,F3,95249,250,80
46,A#3,95499,250,80
34,A#2,95499,250,80
38,D3,95499,250,80
34,A#2,95499,500,80
38,D3,95999,500,80
41,F3,95999,500,80
46,A#3,95999,500,80
43,G3,95999,1250,80
36,C3,97249,1250,80
39,D#3,97249,1250,80
43,G3,97249,250,80
36,C3,97499,250,80
39,D#3,97499,250,80
36,C3,97499,250,80
39,D#3,97749,250,80
43,G3,97749,250,80
43,G3,97749,500,80
36,C3,98249,500,80
39,D#3,98249,500,80
48,C4,98249,500,80
41,F3,98749,500,80
45,A3,98749,500,80
48,C4,98749,500,80
41,F3,99249,500,80
45,A3,99249,500,80
48,C4,99249,250,80
41,F3,99499,250,80
45,A3,99499,250,80
48,C4,99499,250,80
41,F3,99749,250,80
45,A3,99749,250,80
48,C4,99749,500,80
41,F3,100249,500,80
45,A3,100249,500,80
48,C4,100249,500,80
41,F3,100749,500,80
45,A3,100749,499,80
48,C4,100749,500,80
41,F3,101249,500,80
45,A3,101249,501,80
48,C4,101249,250,80
41,F3,101499,250,80
45,A3,101499,249,80
48,C4,101499,250,80
41,F3,101749,250,80
45,A3,101749,251,80
48,C4,101749,500,80
41,F3,102249,500,80
45,A3,102249,499,80
48,C4,102249,500,80
41,F3,102749,500,80
45,A3,102749,501,80
48,C4,102749,500,80
41,F3,103249,500,80
45,A3,103249,500,80
41,F3,103249,250,80
45,A3,103499,250,80
48,C4,103499,250,80
48,C4,103499,250,80
41,F3,103749,250,80
45,A3,103749,249,80
48,C4,103749,500,80
41,F3,104249,500,80
45,A3,104249,501,80
46,A#3,104249,500,80
34,A#2,104749,500,80
38,D3,104749,500,80
41,F3,104749,500,80
46,A#3,104749,500,80
34,A#2,105249,500,80
38,D3,105249,500,80
41,F3,105249,500,80
46,A#3,105249,250,80
34,A#2,105499,250,80
38,D3,105499,250,80
41,F3,105499,250,80
46,A#3,105499,250,80
34,A#2,105749,250,80
38,D3,105749,250,80
41,F3,105749,250,80
34,A#2,105749,500,80
38,D3,106249,500,80
41,F3,106249,500,80
46,A#3,106249,500,80
43,G3,106249,500,80
36,C3,106749,500,80
39,D#3,106749,500,80
43,G3,106749,500,80
36,C3,107249,500,80
39,D#3,107249,500,80
43,G3,107249,250,80
36,C3,107499,250,80
39,D#3,107499,250,80
36,C3,107499,250,80
39,D#3,107749,250,80
43,G3,107749,250,80
43,G3,107749,500,80
36,C3,108249,500,80
39,D#3,108249,500,80
48,C4,108249,500,80
41,F3,108749,500,80
45,A3,108749,499,80
48,C4,108749,500,80
41,F3,109249,500,80
45,A3,109249,501,80
48,C4,109249,250,80
41,F3,109499,250,80
45,A3,109499,249,80
41,F3,109499,250,80
45,A3,109749,250,80
48,C4,109749,251,80
48,C4,109749,500,80
41,F3,110249,500,80
45,A3,110249,499,80
46,A#3,110249,500,80
34,A#2,110749,500,80
38,D3,110749,500,80
41,F3,110749,501,80
46,A#3,110749,500,80
34,A#2,111249,500,80
38,D3,111249,500,80
41,F3,111249,500,80
46,A#3,111249,250,80
34,A#2,111499,250,80
38,D3,111499,250,80
41,F3,111499,250,80
38,D3,111499,250,80
41,F3,111749,250,80
46,A#3,111749,250,80
34,A#2,111749,249,80
34,A#2,111749,500,80
38,D3,112249,500,80
41,F3,112249,500,80
46,A#3,112249,501,80
43,G3,112249,1250,80
36,C3,113499,1250,80
39,D#3,113499,1250,80
43,G3,113499,250,80
36,C3,113749,250,80
39,D#3,113749,250,80
43,G3,113749,250,80
36,C3,113999,250,80
39,D#3,113999,250,80
43,G3,113999,500,80
36,C3,114499,500,80
39,D#3,114499,500,80
41,F3,114499,500,80
45,A3,114999,500,80
48,C4,114999,500,80
41,F3,114999,500,80
45,A3,115499,500,80
48,C4,115499,500,80
48,C4,115499,250,80
41,F3,115749,250,80
45,A3,115749,250,80
45,A3,115749,250,80
48,C4,115999,250,80
41,F3,115999,249,80
48,C4,115999,500,80
41,F3,116499,500,80
45,A3,116499,501,80
48,C4,116499,500,80
41,F3,116999,500,80
45,A3,116999,500,80
48,C4,116999,500,80
41,F3,117499,500,80
45,A3,117499,499,80
48,C4,117499,250,80
41,F3,117749,250,80
45,A3,117749,251,80
45,A3,117749,250,80
48,C4,117999,250,80
41,F3,117999,250,80
41,F3,117999,500,80
45,A3,118499,500,80
48,C4,118499,500,80
46,A#3,118499,500,80
34,A#2,118999,500,80
38,D3,118999,500,80
41,F3,118999,499,80
46,A#3,118999,500,80
34,A#2,119499,500,80
38,D3,119499,500,80
41,F3,119499,501,80
46,A#3,119499,250,80
34,A#2,119749,250,80
38,D3,119749,250,80
41,F3,119749,249,80
38,D3,119749,250,80
41,F3,119999,250,80
46,A#3,119999,250,80
34,A#2,119999,251,80
41,F3,119999,500,80
46,A#3,120499,500,80
34,A#2,120499,500,80
38,D3,120499,500,80
46,A#3,120499,500,80
34,A#2,120999,500,80
38,D3,120999,500,80
41,F3,120999,500,80
46,A#3,120999,500,80
34,A#2,121499,500,80
38,D3,121499,500,80
41,F3,121499,500,80
46,A#3,121499,250,80
34,A#2,121749,250,80
38,D3,121749,250,80
41,F3,121749,250,80
41,F3,121749,250,80
46,A#3,121999,250,80
34,A#2,121999,250,80
38,D3,121999,250,80
34,A#2,121999,500,80
38,D3,122499,500,80
41,F3,122499,500,80
46,A#3,122499,500,80
46,A#3,122499,500,80
34,A#2,122999,500,80
38,D3,122999,500,80
41,F3,122999,500,80
46,A#3,122999,500,80
34,A#2,123499,500,80
38,D3,123499,500,80
41,F3,123499,500,80
46,A#3,123499,250,80
34,A#2,123749,250,80
38,D3,123749,250,80
41,F3,123749,250,80
46,A#3,123749,250,80
34,A#2,123999,250,80
38,D3,123999,250,80
41,F3,123999,250,80
46,A#3,123999,500,80
34,A#2,124499,500,80
38,D3,124499,500,80
41,F3,124499,500,80
46,A#3,124499,500,80
34,A#2,124999,500,80
38,D3,124999,500,80
41,F3,124999,500,80
38,D3,124999,500,80
41,F3,125499,500,80
46,A#3,125499,500,80
34,A#2,125499,499,80
34,A#2,125499,250,80
38,D3,125749,250,80
41,F3,125749,250,80
46,A#3,125749,251,80
46,A#3,125749,250,80
34,A#2,125999,250,80
38,D3,125999,250,80
41,F3,125999,250,80
46,A#3,125999,500,80
34,A#2,126499,500,80
38,D3,126499,500,80
41,F3,126499,500,80
43,G3,126499,500,80
36,C3,126999,500,80
39,D#3,126999,499,80
43,G3,126999,500,80
36,C3,127499,500,80
39,D#3,127499,501,80
43,G3,127499,250,80
36,C3,127749,250,80
39,D#3,127749,249,80
39,D#3,127749,250,80
43,G3,127999,250,80
36,C3,127999,251,80
36,C3,127999,500,80
39,D#3,128499,500,80
43,G3,128499,500,80
46,A#3,128499,500,80
34,A#2,128999,500,80
38,D3,128999,500,80
41,F3,128999,500,80
46,A#3,128999,500,80
34,A#2,129499,500,80
38,D3,129499,500,80
41,F3,129499,500,80
46,A#3,129499,250,80
34,A#2,129749,250,80
38,D3,129749,250,80
41,F3,129749,250,80
38,D3,129749,250,80
41,F3,129999,250,80
46,A#3,129999,250,80
34,A#2,129999,250,80
41,F3,129999,500,80
46,A#3,130499,500,80
34,A#2,130499,500,80
38,D3,130499,500,80
43,G3,130499,500,80
36,C3,130999,500,80
39,D#3,130999,500,80
43,G3,130999,500,80
36,C3,131499,500,80
39,D#3,131499,500,80
43,G3,131499,250,80
36,C3,131749,250,80
39,D#3,131749,250,80
43,G3,131749,250,80
36,C3,131999,250,80
39,D#3,131999,250,80
39,D#3,131999,500,80
43,G3,132499,500,80
36,C3,132499,500,80
48,C4,132499,500,80
41,F3,132999,500,80
45,A3,132999,500,80
41,F3,132999,500,80
45,A3,133499,500,80
48,C4,133499,500,80
48,C4,133499,250,80
41,F3,133749,250,80
45,A3,133749,250,80
48,C4,133749,250,80
41,F3,133999,250,80
45,A3,133999,250,80
48,C4,133999,500,80
41,F3,134499,500,80
45,A3,134499,500,80
38,D3,134499,1494,80
41,F3,135993,1494,80
46,A#3,135993,1494,80
34,A#2,135993,1494,80