66,F#5,0,375,71
64,E5,375,375,69
66,F#5,750,375,81
64,E5,1125,375,70
59,B4,1500,1351,64
66,F#5,3000,375,91
64,E5,3375,375,71
66,F#5,3750,375,81
64,E5,4125,375,72
58,A#4,4500,1351,63
66,F#5,6000,375,91
64,E5,6375,375,73
66,F#5,6750,375,81
64,E5,7125,375,70
66,F#5,7500,375,84
64,E5,7875,375,71
66,F#5,8250,375,80
64,E5,8625,375,70
61,C#5,9000,2851,71
66,F#5,12000,374,86
64,E5,12374,376,72
66,F#5,12750,375,82
64,E5,13125,375,72
59,B4,13500,1351,63
66,F#5,15000,374,91
64,E5,15374,376,73
66,F#5,15750,375,78
64,E5,16125,375,73
58,A#4,16500,1351,65
66,F#5,18000,375,92
64,E5,18375,374,72
66,F#5,18749,376,79
64,E5,19125,375,70
66,F#5,19500,375,82
64,E5,19875,375,73
66,F#5,20250,375,80
64,E5,20625,375,71
61,C#5,21000,1007,71
57,A4,22125,375,64
54,F#4,22500,1007,66
59,B4,23625,375,85
66,F#5,24000,375,94
66,F#5,24375,374,79
64,E5,24749,376,70
66,F#5,25125,1382,79
59,B4,26625,375,62
66,F#5,27000,375,91
64,E5,27375,374,72
64,E5,27749,376,77
58,A#4,28125,1382,64
59,B4,29625,375,81
66,F#5,30000,375,95
64,E5,30375,374,72
64,E5,30749,376,77
62,D5,31125,375,69
62,D5,31500,375,80
64,E5,31875,375,81
69,A5,32250,375,86
66,F#5,32625,2882,72
59,B4,35625,375,61
66,F#5,36000,375,90
66,F#5,36375,375,78
64,E5,36750,375,70
66,F#5,37125,1382,78
71,B5,38625,375,85
73,C#6,39000,375,85
69,A5,39375,375,67
64,E5,39750,375,63
66,F#5,40125,375,79
62,D5,40500,1007,69
59,B4,41625,375,69
66,F#5,42000,375,91
64,E5,42375,375,75
64,E5,42750,375,78
62,D5,43125,374,73
64,E5,43499,376,81
66,F#5,43875,375,81
69,A5,44250,375,82
59,B4,44625,3226,59
62,D5,48000,671,86
61,C#5,48750,375,77
62,D5,49125,374,80
64,E5,49499,672,81
62,D5,50250,375,74
64,E5,50625,375,80
66,F#5,51000,671,85
69,A5,51750,671,84
59,B4,52500,1007,57
66,F#5,53625,375,85
66,F#5,54000,375,82
64,E5,54375,375,70
64,E5,54750,375,76
69,A5,55125,374,88
71,B5,55499,376,86
73,C#6,55875,375,81
69,A5,56250,375,67
64,E5,56625,375,63
66,F#5,57000,1500,80
57,A4,58500,1500,80
57,A4,58500,1500,72
60,C5,60000,1500,72
64,E5,60000,1500,72
62,D5,60000,671,72
61,C#5,60750,375,74
62,D5,61125,374,78
64,E5,61499,672,81
62,D5,62250,375,74
64,E5,62625,375,78
66,F#5,63000,671,82
69,A5,63750,671,84
71,B5,64500,1007,80
59,B4,65625,375,57
62,D5,66000,375,80
62,D5,66375,375,77
62,D5,66750,375,75
62,D5,67125,375,75
64,E5,67500,671,82
61,C#5,68250,671,69
59,B4,69000,2101,73
74,D6,71250,187,98
73,C#6,71437,188,74
71,B5,71625,187,70
69,A5,71812,188,71
69,A5,72000,375,77
71,B5,72375,187,82
71,B5,72562,563,75
62,D5,73125,375,60
64,E5,73500,671,77
73,C#6,74250,187,95
71,B5,74437,188,73
69,A5,74625,187,72
67,G5,74812,187,68
67,G5,74999,376,80
69,A5,75375,187,82
69,A5,75562,563,77
64,E5,76125,375,66
66,F#5,76500,671,78
59,B4,77250,375,66
61,C#5,77625,375,77
66,F#5,78000,375,89
69,A5,78375,187,86
71,B5,78562,188,81
71,B5,78750,375,79
66,F#5,79125,375,65
64,E5,79500,375,71
62,D5,79875,375,71
64,E5,80250,375,79
66,F#5,80625,375,80
66,F#5,81000,2101,81
74,D6,83250,187,91
73,C#6,83437,188,73
71,B5,83625,187,69
69,A5,83812,188,69
69,A5,84000,375,77
71,B5,84375,187,80
71,B5,84562,563,78
62,D5,85125,375,57
64,E5,85500,671,77
73,C#6,86250,187,93
71,B5,86437,188,75
69,A5,86625,187,70
67,G5,86812,187,70
67,G5,86999,376,79
69,A5,87375,187,79
69,A5,87562,563,76
64,E5,88125,375,65
66,F#5,88500,671,80
59,B4,89250,375,64
61,C#5,89625,375,78
64,E5,90000,375,84
66,F#5,90375,375,82
64,E5,90750,375,72
64,E5,91125,375,74
69,A5,91500,375,88
71,B5,91875,375,81
66,F#5,92250,375,69
62,D5,92625,375,64
62,D5,93000,375,76
61,C#5,93375,375,72
59,B4,93750,2101,72
--end--
31,G2,0,375,70
38,D3,375,375,87
43,G3,750,1351,89
31,G2,3000,375,70
38,D3,3375,375,88
46,A#3,3750,671,90
31,G2,6000,375,70
38,D3,6375,375,88
43,G3,6750,671,87
33,A2,7500,375,61
40,E3,7875,375,85
49,C#4,8250,671,94
38,D3,9000,374,63
42,F#3,9374,376,81
49,C#4,9750,187,93
50,D4,9937,188,82
54,F#4,10125,187,85
57,A4,10312,188,82
42,F#3,10500,1500,71
47,B3,12000,1500,71
51,D#4,12000,1500,71
54,F#4,12000,1500,71
35,B2,12000,1500,71
40,E3,12000,374,71
47,B3,12374,376,89
52,E4,12750,335,85
31,G2,15000,374,72
38,D3,15374,376,89
46,A#3,15750,335,93
31,G2,18000,375,69
38,D3,18375,374,89
43,G3,18749,672,85
21,A1,19500,671,55
40,E3,20250,375,97
49,C#4,20625,375,95
38,D3,21000,375,63
42,F#3,21375,374,80
49,C#4,21749,188,94
50,D4,21937,188,81
54,F#4,22125,187,85
57,A4,22312,188,82
54,F#4,22500,1500,70
35,B2,24000,1500,70
42,F#3,24000,1500,70
47,B3,24000,1500,70
51,D#4,24000,1500,70
31,G2,24000,375,72
38,D3,24375,374,87
43,G3,24749,672,88
43,G3,25500,1351,79
31,G2,27000,375,56
38,D3,27375,374,88
43,G3,27749,376,88
46,A#3,28125,1046,85
33,A2,30000,375,71
40,E3,30375,374,86
45,A3,30749,376,88
49,C#4,31125,375,85
52,E4,31500,671,83
38,D3,33000,375,72
45,A3,33375,375,89
49,C#4,33750,375,87
50,D4,34125,375,81
61,C#5,34500,1500,98
54,F#4,36000,1500,98
31,G2,36000,375,69
38,D3,36375,375,90
43,G3,36750,375,86
47,B3,37125,1351,85
42,F#3,39000,375,70
49,C#4,39375,375,89
54,F#4,39750,1351,88
40,E3,42000,375,69
47,B3,42375,375,89
52,E4,42750,375,88
55,G4,43125,374,83
33,A2,43499,376,58
40,E3,43875,375,87
45,A3,44250,375,87
49,C#4,44625,375,86
35,B2,45000,375,62
42,F#3,45375,375,85
47,B3,45750,375,89
49,C#4,46125,375,84
50,D4,46500,1351,80
31,G2,48000,375,60
38,D3,48375,375,85
43,G3,48750,671,88
33,A2,49499,376,63
40,E3,49875,375,85
45,A3,50250,671,89
26,D2,51000,671,61
45,A3,51750,750,91
42,F#3,52500,750,91
35,B2,52500,375,64
42,F#3,52875,375,88
47,B3,53250,671,85
28,E2,54000,375,61
35,B2,54375,375,84
40,E3,54750,671,88
33,A2,55499,376,66
40,E3,55875,375,88
45,A3,56250,671,85
26,D2,57000,375,60
33,A2,57375,375,87
38,D3,57750,375,88
33,A2,58125,375,68
33,A2,58500,375,76
40,E3,58875,375,90
45,A3,59250,671,89
31,G2,60000,375,59
38,D3,60375,375,84
43,G3,60750,671,88
33,A2,61499,376,62
40,E3,61875,375,85
45,A3,62250,671,86
30,F#2,63000,375,59
37,C#3,63375,375,88
42,F#3,63750,375,88
45,A3,64125,375,86
35,B2,64500,375,62
42,F#3,64875,375,87
47,B3,65250,671,87
28,E2,66000,375,59
35,B2,66375,375,87
40,E3,66750,375,86
43,G3,67125,375,82
33,A2,67500,375,64
40,E3,67875,375,86
45,A3,68250,375,85
49,C#4,68625,375,85
35,B2,69000,375,60
42,F#3,69375,375,85
47,B3,69750,375,87
49,C#4,70125,375,80
50,D4,70500,1351,80
31,G2,72000,375,59
38,D3,72375,375,85
47,B3,72750,671,94
33,A2,73500,375,61
40,E3,73875,375,87
45,A3,74250,671,89
30,F#2,74999,376,59
37,C#3,75375,375,85
42,F#3,75750,671,87
35,B2,76500,375,65
42,F#3,76875,375,89
47,B3,77250,671,87
33,A2,78000,375,58
40,E3,78375,375,85
45,A3,78750,375,89
28,E2,79125,187,57
40,E3,79312,188,95
33,A2,79500,375,66
40,E3,79875,375,88
45,A3,80250,671,89
38,D3,81000,375,67
45,A3,81375,375,87
50,D4,81750,375,88
45,A3,82125,375,66
52,E4,82500,375,99
57,A4,82875,375,99
48,C4,82875,375,99
38,D3,82875,375,56
45,A3,83250,375,86
50,D4,83625,375,88
31,G2,84000,375,58
38,D3,84375,375,86
47,B3,84750,671,93
31,G2,85500,375,62
40,E3,85875,375,90
45,A3,86250,671,89
30,F#2,86999,376,59
37,C#3,87375,375,87
42,F#3,87750,671,88
35,B2,88500,375,67
42,F#3,88875,375,88
47,B3,89250,671,88
40,E3,90000,375,67
47,B3,90375,375,88
52,E4,90750,375,85
55,G4,91125,375,82
42,F#3,91500,375,58
49,C#4,91875,375,85
54,F#4,92250,375,87
57,A4,92625,375,85
35,B2,93000,375,61
42,F#3,93375,375,88
47,B3,93750,375,88
49,C#4,94125,375,80
50,D4,94500,375,81
54,F#4,94875,375,85
59,B4,95250,335,86