50,D4,0,1165,112
54,F#4,1165,1165,112
57,A4,1165,1165,112
64,E5,1165,412,112
61,C#5,1601,413,112
61,C#5,2038,273,112
52,E4,2330,1165,112
56,G#4,3495,1165,112
59,B4,3495,1165,112
64,E5,3495,412,112
61,C#5,3932,412,112
59,B4,4368,273,112
57,A4,4660,1165,112
61,C#5,5825,1165,112
64,E5,5825,412,112
61,C#5,6262,412,112
59,B4,6699,273,112
56,G#4,6990,1165,112
59,B4,8155,1165,112
61,C#5,8155,552,112
56,G#4,8737,553,112
54,F#4,9320,2330,112
57,A4,11650,2330,112
61,C#5,11650,133,112
59,B4,11796,206,112
59,B4,12014,206,112
59,B4,12233,133,112
57,A4,12378,206,112
54,F#4,12597,206,112
61,C#5,12815,134,112
59,B4,12961,206,112
59,B4,13179,206,112
59,B4,13398,206,112
57,A4,13616,206,112
54,F#4,13834,134,112
57,A4,13980,2330,112
61,C#5,16310,2330,112
61,C#5,16310,134,112
59,B4,16456,206,112
59,B4,16674,207,112
59,B4,16893,133,112
57,A4,17038,207,112
54,F#4,17257,206,112
61,C#5,17475,134,112
59,B4,17621,206,112
59,B4,17839,207,112
59,B4,18058,206,112
57,A4,18276,207,112
54,F#4,18495,133,112
57,A4,18640,552,112
59,B4,19223,552,112
64,E5,21553,133,112
64,E5,21699,133,112
59,B4,21844,134,112
59,B4,21990,133,112
64,E5,22135,273,112
59,B4,22427,273,112
59,B4,22718,552,112
64,E5,23883,273,112
59,B4,24174,134,112
59,B4,24320,133,112
64,E5,24466,273,112
59,B4,24757,273,112
59,B4,25048,552,112
59,B4,26067,134,112
64,E5,26213,134,112
64,E5,26359,133,112
59,B4,26504,134,112
59,B4,26650,133,112
64,E5,26796,273,112
59,B4,27087,273,112
59,B4,27378,273,112
57,A4,27669,273,112
61,C#5,27961,273,112
64,E5,28252,273,112
62,D5,28543,273,112
61,C#5,28834,273,112
59,B4,29126,273,112
57,A4,29417,273,112
57,A4,29708,273,112
57,A4,29999,274,112
61,C#5,30291,273,112
64,E5,30582,273,112
62,D5,30873,273,112
61,C#5,31165,273,112
59,B4,31456,552,112
57,A4,32330,273,112
61,C#5,32621,273,112
64,E5,32912,273,112
62,D5,33203,273,112
61,C#5,33495,273,112
59,B4,33786,273,112
57,A4,34077,273,112
57,A4,34368,273,112
57,A4,34660,273,112
61,C#5,34951,273,112
64,E5,35242,273,112
62,D5,35533,274,112
61,C#5,35825,273,112
59,B4,36116,552,112
57,A4,36990,273,112
61,C#5,37281,273,112
64,E5,37572,273,112
62,D5,37864,273,112
61,C#5,38155,273,112
59,B4,38446,273,112
57,A4,38737,273,112
57,A4,39029,273,112
57,A4,39320,273,112
61,C#5,39611,273,112
64,E5,39902,273,112
62,D5,40194,273,112
61,C#5,40485,273,112
59,B4,40776,552,112
61,C#5,42232,207,112
61,C#5,42451,206,112
59,B4,42669,207,112
59,B4,42888,133,112
59,B4,43033,286,112
61,C#5,43398,206,112
61,C#5,43616,206,112
59,B4,43834,207,112
59,B4,44053,206,112
59,B4,44271,207,112
57,A4,44490,206,112
57,A4,44999,207,112
57,A4,45218,206,112
59,B4,45436,207,112
57,A4,45655,206,112
57,A4,45873,207,112
57,A4,46092,479,112
64,E5,47475,582,112
54,F#4,48057,582,112
57,A4,48057,583,112
61,C#5,48057,273,112
47,B3,48639,582,112
52,E4,49221,582,112
56,G#4,49221,583,112
57,A4,49221,273,112
52,E4,49803,582,112
57,A4,50385,582,112
64,E5,50385,583,112
61,C#5,50385,273,112
44,G#3,50967,582,112
49,C#4,51549,582,112
56,G#4,51549,583,112
54,F#4,51549,273,112
54,F#4,52131,582,112
57,A4,52713,582,112
64,E5,52713,583,112
61,C#5,52713,273,112
52,E4,53295,582,112
56,G#4,53877,582,112
61,C#5,53877,583,112
59,B4,53877,273,112
57,A4,54459,134,112
57,A4,54605,134,112
59,B4,54751,273,112
57,A4,55042,134,112
57,A4,55188,133,112
57,A4,55333,552,112
54,F#4,56790,582,112
57,A4,57372,582,112
64,E5,57372,582,112
61,C#5,57372,273,112
47,B3,57955,582,112
52,E4,58537,582,112
56,G#4,58537,582,112
57,A4,58537,273,112
52,E4,59120,582,112
57,A4,59702,582,112
64,E5,59702,582,112
61,C#5,59702,273,112
49,C#4,60285,582,112
56,G#4,60867,582,112
44,G#3,60867,582,112
54,F#4,60867,273,112
54,F#4,61450,582,112
57,A4,62032,582,112
64,E5,62032,582,112
61,C#5,62032,273,112
52,E4,62615,582,112
56,G#4,63197,582,112
61,C#5,63197,582,112
59,B4,63197,273,112
52,E4,63780,582,112
56,G#4,64362,582,112
61,C#5,64362,582,112
59,B4,64362,273,112
59,B4,64654,273,112
57,A4,64945,273,112
54,F#4,65236,2330,112
57,A4,67566,2330,112
61,C#5,67566,134,112
59,B4,67712,206,112
59,B4,67930,207,112
59,B4,68149,133,112
57,A4,68294,207,112
54,F#4,68513,206,112
61,C#5,68731,134,112
59,B4,68877,206,112
59,B4,69095,207,112
59,B4,69314,206,112
57,A4,69532,207,112
54,F#4,69751,133,112
57,A4,69896,2330,112
61,C#5,72226,2330,112
64,E5,72226,134,112
61,C#5,72372,206,112
61,C#5,72591,206,112
61,C#5,72809,206,112
57,A4,73100,207,112
64,E5,73319,133,112
61,C#5,73464,207,112
61,C#5,73683,206,112
61,C#5,73901,207,112
61,C#5,74120,206,112
59,B4,74338,206,112
59,B4,74557,412,112
57,A4,74993,413,112
64,E5,77469,134,112
64,E5,77615,133,112
59,B4,77760,134,112
59,B4,77906,134,112
64,E5,78052,273,112
59,B4,78343,273,112
59,B4,78634,552,112
64,E5,79799,273,112
59,B4,80091,133,112
59,B4,80236,134,112
64,E5,80382,273,112
59,B4,80673,273,112
59,B4,80964,553,112
57,A4,81984,133,112
66,F#5,82129,134,112
64,E5,82275,134,112
64,E5,82421,133,112
61,C#5,82566,134,112
59,B4,82712,273,112
61,C#5,83003,273,112
59,B4,83294,273,112
57,A4,83586,273,112
61,C#5,83877,273,112
64,E5,84168,273,112
62,D5,84459,274,112
61,C#5,84751,273,112
59,B4,85042,273,112
57,A4,85333,273,112
57,A4,85625,273,112
57,A4,85916,273,112
61,C#5,86207,273,112
64,E5,86498,273,112
62,D5,86790,273,112
61,C#5,87081,273,112
59,B4,87372,552,112
57,A4,88246,273,112
61,C#5,88537,273,112
64,E5,88828,273,112
62,D5,89120,273,112
61,C#5,89411,273,112
59,B4,89702,273,112
57,A4,89993,274,112
57,A4,90285,273,112
57,A4,90576,273,112
61,C#5,90867,273,112
64,E5,91159,273,112
62,D5,91450,273,112
61,C#5,91741,273,112
59,B4,92032,552,112
57,A4,92906,273,112
61,C#5,93197,273,112
64,E5,93489,273,112
62,D5,93780,273,112
61,C#5,94071,273,112
59,B4,94362,273,112
57,A4,94654,273,112
57,A4,94945,273,112
57,A4,95236,273,112
61,C#5,95527,274,112
64,E5,95819,273,112
62,D5,96110,273,112
61,C#5,96401,273,112
59,B4,96692,553,112
61,C#5,98149,206,112
61,C#5,98367,207,112
59,B4,98586,206,112
59,B4,98804,134,112
59,B4,98950,285,112
61,C#5,99314,206,112
61,C#5,99532,207,112
59,B4,99751,206,112
59,B4,99969,206,112
59,B4,100188,206,112
57,A4,100406,206,112
57,A4,100916,206,112
57,A4,101134,207,112
59,B4,101353,206,112
57,A4,101571,206,112
57,A4,101790,206,112
57,A4,102008,479,112
64,E5,103392,582,112
54,F#4,103974,582,112
57,A4,103974,582,112
61,C#5,103974,273,112
47,B3,104557,582,112
52,E4,105139,582,112
56,G#4,105139,582,112
57,A4,105139,273,112
52,E4,105722,582,112
57,A4,106304,582,112
64,E5,106304,582,112
61,C#5,106304,273,112
44,G#3,106887,582,112
49,C#4,107469,582,112
56,G#4,107469,582,112
54,F#4,107469,273,112
54,F#4,108052,582,112
57,A4,108634,582,112
64,E5,108634,582,112
61,C#5,108634,273,112
52,E4,109217,582,112
56,G#4,109799,582,112
61,C#5,109799,582,112
59,B4,109799,273,112
57,A4,110382,133,112
57,A4,110527,134,112
59,B4,110673,273,112
57,A4,110964,134,112
57,A4,111110,133,112
57,A4,111256,552,112
54,F#4,112712,582,112
57,A4,113294,582,112
64,E5,113294,582,112
61,C#5,113294,273,112
47,B3,113877,582,112
52,E4,114459,582,112
56,G#4,114459,582,112
57,A4,114459,274,112
52,E4,115042,582,112
57,A4,115624,582,112
64,E5,115624,583,112
61,C#5,115624,273,112
49,C#4,116206,582,112
56,G#4,116788,582,112
44,G#3,116788,583,112
54,F#4,116788,273,112
54,F#4,117370,582,112
57,A4,117952,582,112
64,E5,117952,583,112
61,C#5,117952,273,112
52,E4,118534,582,112
56,G#4,119116,582,112
61,C#5,119116,583,112
59,B4,119116,273,112
52,E4,119698,582,112
56,G#4,120280,582,112
61,C#5,120280,583,112
59,B4,120280,273,112
59,B4,120571,273,112
57,A4,120862,273,112
54,F#4,122027,582,112
57,A4,122609,582,112
64,E5,122609,583,112
61,C#5,122609,273,112
56,G#4,123191,582,112
47,B3,123773,582,112
52,E4,123773,583,112
57,A4,123773,273,112
52,E4,124355,582,112
57,A4,124937,582,112
64,E5,124937,583,112
61,C#5,124937,273,112
44,G#3,125519,582,112
49,C#4,126101,582,112
56,G#4,126101,583,112
54,F#4,126101,273,112
54,F#4,126683,582,112
57,A4,127265,582,112
64,E5,127265,583,112
61,C#5,127265,273,112
52,E4,127848,582,112
56,G#4,128430,582,112
61,C#5,128430,582,112
59,B4,128430,273,112
57,A4,129013,133,112
57,A4,129158,134,112
59,B4,129304,273,112
57,A4,129595,134,112
57,A4,129741,133,112
57,A4,129886,553,112
54,F#4,131343,582,112
57,A4,131925,582,112
64,E5,131925,582,112
61,C#5,131925,273,112
47,B3,132508,582,112
52,E4,133090,582,112
56,G#4,133090,582,112
57,A4,133090,273,112
52,E4,133673,582,112
57,A4,134255,582,112
64,E5,134255,582,112
61,C#5,134255,273,112
44,G#3,134838,582,112
49,C#4,135420,582,112
56,G#4,135420,582,112
54,F#4,135420,273,112
54,F#4,136003,582,112
57,A4,136585,582,112
64,E5,136585,582,112
61,C#5,136585,273,112
52,E4,137168,582,112
56,G#4,137750,582,112
61,C#5,137750,582,112
59,B4,137750,274,112
52,E4,138333,582,112
56,G#4,138915,582,112
61,C#5,138915,582,112
59,B4,138915,274,112
59,B4,139207,273,112
45,A3,139498,273,112
49,C#4,139789,273,112
52,E4,140081,273,112
50,D4,140372,273,112
49,C#4,140663,273,112
47,B3,140954,273,112
45,A3,141246,273,112
45,A3,141537,273,112
45,A3,141828,273,112
44,G#3,142119,273,112
44,G#3,142411,273,112
44,G#3,142702,273,112
45,A3,142993,273,112
45,A3,143284,553,112
45,A3,144158,273,112
49,C#4,144449,274,112
52,E4,144741,273,112
50,D4,145032,273,112
49,C#4,145323,273,112
47,B3,145615,273,112
45,A3,145906,273,112
45,A3,146197,273,112
45,A3,146488,273,112
49,C#4,146780,273,112
52,E4,147071,273,112
50,D4,147362,273,112
49,C#4,147653,273,112
47,B3,147945,552,112
45,A3,148818,273,112
52,E4,149110,291,112
64,E5,149401,291,112
64,E5,149401,291,112
52,E4,149692,291,112
64,E5,149692,291,112
52,E4,149983,291,112
64,E5,149983,291,112
52,E4,150274,292,112
66,F#5,150274,291,112
54,F#4,150565,291,112
52,E4,150565,291,112
64,E5,150856,291,112
64,E5,150856,291,112
52,E4,151147,292,112
49,C#4,151147,291,112
61,C#5,151438,291,112
61,C#5,151438,291,112
49,C#4,151729,291,112
59,B4,151729,291,112
47,B3,152020,291,112
59,B4,152020,291,112
47,B3,152311,292,112
59,B4,152311,291,112
47,B3,152602,291,112
61,C#5,152602,1529,112
49,C#4,154131,1529,112
49,C#4,154131,133,112
49,C#4,154277,206,112
47,B3,154495,206,112
47,B3,154713,207,112
47,B3,154932,273,112
45,A3,155223,206,112
45,A3,155442,206,112
45,A3,155660,206,112
45,A3,155878,207,112
45,A3,156097,133,112
47,B3,156243,273,112
45,A3,156971,206,112
47,B3,157189,206,112
45,A3,157408,206,112
45,A3,157626,206,112
45,A3,157845,552,112
61,C#5,159301,273,112
61,C#5,159592,273,112
61,C#5,159883,273,112
57,A4,160175,273,112
59,B4,160466,825,112
61,C#5,161631,273,112
61,C#5,161922,273,112
61,C#5,162213,274,112
62,D5,162505,273,112
61,C#5,162796,552,112
57,A4,163378,553,112
61,C#5,163961,273,112
61,C#5,164252,273,112
61,C#5,164544,273,112
57,A4,164835,273,112
59,B4,165126,825,112
57,A4,166291,134,112
57,A4,166437,133,112
59,B4,166582,273,112
57,A4,166874,133,112
57,A4,167019,134,112
57,A4,167165,552,112
61,C#5,168621,273,112
61,C#5,168912,274,112
61,C#5,169204,273,112
62,D5,169495,273,112
61,C#5,169786,826,112
61,C#5,170951,273,112
61,C#5,171243,273,112
61,C#5,171534,273,112
62,D5,171825,273,112
61,C#5,172116,553,112
59,B4,172699,552,112
57,A4,173281,273,112
61,C#5,173573,273,112
61,C#5,173864,273,112
57,A4,174155,273,112
59,B4,174446,826,112
64,E5,175612,133,112
64,E5,175757,134,112
64,E5,175903,273,112
61,C#5,176194,134,112
61,C#5,176340,133,112
59,B4,176485,273,112
57,A4,176777,273,112
64,E5,177942,582,112
54,F#4,178524,582,112
57,A4,178524,582,112
61,C#5,178524,273,112
47,B3,179107,582,112
52,E4,179689,582,112
56,G#4,179689,582,112
57,A4,179689,273,112
64,E5,180272,273,112
64,E5,180563,273,112
61,C#5,180854,134,112
61,C#5,181000,133,112
59,B4,181145,274,112
57,A4,181437,273,112
54,F#4,182602,582,112
57,A4,183184,582,112
64,E5,183184,582,112
61,C#5,183184,273,112
52,E4,183767,582,112
56,G#4,184349,582,112
61,C#5,184349,582,112
59,B4,184349,273,112
57,A4,184932,273,112
61,C#5,185223,273,112
57,A4,185514,134,112
57,A4,185660,134,112
57,A4,185806,552,112
54,F#4,187262,582,112
57,A4,187844,582,112
64,E5,187844,583,112
61,C#5,187844,273,112
56,G#4,188426,582,112
47,B3,189008,582,112
52,E4,189008,583,112
57,A4,189008,273,112
52,E4,189590,582,112
57,A4,190172,582,112
64,E5,190172,583,112
61,C#5,190172,273,112
44,G#3,190754,582,112
49,C#4,191336,582,112
56,G#4,191336,583,112
54,F#4,191336,273,112
54,F#4,191918,582,112
57,A4,192500,582,112
64,E5,192500,583,112
61,C#5,192500,273,112
52,E4,193082,582,112
56,G#4,193664,582,112
61,C#5,193664,583,112
59,B4,193664,273,112
66,F#5,194246,273,112
64,E5,194538,273,112
61,C#5,194829,133,112
61,C#5,194974,134,112
59,B4,195120,273,112
57,A4,195411,273,112
50,D4,195703,873,112
54,F#4,196576,873,112
57,A4,196576,873,112
61,C#5,196576,273,112
61,C#5,196868,273,112
61,C#5,197159,273,112
57,A4,197450,273,112
59,B4,197741,273,112
47,B3,198033,873,112
52,E4,198906,873,112
56,G#4,198906,873,112
61,C#5,198906,274,112
61,C#5,199198,273,112
61,C#5,199489,273,112
62,D5,199780,273,112
61,C#5,200072,273,112
49,C#4,200363,873,112
54,F#4,201236,873,112
57,A4,201236,874,112
61,C#5,201236,273,112
61,C#5,201527,273,112
61,C#5,201818,273,112
57,A4,202109,273,112
59,B4,202401,273,112
49,C#4,202692,873,112
52,E4,203565,873,112
57,A4,203565,874,112
57,A4,203565,133,112
57,A4,203710,134,112
59,B4,203856,273,112
57,A4,204147,134,112
57,A4,204293,133,112
57,A4,204438,553,112
50,D4,205021,873,112
54,F#4,205894,873,112
57,A4,205894,874,112
61,C#5,205894,273,112
61,C#5,206185,273,112
61,C#5,206476,273,112
62,D5,206768,273,112
61,C#5,207059,273,112
47,B3,207350,873,112
52,E4,208223,873,112
56,G#4,208223,874,112
61,C#5,208223,273,112
61,C#5,208514,273,112
61,C#5,208805,273,112
62,D5,209097,273,112
61,C#5,209388,273,112
49,C#4,209679,873,112
54,F#4,210552,873,112
57,A4,210552,874,112
57,A4,210552,273,112
61,C#5,210843,273,112
61,C#5,211134,274,112
57,A4,211426,273,112
59,B4,211717,273,112
49,C#4,212008,873,112
52,E4,212881,873,112
57,A4,212881,874,112
57,A4,212881,134,112
57,A4,213027,133,112
59,B4,213172,273,112
57,A4,213464,133,112
57,A4,213609,134,112
57,A4,213755,552,112
50,D4,214337,2330,126
54,F#4,216667,2330,126
57,A4,216667,2330,126
59,B4,216667,2330,80
52,E4,218997,2330,80
56,G#4,218997,2331,80
57,A4,218997,1104,80
61,C#5,220101,1104,80
--end--
45,A3,0,582,112
38,D3,582,582,112
45,A3,582,273,112
45,A3,873,273,112
45,A3,1165,552,112
45,A3,1747,273,112
45,A3,2038,273,112
47,B3,2330,582,112
40,E3,2912,582,112
47,B3,2912,273,112
47,B3,3203,273,112
47,B3,3495,552,112
47,B3,4077,273,112
47,B3,4368,273,112
49,C#4,4660,582,112
42,F#3,5242,582,112
49,C#4,5242,273,112
49,C#4,5533,274,112
49,C#4,5825,552,112
49,C#4,6407,273,112
49,C#4,6699,273,112
47,B3,6990,582,112
40,E3,7572,582,112
47,B3,7572,273,112
47,B3,7864,273,112
47,B3,8155,552,112
47,B3,8737,273,112
47,B3,9029,273,112
38,D3,9320,582,112
26,D2,9902,582,112
33,A2,9902,582,112
26,D2,9902,553,112
26,D2,10485,552,112
26,D2,11067,553,112
40,E3,11650,582,112
28,E2,12232,582,112
35,B2,12232,583,112
28,E2,12232,552,112
28,E2,12814,552,112
28,E2,13397,552,112
30,F#2,13979,582,112
37,C#3,14561,582,112
42,F#3,14561,583,112
30,F#2,14561,552,112
30,F#2,15143,552,112
30,F#2,15726,552,112
35,B2,16308,582,112
40,E3,16890,582,112
28,E2,16890,583,112
28,E2,16890,552,112
28,E2,17472,552,112
28,E2,18055,552,112
38,D3,18637,582,112
26,D2,19219,582,112
33,A2,19219,583,112
26,D2,19219,552,112
26,D2,19801,553,112
26,D2,20384,552,112
40,E3,20966,582,112
28,E2,21548,582,112
35,B2,21548,583,112
28,E2,21548,552,112
28,E2,22130,553,112
28,E2,22713,552,112
42,F#3,23295,582,112
30,F#2,23877,582,112
37,C#3,23877,583,112
30,F#2,23877,552,112
30,F#2,24460,552,112
30,F#2,25042,552,112
40,E3,25625,582,112
28,E2,26207,582,112
35,B2,26207,582,112
28,E2,26207,552,112
28,E2,26790,552,112
28,E2,27372,552,112
38,D3,27955,582,112
26,D2,28537,582,112
33,A2,28537,582,112
26,D2,28537,552,112
26,D2,29120,552,112
26,D2,29702,134,112
26,D2,29848,133,112
26,D2,29993,134,112
26,D2,30139,134,112
40,E3,30285,582,112
28,E2,30867,582,112
35,B2,30867,582,112
28,E2,30867,552,112
28,E2,31450,552,112
28,E2,32032,134,112
28,E2,32178,133,112
28,E2,32324,133,112
28,E2,32469,134,112
42,F#3,32615,582,112
30,F#2,33197,582,112
37,C#3,33197,582,112
30,F#2,33197,553,112
30,F#2,33780,552,112
30,F#2,34362,134,112
30,F#2,34508,134,112
30,F#2,34654,133,112
30,F#2,34799,134,112
28,E2,34945,582,112
35,B2,35527,582,112
40,E3,35527,582,112
28,E2,35527,553,112
28,E2,36110,552,112
28,E2,36693,133,112
28,E2,36838,134,112
28,E2,36984,133,112
28,E2,37129,134,112
38,D3,37275,582,112
26,D2,37857,582,112
33,A2,37857,583,112
26,D2,37857,552,112
26,D2,38439,552,112
26,D2,39022,133,112
26,D2,39167,134,112
26,D2,39313,133,112
26,D2,39459,133,112
40,E3,39604,582,112
28,E2,40186,582,112
35,B2,40186,583,112
28,E2,40186,552,112
28,E2,40768,552,112
28,E2,41351,133,112
28,E2,41496,134,112
28,E2,41642,133,112
28,E2,41788,133,112
37,C#3,41933,582,112
42,F#3,42515,582,112
30,F#2,42515,583,112
30,F#2,42515,552,112
30,F#2,43097,552,112
30,F#2,43680,133,112
30,F#2,43825,134,112
30,F#2,43971,134,112
30,F#2,44117,133,112
40,E3,44262,582,112
28,E2,44844,582,112
35,B2,44844,583,112
28,E2,44844,552,112
28,E2,45426,553,112
28,E2,46009,133,112
28,E2,46155,133,112
28,E2,46300,134,112
28,E2,46446,133,112
26,D2,46591,273,112
26,D2,46883,273,112
26,D2,47174,273,112
26,D2,47465,273,112
26,D2,47756,274,112
26,D2,48048,273,112
26,D2,48339,273,112
26,D2,48630,273,112
28,E2,48922,273,112
28,E2,49213,273,112
28,E2,49504,273,112
28,E2,49795,273,112
28,E2,50087,273,112
28,E2,50378,273,112
28,E2,50669,273,112
28,E2,50960,273,112
30,F#2,51252,273,112
30,F#2,51543,273,112
30,F#2,51834,273,112
30,F#2,52125,273,112
30,F#2,52417,273,112
30,F#2,52708,273,112
30,F#2,52999,273,112
30,F#2,53290,274,112
28,E2,53582,273,112
28,E2,53873,273,112
28,E2,54164,273,112
28,E2,54455,274,112
28,E2,54747,273,112
28,E2,55038,273,112
28,E2,55329,273,112
28,E2,55621,273,112
26,D2,55912,273,112
33,A2,56203,273,112
26,D2,56494,273,112
38,D3,56786,273,112
26,D2,57077,273,112
33,A2,57368,273,112
26,D2,57659,273,112
38,D3,57951,273,112
28,E2,58242,273,112
35,B2,58533,273,112
28,E2,58824,273,112
40,E3,59116,273,112
28,E2,59407,273,112
35,B2,59698,273,112
28,E2,59989,274,112
40,E3,60281,273,112
30,F#2,60572,273,112
37,C#3,60863,273,112
30,F#2,61155,273,112
42,F#3,61446,273,112
30,F#2,61737,273,112
37,C#3,62028,273,112
30,F#2,62320,273,112
42,F#3,62611,273,112
28,E2,62902,273,112
35,B2,63193,273,112
28,E2,63485,273,112
40,E3,63776,273,112
28,E2,64067,273,112
35,B2,64358,273,112
28,E2,64650,273,112
40,E3,64941,273,112
33,A2,65232,582,112
38,D3,65814,582,112
26,D2,65814,583,112
26,D2,65814,552,112
26,D2,66396,552,112
26,D2,66979,552,112
40,E3,67561,582,112
28,E2,68143,582,112
35,B2,68143,583,112
28,E2,68143,552,112
28,E2,68725,553,112
28,E2,69308,552,112
42,F#3,69890,582,112
30,F#2,70472,582,112
37,C#3,70472,583,112
30,F#2,70472,552,112
30,F#2,71054,553,112
30,F#2,71637,552,112
40,E3,72219,582,112
28,E2,72801,582,112
35,B2,72801,583,112
28,E2,72801,552,112
28,E2,73384,552,112
28,E2,73966,552,112
50,D4,74549,582,112
38,D3,75131,582,112
45,A3,75131,582,112
38,D3,75131,552,112
38,D3,75714,552,112
38,D3,76296,552,112
28,E2,76879,582,112
35,B2,77461,582,112
40,E3,77461,582,112
28,E2,77461,552,112
28,E2,78044,552,112
28,E2,78626,552,112
42,F#3,79209,582,112
30,F#2,79791,582,112
37,C#3,79791,582,112
30,F#2,79791,552,112
30,F#2,80374,552,112
30,F#2,80956,553,112
35,B2,81539,582,112
40,E3,82121,582,112
28,E2,82121,582,112
28,E2,82121,553,112
28,E2,82704,552,112
28,E2,83286,553,112
38,D3,83869,582,112
26,D2,84451,582,112
33,A2,84451,582,112
26,D2,84451,553,112
26,D2,85034,552,112
26,D2,85617,133,112
26,D2,85762,134,112
26,D2,85908,133,112
26,D2,86053,134,112
40,E3,86199,582,112
28,E2,86781,582,112
35,B2,86781,583,112
28,E2,86781,552,112
28,E2,87363,552,112
28,E2,87946,133,112
28,E2,88091,134,112
28,E2,88237,133,112
28,E2,88383,133,112
42,F#3,88528,582,112
30,F#2,89110,582,112
37,C#3,89110,583,112
30,F#2,89110,552,112
30,F#2,89692,552,112
30,F#2,90275,133,112
30,F#2,90420,134,112
30,F#2,90566,133,112
30,F#2,90712,133,112
40,E3,90857,582,112
28,E2,91439,582,112
35,B2,91439,583,112
28,E2,91439,552,112
28,E2,92021,552,112
28,E2,92604,133,112
28,E2,92749,134,112
28,E2,92895,134,112
28,E2,93041,133,112
33,A2,93186,582,112
38,D3,93768,582,112
26,D2,93768,583,112
26,D2,93768,552,112
26,D2,94350,553,112
26,D2,94933,133,112
26,D2,95079,133,112
26,D2,95224,134,112
26,D2,95370,133,112
28,E2,95515,582,112
35,B2,96097,582,112
40,E3,96097,583,112
28,E2,96097,552,112
28,E2,96679,553,112
28,E2,97262,134,112
28,E2,97408,133,112
28,E2,97553,134,112
28,E2,97699,133,112
42,F#3,97845,582,112
30,F#2,98427,582,112
37,C#3,98427,582,112
30,F#2,98427,552,112
30,F#2,99010,552,112
30,F#2,99592,134,112
30,F#2,99738,133,112
30,F#2,99883,134,112
30,F#2,100029,133,112
40,E3,100175,582,112
28,E2,100757,582,112
35,B2,100757,582,112
28,E2,100757,552,112
28,E2,101340,552,112
28,E2,101922,134,112
28,E2,102068,133,112
28,E2,102213,134,112
28,E2,102359,134,112
26,D2,102505,273,112
26,D2,102796,273,112
26,D2,103087,273,112
26,D2,103379,273,112
26,D2,103670,273,112
26,D2,103961,273,112
26,D2,104252,273,112
26,D2,104544,273,112
28,E2,104835,273,112
28,E2,105126,273,112
28,E2,105417,273,112
28,E2,105709,273,112
28,E2,106000,273,112
28,E2,106291,273,112
28,E2,106582,273,112
28,E2,106874,273,112
30,F#2,107165,273,112
30,F#2,107456,273,112
30,F#2,107747,274,112
30,F#2,108039,273,112
30,F#2,108330,273,112
30,F#2,108621,273,112
30,F#2,108912,274,112
30,F#2,109204,273,112
28,E2,109495,273,112
28,E2,109786,273,112
28,E2,110078,273,112
28,E2,110369,273,112
28,E2,110660,273,112
28,E2,110951,273,112
28,E2,111243,273,112
28,E2,111534,273,112
26,D2,111825,273,112
33,A2,112116,273,112
26,D2,112408,273,112
38,D3,112699,273,112
26,D2,112990,273,112
33,A2,113281,273,112
26,D2,113573,273,112
38,D3,113864,273,112
28,E2,114155,273,112
35,B2,114446,274,112
28,E2,114738,273,112
40,E3,115029,273,112
28,E2,115320,273,112
35,B2,115612,273,112
28,E2,115903,273,112
40,E3,116194,273,112
30,F#2,116485,273,112
37,C#3,116777,273,112
30,F#2,117068,273,112
42,F#3,117359,273,112
30,F#2,117650,273,112
37,C#3,117942,273,112
30,F#2,118233,273,112
42,F#3,118524,273,112
28,E2,118815,273,112
35,B2,119107,273,112
28,E2,119398,273,112
40,E3,119689,273,112
28,E2,119980,274,112
35,B2,120272,273,112
28,E2,120563,273,112
40,E3,120854,273,112
26,D2,121146,273,112
26,D2,121437,273,112
26,D2,121728,273,112
26,D2,122019,273,112
26,D2,122311,273,112
26,D2,122602,273,112
26,D2,122893,273,112
26,D2,123184,273,112
28,E2,123476,273,112
28,E2,123767,273,112
28,E2,124058,273,112
28,E2,124349,273,112
28,E2,124641,273,112
28,E2,124932,273,112
28,E2,125223,273,112
28,E2,125514,273,112
30,F#2,125806,273,112
30,F#2,126097,273,112
30,F#2,126388,273,112
30,F#2,126679,274,112
30,F#2,126971,273,112
30,F#2,127262,273,112
30,F#2,127553,273,112
30,F#2,127845,273,112
28,E2,128136,273,112
28,E2,128427,273,112
28,E2,128718,273,112
28,E2,129010,273,112
28,E2,129301,273,112
28,E2,129592,273,112
28,E2,129883,273,112
28,E2,130175,273,112
26,D2,130466,273,112
33,A2,130757,273,112
26,D2,131048,273,112
38,D3,131340,273,112
26,D2,131631,273,112
33,A2,131922,273,112
26,D2,132213,274,112
38,D3,132505,273,112
28,E2,132796,273,112
35,B2,133087,273,112
28,E2,133379,273,112
40,E3,133670,273,112
28,E2,133961,273,112
35,B2,134252,273,112
28,E2,134544,273,112
40,E3,134835,273,112
30,F#2,135126,273,112
37,C#3,135417,273,112
30,F#2,135709,273,112
42,F#3,136000,273,112
30,F#2,136291,273,112
37,C#3,136582,273,112
30,F#2,136874,273,112
42,F#3,137165,273,112
28,E2,137456,273,112
35,B2,137747,274,112
28,E2,138039,273,112
40,E3,138330,273,112
28,E2,138621,273,112
35,B2,138912,274,112
28,E2,139204,273,112
40,E3,139495,273,112
33,A2,139786,2330,112
38,D3,142116,2330,112
26,D2,142116,2330,112
40,E3,142116,2330,112
28,E2,144446,2330,112
35,B2,144446,2330,112
42,F#3,144446,2330,112
30,F#2,146776,2330,112
37,C#3,146776,2331,112
28,E2,146776,2330,112
35,B2,149106,2330,112
40,E3,149106,2330,112
38,D3,149106,2330,112
26,D2,151436,2330,112
33,A2,151436,2330,112
40,E3,151436,2330,112
28,E2,153766,2330,112
35,B2,153766,2330,112
42,F#3,153766,2330,112
30,F#2,156096,2330,112
37,C#3,156096,2330,112
35,B2,156096,2330,112
40,E3,158426,2330,112
28,E2,158426,2330,112
38,D3,158426,2330,112
26,D2,160756,2330,112
33,A2,160756,2330,112
28,E2,160756,2330,112
35,B2,163086,2330,112
40,E3,163086,2330,112
37,C#3,163086,2330,112
42,F#3,165416,2330,112
30,F#2,165416,2330,112
28,E2,165416,2330,112
35,B2,167746,2330,112
40,E3,167746,2330,112
38,D3,167746,2330,112
26,D2,170076,2330,112
33,A2,170076,2331,112
28,E2,170076,2330,112
35,B2,172406,2330,112
40,E3,172406,2330,112
42,F#3,172406,2330,112
30,F#2,174736,2330,112
37,C#3,174736,2330,112
28,E2,174736,2330,112
35,B2,177066,2330,112
40,E3,177066,2330,112
26,D2,177066,273,112
33,A2,177357,273,112
26,D2,177648,273,112
38,D3,177940,273,112
26,D2,178231,273,112
33,A2,178522,273,112
26,D2,178813,273,112
38,D3,179105,273,112
28,E2,179396,273,112
35,B2,179687,273,112
28,E2,179978,273,112
40,E3,180270,273,112
28,E2,180561,273,112
35,B2,180852,273,112
28,E2,181143,274,112
40,E3,181435,273,112
30,F#2,181726,273,112
37,C#3,182017,273,112
30,F#2,182309,273,112
42,F#3,182600,273,112
30,F#2,182891,273,112
37,C#3,183182,273,112
30,F#2,183474,273,112
42,F#3,183765,273,112
28,E2,184056,273,112
35,B2,184347,273,112
28,E2,184639,273,112
40,E3,184930,273,112
28,E2,185221,273,112
35,B2,185512,273,112
28,E2,185804,273,112
40,E3,186095,273,112
26,D2,186386,273,112
33,A2,186677,274,112
26,D2,186969,273,112
38,D3,187260,273,112
26,D2,187551,273,112
33,A2,187843,273,112
26,D2,188134,273,112
38,D3,188425,273,112
28,E2,188716,273,112
35,B2,189008,273,112
28,E2,189299,273,112
40,E3,189590,273,112
28,E2,189881,273,112
35,B2,190173,273,112
28,E2,190464,273,112
40,E3,190755,273,112
30,F#2,191046,273,112
37,C#3,191338,273,112
30,F#2,191629,273,112
42,F#3,191920,273,112
30,F#2,192211,273,112
37,C#3,192503,273,112
30,F#2,192794,273,112
42,F#3,193085,273,112
28,E2,193376,274,112
35,B2,193668,273,112
28,E2,193959,273,112
40,E3,194250,273,112
28,E2,194542,273,112
35,B2,194833,273,112
28,E2,195124,273,112
40,E3,195415,273,112
26,D2,195707,273,112
33,A2,195998,273,112
26,D2,196289,273,112
38,D3,196580,273,112
26,D2,196872,273,112
33,A2,197163,273,112
26,D2,197454,273,112
38,D3,197745,273,112
28,E2,198037,273,112
35,B2,198328,273,112
28,E2,198619,273,112
40,E3,198910,274,112
28,E2,199202,273,112
35,B2,199493,273,112
28,E2,199784,273,112
40,E3,200076,273,112
30,F#2,200367,273,112
37,C#3,200658,273,112
30,F#2,200949,273,112
42,F#3,201241,273,112
30,F#2,201532,273,112
37,C#3,201823,273,112
30,F#2,202114,273,112
42,F#3,202406,273,112
28,E2,202697,273,112
35,B2,202988,273,112
28,E2,203279,273,112
40,E3,203571,273,112
28,E2,203862,273,112
35,B2,204153,273,112
28,E2,204444,274,112
40,E3,204736,273,112
26,D2,205027,273,112
33,A2,205318,273,112
26,D2,205609,274,112
38,D3,205901,273,112
26,D2,206192,273,112
33,A2,206483,273,112
26,D2,206775,273,112
38,D3,207066,273,112
28,E2,207357,273,112
35,B2,207648,273,112
28,E2,207940,273,112
40,E3,208231,273,112
28,E2,208522,273,112
35,B2,208813,273,112
28,E2,209105,273,112
40,E3,209396,273,112
30,F#2,209687,273,112
37,C#3,209978,273,112
30,F#2,210270,273,112
42,F#3,210561,273,112
30,F#2,210852,273,112
37,C#3,211143,274,112
30,F#2,211435,273,112
42,F#3,211726,273,112
28,E2,212017,273,112
35,B2,212309,273,112
28,E2,212600,273,112
40,E3,212891,273,112
28,E2,213182,273,112
35,B2,213474,273,112
28,E2,213765,273,112
40,E3,214056,273,112
38,D3,214347,582,126
45,A3,214929,583,126
45,A3,214929,552,115
45,A3,215511,553,103
45,A3,216094,552,92
45,A3,216676,582,80
40,E3,217258,583,80
45,A3,217258,552,80
45,A3,217840,553,80
45,A3,218423,552,80
45,A3,219006,582,80
42,F#3,219588,582,80
45,A3,219588,552,80
45,A3,220171,552,80
45,A3,220753,2760,80