69,A5,1363,272,126
72,C6,1635,272,126
69,A5,1907,272,126
74,D6,2179,727,126
77,F6,2996,727,126
76,E6,3813,1499,126
69,A5,5721,272,126
72,C6,5993,272,126
69,A5,6265,272,126
77,F6,6537,727,126
76,E6,7354,727,126
72,C6,8171,1499,126
69,A5,10079,272,126
60,C5,10351,272,126
57,A4,10351,272,126
72,C6,10351,272,126
64,E5,10623,272,126
60,C5,10623,272,126
69,A5,10623,272,126
60,C5,10895,272,126
57,A4,10895,272,126
74,D6,10895,818,126
65,F5,11713,818,126
62,D5,11713,818,126
65,F5,11713,818,126
77,F6,12531,818,126
69,A5,12531,818,126
76,E6,12531,1909,126
67,G5,14440,1909,126
64,E5,14440,1909,126
69,A5,14440,272,126
60,C5,14712,272,126
57,A4,14712,272,126
72,C6,14712,272,126
64,E5,14984,272,126
60,C5,14984,272,126
69,A5,14984,272,126
60,C5,15256,272,126
57,A4,15256,272,126
77,F6,15256,818,126
69,A5,16074,818,126
65,F5,16074,818,126
76,E6,16074,818,126
67,G5,16892,818,126
64,E5,16892,818,126
72,C6,16892,1909,126
64,E5,18801,1909,126
60,C5,18801,1909,126
60,C5,18801,272,126
57,A4,19073,272,126
69,A5,19073,272,126
72,C6,19073,272,126
64,E5,19345,272,126
60,C5,19345,272,126
69,A5,19345,272,126
60,C5,19617,272,126
57,A4,19617,272,126
74,D6,19617,545,126
69,A5,20162,545,126
62,D5,20162,545,126
69,A5,20162,272,126
69,A5,20434,272,126
69,A5,20706,272,126
69,A5,20978,272,126
70,A#5,21250,272,126
69,A5,21522,545,126
69,A5,22067,272,126
67,G5,22339,272,126
65,F5,22611,954,126
60,C5,23701,272,126
69,A5,23973,272,126
69,A5,24245,272,126
67,G5,24517,272,126
65,F5,24789,454,126
67,G5,25333,454,126
60,C5,25877,272,126
69,A5,26149,272,126
69,A5,26421,272,126
67,G5,26693,272,126
65,F5,26965,454,126
67,G5,27509,727,126
62,D5,28599,272,126
69,A5,28871,272,126
69,A5,29143,272,126
69,A5,29415,272,126
69,A5,29687,272,126
70,A#5,29959,272,126
69,A5,30231,545,126
69,A5,30776,272,126
67,G5,31048,272,126
65,F5,31320,954,126
60,C5,32410,272,126
69,A5,32682,272,126
69,A5,32954,272,126
67,G5,33226,272,126
65,F5,33498,454,126
67,G5,34042,454,126
60,C5,34586,272,126
69,A5,34858,272,126
67,G5,35130,454,126
65,F5,35674,454,126
67,G5,36218,454,126
69,A5,36762,727,126
62,D5,37579,272,126
62,D5,37851,136,126
62,D5,37987,136,126
62,D5,38123,272,126
62,D5,38395,136,126
62,D5,38531,272,126
62,D5,38803,136,126
62,D5,38939,272,126
62,D5,39211,272,126
62,D5,39483,136,126
62,D5,39619,136,126
62,D5,39755,272,126
62,D5,40027,136,126
62,D5,40163,590,126
69,A5,40843,272,126
69,A5,41115,272,126
74,D6,41387,272,126
74,D6,41659,272,126
72,C6,41931,272,126
69,A5,42203,454,126
69,A5,42747,272,126
69,A5,43019,272,126
74,D6,43291,545,126
74,D6,43836,272,126
72,C6,44108,272,126
69,A5,44380,454,126
70,A#5,44924,454,126
72,C6,45468,727,126
62,D5,46285,272,126
62,D5,46557,136,126
62,D5,46693,136,126
62,D5,46829,272,126
62,D5,47101,136,126
62,D5,47237,272,126
62,D5,47509,136,126
62,D5,47645,272,126
62,D5,47917,272,126
62,D5,48189,136,126
62,D5,48325,136,126
62,D5,48461,272,126
62,D5,48733,136,126
62,D5,48869,1090,126
62,D5,50095,818,126
74,D6,50913,818,126
66,F#5,50913,818,126
74,D6,50913,272,126
66,F#5,51185,272,126
62,D5,51185,272,126
74,D6,51185,545,126
66,F#5,51730,545,126
62,D5,51730,545,126
72,C6,51730,545,126
64,E5,52275,545,126
60,C5,52275,545,126
74,D6,52275,545,126
65,F5,52820,545,126
62,D5,52820,545,126
74,D6,52820,272,126
65,F5,53092,272,126
62,D5,53092,272,126
74,D6,53092,272,126
65,F5,53364,272,126
62,D5,53364,272,126
74,D6,53364,545,126
65,F5,53909,545,126
62,D5,53909,545,126
67,G5,53909,545,126
64,E5,54454,545,126
76,E6,54454,545,126
72,C6,54454,545,126
65,F5,54999,545,126
60,C5,54999,545,126
74,D6,54999,272,126
65,F5,55271,272,126
62,D5,55271,272,126
74,D6,55271,272,126
65,F5,55543,272,126
62,D5,55543,272,126
74,D6,55543,545,126
65,F5,56088,545,126
62,D5,56088,545,126
72,C6,56088,545,126
65,F5,56633,545,126
60,C5,56633,545,126
74,D6,56633,545,126
67,G5,57178,545,126
62,D5,57178,545,126
74,D6,57178,272,126
67,G5,57450,272,126
62,D5,57450,272,126
74,D6,57450,272,126
67,G5,57722,272,126
62,D5,57722,272,126
74,D6,57722,545,126
67,G5,58267,545,126
62,D5,58267,545,126
72,C6,58267,545,126
64,E5,58812,545,126
60,C5,58812,545,126
74,D6,58812,545,126
66,F#5,59357,545,126
62,D5,59357,545,126
74,D6,59357,272,126
66,F#5,59629,272,126
62,D5,59629,272,126
74,D6,59629,272,126
66,F#5,59901,272,126
62,D5,59901,272,126
74,D6,59901,545,126
66,F#5,60446,545,126
62,D5,60446,545,126
72,C6,60446,545,126
64,E5,60991,545,126
60,C5,60991,545,126
74,D6,60991,545,126
65,F5,61536,545,126
62,D5,61536,545,126
62,D5,61536,272,126
74,D6,61808,272,126
65,F5,61808,272,126
74,D6,61808,272,126
65,F5,62080,272,126
62,D5,62080,272,126
74,D6,62080,545,126
65,F5,62625,545,126
62,D5,62625,545,126
76,E6,62625,545,126
67,G5,63170,545,126
64,E5,63170,545,126
72,C6,63170,545,126
65,F5,63715,545,126
60,C5,63715,545,126
74,D6,63715,272,126
65,F5,63987,272,126
62,D5,63987,272,126
74,D6,63987,272,126
65,F5,64259,272,126
62,D5,64259,272,126
74,D6,64259,545,126
65,F5,64804,545,126
62,D5,64804,545,126
64,E5,64804,545,126
60,C5,65349,545,126
72,C6,65349,545,126
74,D6,65349,545,126
67,G5,65894,545,126
62,D5,65894,545,126
74,D6,65894,272,126
67,G5,66166,272,126
62,D5,66166,272,126
74,D6,66166,272,126
67,G5,66438,272,126
62,D5,66438,272,126
74,D6,66438,545,126
67,G5,66983,545,126
62,D5,66983,545,126
72,C6,66983,545,126
64,E5,67528,545,126
60,C5,67528,545,126
74,D6,67528,545,126
69,A5,68073,545,126
62,D5,68073,545,126
74,D6,68073,272,126
74,D6,68345,272,126
74,D6,68617,272,126
74,D6,68889,272,126
72,C6,69161,272,126
74,D6,69433,545,126
72,C6,69978,272,126
72,C6,70250,272,126
72,C6,70522,1227,126
74,D6,71885,272,126
72,C6,72157,272,126
72,C6,72429,272,126
72,C6,72701,454,126
69,A5,73245,454,126
69,A5,73789,272,126
70,A#5,74061,272,126
69,A5,74333,454,126
67,G5,74877,454,126
69,A5,75421,454,126
69,A5,75965,545,126
62,D5,76510,272,126
69,A5,76782,272,126
69,A5,77054,272,126
69,A5,77326,272,126
69,A5,77598,272,126
70,A#5,77870,272,126
69,A5,78142,545,126
69,A5,78687,272,126
67,G5,78959,272,126
65,F5,79231,954,126
60,C5,80321,272,126
69,A5,80593,272,126
69,A5,80865,272,126
67,G5,81137,272,126
65,F5,81409,954,126
69,A5,82499,545,126
67,G5,83044,454,126
65,F5,83588,454,126
67,G5,84132,454,126
69,A5,84676,727,126
62,D5,85493,272,126
62,D5,85765,136,126
62,D5,85901,136,126
62,D5,86037,272,126
62,D5,86309,136,126
62,D5,86445,272,126
62,D5,86717,136,126
62,D5,86853,272,126
62,D5,87125,272,126
62,D5,87397,136,126
62,D5,87533,136,126
62,D5,87669,272,126
62,D5,87941,136,126
62,D5,88077,590,126
69,A5,88757,272,126
69,A5,89029,272,126
74,D6,89301,272,126
74,D6,89573,272,126
72,C6,89845,272,126
69,A5,90117,454,126
69,A5,90661,272,126
69,A5,90933,272,126
74,D6,91205,545,126
74,D6,91750,272,126
72,C6,92022,272,126
69,A5,92294,454,126
70,A#5,92838,454,126
72,C6,93382,727,126
62,D5,94199,272,126
62,D5,94471,136,126
62,D5,94607,136,126
62,D5,94743,272,126
62,D5,95015,136,126
62,D5,95151,272,126
62,D5,95423,136,126
62,D5,95559,272,126
62,D5,95831,272,126
62,D5,96103,136,126
62,D5,96239,136,126
62,D5,96375,272,126
62,D5,96647,136,126
62,D5,96783,590,126
69,A5,97463,272,126
69,A5,97735,272,126
74,D6,98007,272,126
74,D6,98279,272,126
72,C6,98551,272,126
69,A5,98823,454,126
69,A5,99367,272,126
69,A5,99639,272,126
69,A5,99911,272,126
65,F5,100183,545,126
77,F6,100728,545,126
69,A5,100728,545,126
76,E6,100728,272,126
67,G5,101000,272,126
64,E5,101000,272,126
77,F6,101000,818,126
69,A5,101818,818,126
65,F5,101818,818,126
76,E6,101818,545,126
67,G5,102363,545,126
64,E5,102363,545,126
74,D6,102363,818,126
66,F#5,103181,818,126
62,D5,103181,818,126
74,D6,103181,272,126
66,F#5,103453,272,126
62,D5,103453,272,126
74,D6,103453,545,126
66,F#5,103998,545,126
62,D5,103998,545,126
72,C6,103998,545,126
64,E5,104543,545,126
60,C5,104543,545,126
65,F5,104543,545,126
62,D5,105088,545,126
74,D6,105088,545,126
74,D6,105088,272,126
65,F5,105360,272,126
62,D5,105360,272,126
74,D6,105360,272,126
65,F5,105632,272,126
62,D5,105632,272,126
74,D6,105632,545,126
65,F5,106177,545,126
62,D5,106177,545,126
76,E6,106177,545,126
67,G5,106722,545,126
64,E5,106722,545,126
72,C6,106722,545,126
65,F5,107267,545,126
60,C5,107267,545,126
74,D6,107267,272,126
65,F5,107539,272,126
62,D5,107539,272,126
74,D6,107539,272,126
65,F5,107811,272,126
62,D5,107811,272,126
74,D6,107811,545,126
65,F5,108356,545,126
62,D5,108356,545,126
72,C6,108356,545,126
65,F5,108901,545,126
60,C5,108901,545,126
74,D6,108901,545,126
67,G5,109446,545,126
62,D5,109446,545,126
74,D6,109446,272,126
67,G5,109718,272,126
62,D5,109718,272,126
74,D6,109718,272,126
67,G5,109990,272,126
62,D5,109990,272,126
74,D6,109990,545,126
67,G5,110535,545,126
62,D5,110535,545,126
72,C6,110535,545,126
64,E5,111080,545,126
60,C5,111080,545,126
74,D6,111080,545,126
66,F#5,111625,545,126
62,D5,111625,545,126
74,D6,111625,272,126
66,F#5,111897,272,126
62,D5,111897,272,126
62,D5,111897,272,126
74,D6,112169,272,126
66,F#5,112169,272,126
74,D6,112169,545,126
66,F#5,112714,545,126
62,D5,112714,545,126
72,C6,112714,545,126
64,E5,113259,545,126
60,C5,113259,545,126
74,D6,113259,545,126
65,F5,113804,545,126
62,D5,113804,545,126
74,D6,113804,272,126
65,F5,114076,272,126
62,D5,114076,272,126
74,D6,114076,272,126
65,F5,114348,272,126
62,D5,114348,272,126
74,D6,114348,545,126
65,F5,114893,545,126
62,D5,114893,545,126
76,E6,114893,545,126
67,G5,115438,545,126
64,E5,115438,545,126
65,F5,115438,545,126
60,C5,115983,545,126
72,C6,115983,545,126
74,D6,115983,272,126
65,F5,116255,272,126
62,D5,116255,272,126
74,D6,116255,272,126
65,F5,116527,272,126
62,D5,116527,272,126
74,D6,116527,545,126
65,F5,117072,545,126
62,D5,117072,545,126
72,C6,117072,545,126
64,E5,117617,545,126
60,C5,117617,545,126
74,D6,117617,545,126
67,G5,118162,545,126
62,D5,118162,545,126
74,D6,118162,272,126
67,G5,118434,272,126
62,D5,118434,272,126
74,D6,118434,272,126
67,G5,118706,272,126
62,D5,118706,272,126
74,D6,118706,545,126
67,G5,119251,545,126
62,D5,119251,545,126
72,C6,119251,545,126
64,E5,119796,545,126
60,C5,119796,545,126
74,D6,119796,1363,126
65,F5,121159,1363,126
62,D5,121159,1363,126
74,D6,121159,272,126
65,F5,121431,272,126
62,D5,121431,272,126
77,F6,121431,272,126
69,A5,121703,272,126
65,F5,121703,272,126
76,E6,121703,1636,126
67,G5,123339,1636,126
64,E5,123339,1636,126
74,D6,123339,272,126
65,F5,123611,272,126
62,D5,123611,272,126
76,E6,123611,545,126
67,G5,124156,545,126
64,E5,124156,545,126
77,F6,124156,1090,126
69,A5,125246,1090,126
65,F5,125246,1090,126
64,E5,125246,1090,126
76,E6,126336,1090,126
67,G5,126336,1090,126
77,F6,126336,1090,126
65,F5,127426,1090,126
69,A5,127426,1090,126
76,E6,127426,818,126
67,G5,128244,818,126
64,E5,128244,818,126
74,D6,128244,1636,126
65,F5,129880,1636,126
62,D5,129880,1636,126
74,D6,129880,272,126
65,F5,130152,272,126
62,D5,130152,272,126
77,F6,130152,272,126
69,A5,130424,272,126
65,F5,130424,272,126
76,E6,130424,1909,126
67,G5,132333,1909,126
64,E5,132333,1909,126
76,E6,132333,272,126
67,G5,132605,272,126
64,E5,132605,272,126
65,F5,132605,272,126
62,D5,132877,272,126
74,D6,132877,272,126
76,E6,132877,363,126
67,G5,133240,363,126
64,E5,133240,363,126
76,E6,133240,363,126
67,G5,133603,363,126
64,E5,133603,363,126
76,E6,133603,636,126
67,G5,134239,636,126
64,E5,134239,636,126
74,D6,134239,272,126
65,F5,134511,272,126
62,D5,134511,272,126
76,E6,134511,272,126
67,G5,134783,272,126
64,E5,134783,272,126
74,D6,134783,272,126
65,F5,135055,272,126
62,D5,135055,272,126
76,E6,135055,363,126
67,G5,135418,363,126
64,E5,135418,363,126
76,E6,135418,363,126
67,G5,135781,363,126
64,E5,135781,363,126
76,E6,135781,636,126
67,G5,136417,636,126
64,E5,136417,636,126
76,E6,136417,272,126
67,G5,136689,272,126
64,E5,136689,272,126
77,F6,136689,272,126
69,A5,136961,272,126
65,F5,136961,272,126
76,E6,136961,1090,126
67,G5,138051,1090,126
64,E5,138051,1090,126
74,D6,138051,818,126
65,F5,138869,818,126
62,D5,138869,818,126
72,C6,138869,545,126
64,E5,139414,545,126
60,C5,139414,545,126
74,D6,139414,818,126
66,F#5,140232,818,126
62,D5,140232,818,126
74,D6,140232,272,126
66,F#5,140504,272,126
62,D5,140504,272,126
62,D5,140504,545,126
74,D6,141049,545,126
66,F#5,141049,545,126
72,C6,141049,545,126
64,E5,141594,545,126
60,C5,141594,545,126
74,D6,141594,545,126
65,F5,142139,545,126
62,D5,142139,545,126
74,D6,142139,272,126
65,F5,142411,272,126
62,D5,142411,272,126
74,D6,142411,272,126
65,F5,142683,272,126
62,D5,142683,272,126
74,D6,142683,545,126
65,F5,143228,545,126
62,D5,143228,545,126
76,E6,143228,545,126
67,G5,143773,545,126
64,E5,143773,545,126
72,C6,143773,545,126
65,F5,144318,545,126
60,C5,144318,545,126
65,F5,144318,272,126
62,D5,144590,272,126
74,D6,144590,272,126
74,D6,144590,272,126
65,F5,144862,272,126
62,D5,144862,272,126
74,D6,144862,545,126
65,F5,145407,545,126
62,D5,145407,545,126
72,C6,145407,545,126
65,F5,145952,545,126
60,C5,145952,545,126
74,D6,145952,545,126
67,G5,146497,545,126
62,D5,146497,545,126
74,D6,146497,272,126
67,G5,146769,272,126
62,D5,146769,272,126
74,D6,146769,272,126
67,G5,147041,272,126
62,D5,147041,272,126
74,D6,147041,545,126
67,G5,147586,545,126
62,D5,147586,545,126
72,C6,147586,545,126
64,E5,148131,545,126
60,C5,148131,545,126
74,D6,148131,545,126
66,F#5,148676,545,126
62,D5,148676,545,126
74,D6,148676,272,126
66,F#5,148948,272,126
62,D5,148948,272,126
74,D6,148948,272,126
66,F#5,149220,272,126
62,D5,149220,272,126
74,D6,149220,545,126
66,F#5,149765,545,126
62,D5,149765,545,126
72,C6,149765,545,126
64,E5,150310,545,126
60,C5,150310,545,126
74,D6,150310,545,126
65,F5,150855,545,126
62,D5,150855,545,126
74,D6,150855,272,126
65,F5,151127,272,126
62,D5,151127,272,126
74,D6,151127,272,126
65,F5,151399,272,126
62,D5,151399,272,126
62,D5,151399,545,126
74,D6,151944,545,126
65,F5,151944,545,126
76,E6,151944,545,126
67,G5,152489,545,126
64,E5,152489,545,126
72,C6,152489,545,126
65,F5,153034,545,126
60,C5,153034,545,126
74,D6,153034,272,126
65,F5,153306,272,126
62,D5,153306,272,126
74,D6,153306,272,126
65,F5,153578,272,126
62,D5,153578,272,126
74,D6,153578,545,126
65,F5,154123,545,126
62,D5,154123,545,126
72,C6,154123,545,126
64,E5,154668,545,126
60,C5,154668,545,126
74,D6,154668,545,126
67,G5,155213,545,126
62,D5,155213,545,126
67,G5,155213,272,126
62,D5,155485,272,126
74,D6,155485,272,126
74,D6,155485,272,126
67,G5,155757,272,126
62,D5,155757,272,126
74,D6,155757,545,126
67,G5,156302,545,126
62,D5,156302,545,126
72,C6,156302,545,126
64,E5,156847,545,126
60,C5,156847,545,126
74,D6,156847,818,126
66,F#5,157665,818,126
62,D5,157665,818,126
74,D6,157665,272,126
66,F#5,157937,272,126
62,D5,157937,272,126
74,D6,157937,545,126
66,F#5,158482,545,126
62,D5,158482,545,126
72,C6,158482,545,126
64,E5,159027,545,126
60,C5,159027,545,126
74,D6,159027,545,126
65,F5,159572,545,126
62,D5,159572,545,126
74,D6,159572,272,126
65,F5,159844,272,126
62,D5,159844,272,126
74,D6,159844,272,126
65,F5,160116,272,126
62,D5,160116,272,126
74,D6,160116,545,126
65,F5,160661,545,126
62,D5,160661,545,126
76,E6,160661,545,126
67,G5,161206,545,126
64,E5,161206,545,126
72,C6,161206,272,126
64,E5,161478,272,126
60,C5,161478,272,126
72,C6,161478,272,126
60,C5,161750,272,126
81,A6,161750,272,126
69,A5,162022,272,126
81,A6,162022,272,126
69,A5,162294,272,126
81,A6,162294,272,126
69,A5,162566,272,126
81,A6,162566,272,126
69,A5,162838,272,126
82,A#6,162838,272,126
70,A#5,163110,272,126
81,A6,163110,545,126
69,A5,163655,545,126
81,A6,163655,272,126
69,A5,163927,272,126
79,G6,163927,272,126
67,G5,164199,272,126
77,F6,164199,1363,126
65,F5,165562,1363,126
74,D6,165562,818,126
66,F#5,166380,818,126
62,D5,166380,818,126
74,D6,166380,272,126
66,F#5,166652,272,126
62,D5,166652,272,126
74,D6,166652,545,126
66,F#5,167197,545,126
62,D5,167197,545,126
72,C6,167197,545,126
64,E5,167742,545,126
60,C5,167742,545,126
74,D6,167742,545,126
65,F5,168287,545,126
62,D5,168287,545,126
74,D6,168287,272,126
65,F5,168559,272,126
62,D5,168559,272,126
74,D6,168559,272,126
65,F5,168831,272,126
62,D5,168831,272,126
74,D6,168831,545,126
65,F5,169376,545,126
62,D5,169376,545,126
76,E6,169376,545,126
67,G5,169921,545,126
64,E5,169921,545,126
72,C6,169921,272,126
64,E5,170193,272,126
60,C5,170193,272,126
72,C6,170193,272,126
60,C5,170465,272,126
81,A6,170465,272,126
69,A5,170737,272,126
81,A6,170737,272,126
69,A5,171009,272,126
81,A6,171009,272,126
69,A5,171281,272,126
81,A6,171281,272,126
69,A5,171553,272,126
82,A#6,171553,272,126
70,A#5,171825,272,126
81,A6,171825,545,126
69,A5,172370,545,126
81,A6,172370,272,126
69,A5,172642,272,126
79,G6,172642,272,126
67,G5,172914,272,126
77,F6,172914,818,126
65,F5,173732,818,126
76,E6,173732,545,126
64,E5,174277,545,126
62,D5,174277,2045,126
--end--
38,D3,2181,272,126
45,A3,2453,272,126
50,D4,2725,272,126
53,F4,2997,454,126
50,D4,3541,272,126
45,A3,3813,454,126
34,A#2,4357,272,126
41,F3,4629,272,126
46,A#3,4901,272,126
50,D4,5173,454,126
46,A#3,5717,272,126
41,F3,5989,454,126
41,F3,6533,272,126
48,C4,6805,272,126
53,F4,7077,272,126
57,A4,7349,454,126
53,F4,7893,272,126
48,C4,8165,454,126
36,C3,8709,272,126
43,G3,8981,272,126
48,C4,9253,272,126
52,E4,9525,454,126
48,C4,10069,272,126
43,G3,10341,454,126
26,D2,10885,272,126
33,A2,11157,272,126
38,D3,11429,272,126
41,F3,11701,454,126
38,D3,12245,272,126
33,A2,12517,454,126
34,A#2,13061,272,126
41,F3,13333,272,126
46,A#3,13605,272,126
50,D4,13877,454,126
46,A#3,14421,272,126
41,F3,14693,454,126
29,F2,15237,272,126
36,C3,15509,272,126
41,F3,15781,272,126
45,A3,16053,454,126
41,F3,16597,272,126
36,C3,16869,454,126
36,C3,17413,272,126
43,G3,17685,272,126
48,C4,17957,272,126
52,E4,18229,454,126
48,C4,18773,272,126
43,G3,19045,454,126
38,D3,19589,272,126
45,A3,19861,272,126
50,D4,20133,272,126
53,F4,20405,454,126
50,D4,20949,272,126
45,A3,21221,454,126
34,A#2,21765,272,126
41,F3,22037,272,126
46,A#3,22309,272,126
50,D4,22581,454,126
46,A#3,23125,272,126
41,F3,23397,454,126
41,F3,23941,272,126
48,C4,24213,272,126
53,F4,24485,272,126
57,A4,24757,454,126
53,F4,25301,272,126
48,C4,25573,454,126
36,C3,26117,272,126
43,G3,26389,272,126
48,C4,26661,272,126
52,E4,26933,454,126
48,C4,27477,272,126
43,G3,27749,454,126
38,D3,28293,272,126
45,A3,28565,272,126
50,D4,28837,272,126
53,F4,29109,454,126
50,D4,29653,272,126
45,A3,29925,454,126
34,A#2,30469,272,126
41,F3,30741,272,126
46,A#3,31013,272,126
50,D4,31285,454,126
46,A#3,31829,272,126
41,F3,32101,454,126
41,F3,32645,272,126
48,C4,32917,272,126
53,F4,33189,272,126
57,A4,33461,454,126
53,F4,34005,272,126
48,C4,34277,454,126
36,C3,34821,272,126
43,G3,35093,272,126
48,C4,35365,272,126
52,E4,35637,454,126
48,C4,36181,272,126
43,G3,36453,454,126
34,A#2,36997,272,126
41,F3,37269,272,126
46,A#3,37541,272,126
50,D4,37813,454,126
46,A#3,38357,272,126
41,F3,38629,454,126
36,C3,39173,272,126
43,G3,39445,272,126
48,C4,39717,272,126
52,E4,39989,454,126
48,C4,40533,272,126
43,G3,40805,454,126
38,D3,41349,272,126
45,A3,41621,272,126
50,D4,41893,272,126
53,F4,42165,454,126
50,D4,42709,272,126
45,A3,42981,454,126
29,F2,43525,272,126
36,C3,43797,272,126
41,F3,44069,272,126
45,A3,44341,454,126
41,F3,44885,272,126
36,C3,45157,454,126
34,A#2,45701,272,126
41,F3,45973,272,126
46,A#3,46245,272,126
50,D4,46517,454,126
46,A#3,47061,272,126
41,F3,47333,454,126
36,C3,47877,272,126
43,G3,48149,272,126
48,C4,48421,272,126
52,E4,48693,454,126
48,C4,49237,272,126
43,G3,49509,454,126
26,D2,50053,272,126
33,A2,50325,272,126
38,D3,50597,272,126
42,F#3,50869,454,126
38,D3,51413,272,126
33,A2,51685,454,126
34,A#2,52229,272,126
41,F3,52501,272,126
46,A#3,52773,272,126
50,D4,53045,454,126
46,A#3,53589,272,126
41,F3,53861,454,126
29,F2,54405,272,126
36,C3,54677,272,126
41,F3,54949,272,126
45,A3,55221,454,126
41,F3,55765,272,126
36,C3,56037,454,126
36,C3,56581,272,126
43,G3,56853,272,126
48,C4,57125,272,126
52,E4,57397,454,126
48,C4,57941,272,126
43,G3,58213,454,126
26,D2,58757,272,126
33,A2,59029,272,126
38,D3,59301,272,126
42,F#3,59573,454,126
38,D3,60117,272,126
33,A2,60389,454,126
34,A#2,60933,272,126
41,F3,61205,272,126
46,A#3,61477,272,126
50,D4,61749,454,126
46,A#3,62293,272,126
41,F3,62565,454,126
29,F2,63109,272,126
36,C3,63381,272,126
41,F3,63653,272,126
45,A3,63925,454,126
41,F3,64469,272,126
36,C3,64741,454,126
36,C3,65285,272,126
43,G3,65557,272,126
48,C4,65829,272,126
52,E4,66101,454,126
48,C4,66645,272,126
43,G3,66917,454,126
38,D3,67461,272,126
45,A3,67733,272,126
50,D4,68005,272,126
53,F4,68277,454,126
50,D4,68821,272,126
45,A3,69093,454,126
34,A#2,69637,272,126
41,F3,69909,272,126
46,A#3,70181,272,126
50,D4,70453,454,126
46,A#3,70997,272,126
41,F3,71269,454,126
41,F3,71813,272,126
48,C4,72085,272,126
53,F4,72357,272,126
57,A4,72629,454,126
53,F4,73173,272,126
48,C4,73445,454,126
36,C3,73989,272,126
43,G3,74261,272,126
48,C4,74533,272,126
52,E4,74805,454,126
48,C4,75349,272,126
43,G3,75621,454,126
38,D3,76165,272,126
45,A3,76437,272,126
50,D4,76709,272,126
53,F4,76981,454,126
50,D4,77525,272,126
45,A3,77797,454,126
34,A#2,78341,272,126
41,F3,78613,272,126
46,A#3,78885,272,126
50,D4,79157,454,126
46,A#3,79701,272,126
41,F3,79973,454,126
41,F3,80517,272,126
48,C4,80789,272,126
53,F4,81061,272,126
57,A4,81333,454,126
53,F4,81877,272,126
48,C4,82149,454,126
36,C3,82693,272,126
43,G3,82965,272,126
48,C4,83237,272,126
52,E4,83509,454,126
48,C4,84053,272,126
43,G3,84325,454,126
34,A#2,84869,272,126
41,F3,85141,272,126
46,A#3,85413,272,126
50,D4,85685,454,126
46,A#3,86229,272,126
41,F3,86501,454,126
36,C3,87045,272,126
43,G3,87317,272,126
48,C4,87589,272,126
52,E4,87861,454,126
48,C4,88405,272,126
43,G3,88677,454,126
38,D3,89221,272,126
45,A3,89493,272,126
50,D4,89765,272,126
53,F4,90037,454,126
50,D4,90581,272,126
45,A3,90853,454,126
29,F2,91397,272,126
36,C3,91669,272,126
41,F3,91941,272,126
45,A3,92213,454,126
41,F3,92757,272,126
36,C3,93029,454,126
34,A#2,93573,272,126
41,F3,93845,272,126
46,A#3,94117,272,126
50,D4,94389,454,126
46,A#3,94933,272,126
41,F3,95205,454,126
36,C3,95749,272,126
43,G3,96021,272,126
48,C4,96293,272,126
52,E4,96565,454,126
48,C4,97109,272,126
43,G3,97381,454,126
38,D3,97925,272,126
45,A3,98197,272,126
50,D4,98469,272,126
53,F4,98741,454,126
50,D4,99285,272,126
45,A3,99557,454,126
29,F2,100101,272,126
36,C3,100373,272,126
41,F3,100645,272,126
45,A3,100917,454,126
41,F3,101461,272,126
36,C3,101733,454,126
26,D2,102277,272,126
33,A2,102549,272,126
38,D3,102821,272,126
42,F#3,103093,454,126
38,D3,103637,272,126
33,A2,103909,454,126
34,A#2,104453,272,126
41,F3,104725,272,126
46,A#3,104997,272,126
50,D4,105269,454,126
46,A#3,105813,272,126
41,F3,106085,454,126
29,F2,106629,272,126
36,C3,106901,272,126
41,F3,107173,272,126
45,A3,107445,454,126
41,F3,107989,272,126
36,C3,108261,454,126
36,C3,108805,272,126
43,G3,109077,272,126
48,C4,109349,272,126
52,E4,109621,454,126
48,C4,110165,272,126
43,G3,110437,454,126
26,D2,110981,272,126
33,A2,111253,272,126
38,D3,111525,272,126
42,F#3,111797,454,126
38,D3,112341,272,126
33,A2,112613,454,126
34,A#2,113157,272,126
41,F3,113429,272,126
46,A#3,113701,272,126
50,D4,113973,454,126
46,A#3,114517,272,126
41,F3,114789,454,126
29,F2,115333,272,126
36,C3,115605,272,126
41,F3,115877,272,126
45,A3,116149,454,126
41,F3,116693,272,126
36,C3,116965,454,126
36,C3,117509,272,126
43,G3,117781,272,126
48,C4,118053,272,126
52,E4,118325,454,126
48,C4,118869,272,126
43,G3,119141,454,126
34,A#2,119685,272,126
41,F3,119957,272,126
46,A#3,120229,272,126
50,D4,120501,454,126
46,A#3,121045,272,126
41,F3,121317,454,126
36,C3,121861,272,126
43,G3,122133,272,126
48,C4,122405,272,126
52,E4,122677,454,126
48,C4,123221,272,126
43,G3,123493,454,126
38,D3,124037,272,126
45,A3,124309,272,126
50,D4,124581,272,126
45,A3,124853,272,126
40,E3,125125,272,126
48,C4,125397,272,126
52,E4,125669,272,126
48,C4,125941,272,126
41,F3,126213,272,126
48,C4,126485,272,126
53,F4,126757,272,126
48,C4,127029,272,126
33,A2,127301,272,126
40,E3,127573,272,126
45,A3,127845,272,126
40,E3,128117,272,126
34,A#2,128389,272,126
41,F3,128661,272,126
46,A#3,128933,272,126
50,D4,129205,454,126
46,A#3,129749,272,126
41,F3,130021,454,126
36,C3,130565,272,126
43,G3,130837,272,126
48,C4,131109,272,126
52,E4,131381,454,126
48,C4,131925,272,126
43,G3,132197,454,126
33,A2,132741,272,126
40,E3,133013,272,126
45,A3,133285,727,126
40,E3,134102,272,126
45,A3,134374,272,126
40,E3,134646,272,126
33,A2,134918,272,126
40,E3,135190,272,126
45,A3,135462,727,126
40,E3,136279,272,126
45,A3,136551,272,126
40,E3,136823,272,126
33,A2,137095,272,126
40,E3,137367,272,126
45,A3,137639,727,126
40,E3,138456,272,126
45,A3,138728,272,126
40,E3,139000,272,126
26,D2,139272,272,126
33,A2,139544,272,126
38,D3,139816,272,126
42,F#3,140088,454,126
38,D3,140632,272,126
33,A2,140904,454,126
34,A#2,141448,272,126
41,F3,141720,272,126
46,A#3,141992,272,126
50,D4,142264,454,126
46,A#3,142808,272,126
41,F3,143080,454,126
29,F2,143624,272,126
36,C3,143896,272,126
41,F3,144168,272,126
45,A3,144440,454,126
41,F3,144984,272,126
36,C3,145256,454,126
36,C3,145800,272,126
43,G3,146072,272,126
48,C4,146344,272,126
52,E4,146616,454,126
48,C4,147160,272,126
43,G3,147432,454,126
26,D2,147976,272,126
33,A2,148248,272,126
38,D3,148520,272,126
42,F#3,148792,454,126
38,D3,149336,272,126
33,A2,149608,454,126
34,A#2,150152,272,126
41,F3,150424,272,126
46,A#3,150696,272,126
50,D4,150968,454,126
46,A#3,151512,272,126
41,F3,151784,454,126
29,F2,152328,272,126
36,C3,152600,272,126
41,F3,152872,272,126
45,A3,153144,454,126
41,F3,153688,272,126
36,C3,153960,454,126
36,C3,154504,272,126
43,G3,154776,272,126
48,C4,155048,272,126
52,E4,155320,454,126
48,C4,155864,272,126
43,G3,156136,454,126
26,D2,156680,272,126
33,A2,156952,272,126
38,D3,157224,272,126
42,F#3,157496,545,126
45,A3,158041,545,126
38,D3,158041,272,126
33,A2,158313,454,126
34,A#2,158857,272,126
41,F3,159129,272,126
46,A#3,159401,272,126
53,F4,159673,545,126
50,D4,160218,545,126
46,A#3,160218,272,126
41,F3,160490,454,126
29,F2,161034,272,126
36,C3,161306,272,126
41,F3,161578,272,126
48,C4,161850,545,126
45,A3,162395,545,126
41,F3,162395,272,126
36,C3,162667,454,126
36,C3,163211,272,126
43,G3,163483,272,126
48,C4,163755,272,126
55,G4,164027,545,126
52,E4,164572,545,126
48,C4,164572,272,126
43,G3,164844,454,126
26,D2,165388,272,126
33,A2,165660,272,126
38,D3,165932,272,126
45,A3,166204,545,126
42,F#3,166749,545,126
38,D3,166749,272,126
33,A2,167021,454,126
34,A#2,167565,272,126
41,F3,167837,272,126
46,A#3,168109,272,126
53,F4,168381,545,126
50,D4,168926,545,126
46,A#3,168926,272,126
41,F3,169198,454,126
29,F2,169742,272,126
36,C3,170014,272,126
41,F3,170286,272,126
48,C4,170558,545,126
45,A3,171103,545,126
41,F3,171103,272,126
36,C3,171375,454,126
36,C3,171919,272,126
43,G3,172191,272,126
48,C4,172463,272,126
55,G4,172735,545,126
52,E4,173280,545,126
48,C4,173280,272,126
33,A2,173552,454,126
26,D2,174096,2045,126