60,C5,0,300,77
55,G4,300,300,70
60,C5,600,537,93
60,C5,1200,537,87
55,G4,1800,300,70
60,C5,2100,150,92
62,D5,2250,150,90
62,D5,2400,800,87
60,C5,3300,300,76
62,D5,3600,300,88
64,E5,3900,300,87
62,D5,4200,300,77
60,C5,4500,262,76
52,E4,5100,300,77
59,B4,5400,300,95
60,C5,5700,537,88
52,E4,6300,300,70
53,F4,6600,150,85
55,G4,6750,150,88
53,F4,6900,500,78
53,F4,7400,187,83
53,F4,7587,213,84
55,G4,7800,537,87
55,G4,8400,1075,83
60,C5,9600,300,98
55,G4,9900,300,74
60,C5,10200,537,92
60,C5,10800,537,88
55,G4,11400,300,73
60,C5,11700,150,94
62,D5,11850,150,90
62,D5,12000,800,86
60,C5,12900,300,76
62,D5,13200,300,91
64,E5,13500,300,86
67,G5,13800,300,90
60,C5,14100,262,69
52,E4,14700,299,77
59,B4,14999,301,97
60,C5,15300,537,90
62,D5,15900,300,91
64,E5,16200,300,87
65,F5,16500,600,88
64,E5,17100,300,77
60,C5,17400,300,74
62,D5,17700,537,88
60,C5,18300,300,82
59,B4,18600,300,78
60,C5,18900,2462,86
55,G4,22500,300,75
60,C5,22800,537,96
60,C5,23400,537,85
59,B4,24000,1075,82
59,B4,25200,300,85
57,A4,25500,300,78
59,B4,25800,300,86
60,C5,26100,1375,86
60,C5,27600,300,86
60,C5,27900,537,84
59,B4,28500,300,78
57,A4,28800,300,78
55,G4,29100,300,76
57,A4,29400,300,85
55,G4,29700,537,79
50,D4,30300,300,72
50,D4,30600,299,79
52,E4,30899,1101,89
55,G4,32100,300,89
60,C5,32400,537,97
60,C5,33000,537,83
59,B4,33600,1075,83
59,B4,34800,300,86
57,A4,35100,300,78
59,B4,35400,300,86
60,C5,35700,600,87
67,G5,36300,537,99
64,E5,36900,800,78
64,E5,37800,300,84
65,F5,38100,600,86
64,E5,38700,300,80
60,C5,39000,300,71
62,D5,39300,537,86
60,C5,39900,300,81
59,B4,40200,300,76
60,C5,40500,1100,88
55,G4,41700,537,71
55,G4,42300,300,83
55,G4,42600,300,82
55,G4,42900,300,84
55,G4,43200,537,85
52,E4,43800,300,74
50,D4,44100,800,77
52,E4,45000,300,89
52,E4,45300,1912,83
52,E4,47400,300,85
52,E4,47700,600,81
50,D4,48300,300,76
50,D4,48600,300,81
50,D4,48900,537,82
48,C4,49500,300,79
45,A3,49800,300,76
43,G3,50100,1375,75
43,G3,51600,300,84
43,G3,51900,300,84
55,G4,52200,300,106
55,G4,52500,300,85
55,G4,52800,537,87
52,E4,53400,300,74
50,D4,53700,800,74
52,E4,54600,300,89
50,D4,54900,300,77
50,D4,55200,300,84
48,C4,55500,1075,77
48,C4,56700,300,85
45,A3,57000,300,77
48,C4,57300,599,90
50,D4,57899,301,90
50,D4,58200,300,83
52,E4,58500,300,89
50,D4,58800,537,79
52,E4,59400,1675,88
55,G4,61200,537,94
60,C5,61799,301,96
59,B4,62100,300,81
59,B4,62400,299,88
55,G4,62699,301,75
55,G4,63000,300,80
55,G4,63300,537,82
52,E4,63900,537,80
55,G4,64500,150,87
57,A4,64650,1225,90
57,A4,66000,300,87
57,A4,66300,300,82
57,A4,66600,300,84
57,A4,66900,600,84
55,G4,67500,300,78
50,D4,67800,150,70
52,E4,67950,150,85
50,D4,68100,537,78
50,D4,68700,300,86
52,E4,69000,300,86
52,E4,69300,1100,83
55,G4,70500,300,89
55,G4,70800,537,89
60,C5,71400,300,93
62,D5,71700,837,92
60,C5,72600,300,76
59,B4,72900,537,78
59,B4,73500,300,85
60,C5,73800,300,86
60,C5,74100,300,82
60,C5,74400,1075,85
60,C5,75600,300,87
57,A4,75900,300,75
60,C5,76200,300,88
57,A4,76500,300,77
60,C5,76800,300,92
62,D5,77100,300,88
62,D5,77400,150,84
64,E5,77550,150,88
62,D5,77700,537,80
60,C5,78300,800,77
60,C5,79200,300,99
60,C5,79500,300,96
60,C5,79800,300,98
60,C5,80100,300,98
60,C5,80400,537,102
55,G4,81000,300,83
60,C5,81300,300,106
62,D5,81600,300,107
59,B4,81900,300,89
59,B4,82200,300,98
59,B4,82500,300,97
59,B4,82800,300,98
59,B4,83100,300,98
60,C5,83400,300,99
60,C5,83700,300,97
60,C5,84000,300,102
57,A4,84300,1075,89
60,C5,85500,300,107
60,C5,85800,300,96
57,A4,86100,300,89
62,D5,86400,300,110
60,C5,86700,300,93
60,C5,87000,300,94
57,A4,87300,300,90
60,C5,87600,300,106
60,C5,87900,300,95
55,G4,88200,150,83
57,A4,88350,150,102
55,G4,88500,600,90
60,C5,89100,150,111
60,C5,89250,150,97
60,C5,89400,300,95
60,C5,89700,300,97
60,C5,90000,300,99
55,G4,90300,300,85
55,G4,90600,300,95
62,D5,90900,300,114
62,D5,91200,300,104
60,C5,91500,300,91
62,D5,91800,150,104
64,E5,91950,150,103
62,D5,92100,800,91
64,E5,93000,300,104
67,G5,93300,300,108
69,A5,93600,1800,105
57,A4,95400,1800,105
60,C5,95400,300,77
60,C5,95700,300,92
57,A4,96000,300,90
60,C5,96300,300,103
62,D5,96600,150,103
64,E5,96750,150,104
62,D5,96900,800,90
60,C5,97800,300,94
60,C5,98100,300,97
60,C5,98400,537,99
60,C5,99000,537,98
60,C5,99600,537,95
60,C5,100200,300,98
60,C5,100500,300,96
59,B4,100800,300,95
59,B4,101100,300,97
60,C5,101400,300,101
59,B4,101700,537,94
60,C5,102300,300,103
60,C5,102600,300,98
57,A4,102900,300,90
60,C5,103200,537,108
60,C5,103800,300,95
57,A4,104100,300,88
60,C5,104400,537,108
60,C5,105000,300,96
67,G5,105300,300,113
60,C5,105600,300,83
60,C5,105900,300,96
60,C5,106200,300,95
60,C5,106500,300,98
62,D5,107100,0,98
64,E5,107400,537,103
60,C5,108000,537,89
60,C5,108600,537,96
60,C5,109200,537,98
60,C5,109800,300,97
60,C5,110100,300,95
59,B4,110400,537,94
59,B4,111000,300,97
59,B4,111300,537,96
60,C5,111900,300,104
60,C5,112200,300,98
57,A4,112500,300,88
60,C5,112800,537,107
60,C5,113400,300,97
57,A4,113700,300,88
60,C5,114000,537,107
60,C5,114600,299,97
55,G4,114899,301,82
57,A4,115200,300,101
60,C5,115500,299,106
57,A4,115799,301,90
55,G4,116100,300,91
60,C5,116400,537,113
62,D5,117000,300,103
60,C5,117300,300,91
60,C5,117600,300,100
60,C5,117900,300,99
60,C5,118200,300,99
60,C5,118500,300,96
60,C5,118800,537,99
55,G4,119400,300,85
60,C5,119700,299,108
62,D5,119999,301,105
59,B4,120300,300,88
59,B4,120600,299,95
59,B4,120899,301,98
59,B4,121200,300,98
59,B4,121500,299,97
60,C5,121799,301,100
60,C5,122100,300,96
60,C5,122400,299,99
57,A4,122699,1076,89
60,C5,123900,300,104
60,C5,124200,299,96
57,A4,124499,301,86
62,D5,124800,300,111
60,C5,125100,299,91
60,C5,125399,301,96
57,A4,125700,300,87
60,C5,126000,300,107
60,C5,126300,300,96
55,G4,126600,150,82
57,A4,126750,150,99
55,G4,126900,600,90
60,C5,127500,150,108
60,C5,127650,150,99
60,C5,127800,300,99
60,C5,128100,300,99
60,C5,128400,300,100
55,G4,128700,300,86
55,G4,129000,300,93
62,D5,129300,300,115
62,D5,129600,300,104
60,C5,129900,300,89
62,D5,130200,150,103
64,E5,130350,149,102
62,D5,130499,801,91
64,E5,131400,300,104
67,G5,131700,300,104
69,A5,132000,1800,108
57,A4,133800,1800,108
60,C5,133800,300,78
60,C5,134100,300,91
57,A4,134400,300,90
60,C5,134700,300,105
62,D5,135000,150,104
64,E5,135150,150,102
62,D5,135300,800,92
60,C5,136200,300,93
60,C5,136500,300,98
60,C5,136800,537,99
60,C5,137400,537,99
60,C5,138000,537,96
60,C5,138600,300,97
60,C5,138900,300,96
59,B4,139200,300,96
59,B4,139500,300,94
60,C5,139800,300,99
59,B4,140100,537,91
60,C5,140700,300,103
60,C5,141000,300,96
57,A4,141300,300,88
60,C5,141600,537,105
60,C5,142200,300,98
57,A4,142500,300,89
60,C5,142800,537,107
60,C5,143400,300,96
67,G5,143700,300,112
60,C5,144000,300,85
60,C5,144300,300,95
60,C5,144600,300,96
60,C5,144900,300,96
62,D5,145500,0,96
64,E5,145800,537,104
60,C5,146400,537,89
60,C5,147000,537,95
60,C5,147600,537,97
60,C5,148200,300,97
60,C5,148500,300,99
59,B4,148800,537,96
59,B4,149400,300,94
59,B4,149700,537,96
60,C5,150300,300,105
60,C5,150600,300,96
57,A4,150900,300,87
60,C5,151200,537,105
60,C5,151800,300,96
57,A4,152100,300,87
60,C5,152400,537,107
60,C5,153000,300,95
55,G4,153300,300,83
57,A4,153600,300,103
60,C5,153900,300,104
57,A4,154200,300,91
55,G4,154500,300,92
60,C5,154800,537,111
62,D5,155400,300,104
60,C5,155700,300,93
60,C5,156000,1612,86
55,G4,157800,300,73
55,G4,158100,837,79
52,E4,159000,300,74
50,D4,159300,800,76
52,E4,160200,300,92
50,D4,160500,300,77
50,D4,160800,300,86
48,C4,161100,1075,79
48,C4,162300,300,84
45,A3,162600,300,76
48,C4,162900,300,87
55,G4,163200,300,102
48,C4,163500,300,71
48,C4,163800,300,81
48,C4,164100,300,83
45,A3,164400,300,76
48,C4,164700,300,87
50,D4,165000,150,89
52,E4,165300,0,84
52,E4,165600,1075,86
55,G4,166800,537,92
60,C5,167400,300,95
59,B4,167700,837,83
59,B4,168600,300,85
59,B4,168900,537,83
60,C5,169500,300,91
60,C5,169800,300,83
55,G4,170100,300,72
57,A4,170400,1075,90
57,A4,171600,300,86
55,G4,171900,300,75
57,A4,172200,300,86
59,B4,172500,300,87
60,C5,172800,537,91
62,D5,173400,300,90
60,C5,173700,300,78
62,D5,174000,300,91
64,E5,174300,300,89
62,D5,174600,300,79
60,C5,174900,300,75
64,E5,175200,800,94
64,E5,176100,300,84
64,E5,176400,300,84
55,G4,176700,300,65
57,A4,177000,300,85
55,G4,177300,300,78
60,C5,177600,300,95
62,D5,177900,537,90
62,D5,178500,300,83
62,D5,178800,300,88
55,G4,179100,300,66
59,B4,179400,300,87
60,C5,179700,150,87
62,D5,179850,150,89
60,C5,180000,1075,82
60,C5,181200,300,85
55,G4,181500,300,72
57,A4,181800,300,88
60,C5,182100,300,88
64,E5,182400,300,102
65,F5,182700,300,100
64,E5,183000,537,90
62,D5,183600,300,94
60,C5,183900,800,75
60,C5,184800,300,86
55,G4,185100,300,71
60,C5,185400,537,91
60,C5,186000,537,88
55,G4,186600,300,70
60,C5,186900,150,92
62,D5,187050,150,89
62,D5,187200,800,85
60,C5,188100,300,75
62,D5,188400,300,92
64,E5,188700,300,86
62,D5,189000,300,76
60,C5,189300,262,79
52,E4,189900,300,77
59,B4,190200,300,97
60,C5,190500,537,87
52,E4,191100,300,71
53,F4,191400,150,83
55,G4,191550,150,88
53,F4,191700,500,76
53,F4,192200,187,83
53,F4,192387,213,84
55,G4,192600,537,88
55,G4,193200,1075,84
60,C5,194400,300,96
55,G4,194700,300,74
60,C5,195000,537,93
60,C5,195600,537,89
55,G4,196200,300,70
60,C5,196500,150,91
62,D5,196650,150,88
62,D5,196800,800,86
60,C5,197700,300,78
62,D5,198000,300,88
64,E5,198300,300,90
67,G5,198600,300,88
60,C5,198900,262,70
52,E4,199500,300,76
59,B4,199800,300,96
60,C5,200100,537,88
62,D5,200700,300,90
64,E5,201000,300,89
65,F5,201300,600,87
64,E5,201900,300,77
60,C5,202200,300,73
62,D5,202500,537,85
60,C5,203100,300,81
59,B4,203400,300,79
60,C5,203700,2462,87
55,G4,207300,300,74
60,C5,207600,537,95
60,C5,208200,537,84
59,B4,208800,1075,81
59,B4,210000,300,83
57,A4,210300,300,78
59,B4,210600,300,87
60,C5,210900,1375,87
60,C5,212400,300,86
60,C5,212700,537,83
59,B4,213300,300,80
57,A4,213600,300,81
55,G4,213900,300,77
57,A4,214200,300,86
55,G4,214500,537,79
50,D4,215100,300,73
50,D4,215400,300,82
52,E4,215700,1100,90
55,G4,216900,300,88
60,C5,217200,537,97
60,C5,217800,537,86
59,B4,218400,1075,84
59,B4,219600,300,83
57,A4,219900,300,78
59,B4,220200,300,87
60,C5,220500,600,88
67,G5,221100,537,96
64,E5,221700,800,80
64,E5,222600,300,84
65,F5,222900,600,85
64,E5,223500,300,79
60,C5,223800,300,72
62,D5,224100,537,84
60,C5,224700,300,82
59,B4,225000,300,78
60,C5,225300,1100,88
55,G4,226500,537,71
55,G4,227100,300,84
55,G4,227400,300,81
55,G4,227700,300,84
55,G4,228000,537,88
52,E4,228600,300,76
50,D4,228900,800,76
52,E4,229799,301,88
52,E4,230100,1912,82
52,E4,232200,299,87
52,E4,232499,601,84
50,D4,233100,300,79
50,D4,233400,300,83
50,D4,233700,537,82
48,C4,234300,300,78
45,A3,234600,300,76
43,G3,234900,1375,75
43,G3,236400,300,87
43,G3,236700,300,81
55,G4,237000,300,104
55,G4,237300,300,85
55,G4,237600,537,88
52,E4,238200,300,74
50,D4,238500,800,77
52,E4,239400,300,91
50,D4,239700,299,80
50,D4,239999,301,85
48,C4,240300,1075,75
48,C4,241500,299,87
45,A3,241799,301,76
48,C4,242100,599,87
50,D4,242699,301,89
50,D4,243000,300,84
52,E4,243300,299,88
50,D4,243599,538,77
52,E4,244200,1674,86
55,G4,246000,537,93
60,C5,246600,300,97
59,B4,246900,299,81
59,B4,247199,301,88
55,G4,247500,300,73
55,G4,247800,299,81
55,G4,248099,538,81
52,E4,248700,537,78
55,G4,249300,150,87
57,A4,249450,1225,90
57,A4,250799,301,85
57,A4,251100,300,85
57,A4,251400,299,84
57,A4,251699,601,85
55,G4,252300,300,76
50,D4,252600,149,72
52,E4,252749,151,87
50,D4,252900,537,76
50,D4,253500,300,86
52,E4,253800,300,89
52,E4,254100,1100,85
55,G4,255300,300,91
55,G4,255600,537,89
60,C5,256200,300,95
62,D5,256500,837,89
60,C5,257400,300,78
59,B4,257700,537,79
59,B4,258300,300,85
60,C5,258600,300,85
60,C5,258900,300,81
60,C5,259200,1075,85
60,C5,260400,300,85
57,A4,260700,299,75
60,C5,260999,301,87
57,A4,261300,300,76
60,C5,261600,299,93
62,D5,261899,301,87
62,D5,262200,150,85
64,E5,262350,150,90
62,D5,262500,537,79
60,C5,263100,800,78
60,C5,264000,300,99
60,C5,264300,300,98
60,C5,264600,300,95
60,C5,264900,300,98
60,C5,265200,537,98
55,G4,265800,300,84
60,C5,266100,300,105
62,D5,266400,300,106
59,B4,266700,300,87
59,B4,267000,300,95
59,B4,267300,300,97
59,B4,267600,300,98
59,B4,267900,300,96
60,C5,268200,300,100
60,C5,268500,300,96
60,C5,268800,300,100
57,A4,269100,1075,86
60,C5,270300,300,108
60,C5,270600,300,96
57,A4,270900,300,90
62,D5,271200,300,109
60,C5,271500,300,90
60,C5,271800,300,97
57,A4,272100,300,87
60,C5,272400,300,105
60,C5,272700,300,98
55,G4,273000,150,85
57,A4,273150,150,99
55,G4,273300,600,89
60,C5,273900,150,109
60,C5,274050,150,99
60,C5,274200,300,97
60,C5,274500,300,96
60,C5,274800,300,102
55,G4,275100,300,86
55,G4,275400,300,92
62,D5,275700,300,115
62,D5,276000,300,101
60,C5,276300,300,91
62,D5,276600,150,104
64,E5,276750,150,104
62,D5,276900,800,93
64,E5,277800,300,103
67,G5,278100,300,106
69,A5,278400,1800,108
57,A4,280200,1800,108
60,C5,280200,300,80
60,C5,280500,300,93
57,A4,280800,300,90
60,C5,281100,300,103
62,D5,281400,150,103
64,E5,281550,150,104
62,D5,281700,800,90
60,C5,282600,300,91
60,C5,282900,300,97
60,C5,283200,537,101
60,C5,283800,537,96
60,C5,284400,537,98
60,C5,285000,300,99
60,C5,285300,300,97
59,B4,285600,300,96
59,B4,285900,300,94
60,C5,286200,300,99
59,B4,286500,537,92
60,C5,287100,300,102
60,C5,287400,300,99
57,A4,287700,300,89
60,C5,288000,537,106
60,C5,288600,300,97
57,A4,288900,300,88
60,C5,289200,537,106
60,C5,289800,300,96
67,G5,290100,300,113
60,C5,290400,300,84
60,C5,290700,300,96
60,C5,291000,300,99
60,C5,291300,300,97
62,D5,291900,0,98
64,E5,292200,537,105
60,C5,292800,537,89
60,C5,293400,537,95
60,C5,294000,537,96
60,C5,294600,300,97
60,C5,294900,300,96
59,B4,295200,537,93
59,B4,295800,300,96
59,B4,296100,537,98
60,C5,296700,300,104
60,C5,297000,300,96
57,A4,297300,300,90
60,C5,297600,537,104
60,C5,298200,300,96
57,A4,298500,300,86
60,C5,298800,537,107
60,C5,299400,300,98
55,G4,299700,300,86
57,A4,300000,300,103
60,C5,300300,300,107
57,A4,300600,300,91
55,G4,300900,300,89
60,C5,301200,537,114
62,D5,301800,300,103
60,C5,302100,300,90
60,C5,302400,300,99
60,C5,302700,300,95
60,C5,303000,300,96
60,C5,303300,300,97
60,C5,303600,537,99
55,G4,304200,300,82
60,C5,304500,300,106
62,D5,304800,300,108
59,B4,305100,300,88
59,B4,305400,300,97
59,B4,305700,300,99
59,B4,306000,300,99
59,B4,306300,300,96
60,C5,306600,300,99
60,C5,306900,300,96
60,C5,307200,300,100
57,A4,307500,1075,89
60,C5,308700,300,106
60,C5,309000,300,98
57,A4,309300,300,89
62,D5,309600,300,110
60,C5,309900,300,92
60,C5,310200,300,96
57,A4,310500,300,86
60,C5,310800,300,104
60,C5,311100,300,99
55,G4,311400,150,83
57,A4,311550,150,100
55,G4,311700,600,91
60,C5,312300,150,111
60,C5,312450,150,101
60,C5,312600,300,95
60,C5,312900,300,96
60,C5,313200,300,102
55,G4,313500,300,85
55,G4,313800,300,94
62,D5,314100,300,116
62,D5,314400,300,103
60,C5,314700,300,88
62,D5,315000,150,104
64,E5,315150,150,104
62,D5,315300,800,90
64,E5,316200,300,107
67,G5,316500,300,105
69,A5,316800,1800,106
57,A4,318600,1800,106
60,C5,318600,300,79
60,C5,318900,300,94
57,A4,319200,300,89
60,C5,319500,300,103
62,D5,319800,150,104
64,E5,319950,150,104
62,D5,320100,800,90
60,C5,321000,300,91
60,C5,321300,300,95
60,C5,321600,537,99
60,C5,322200,537,98
60,C5,322800,537,97
60,C5,323400,300,98
60,C5,323700,300,97
59,B4,324000,300,95
59,B4,324300,300,96
60,C5,324600,300,99
59,B4,324900,537,95
60,C5,325500,300,104
60,C5,325800,300,96
57,A4,326100,300,87
60,C5,326400,537,107
60,C5,327000,300,98
57,A4,327300,300,89
60,C5,327600,537,104
60,C5,328200,300,97
67,G5,328500,300,114
60,C5,328800,300,87
60,C5,329100,300,93
60,C5,329400,300,98
60,C5,329700,300,95
62,D5,330300,0,98
64,E5,330600,537,104
60,C5,331200,537,90
60,C5,331800,537,94
60,C5,332400,537,97
60,C5,333000,300,96
60,C5,333300,300,98
59,B4,333600,537,93
59,B4,334200,300,94
59,B4,334500,537,97
60,C5,335100,300,104
60,C5,335400,300,98
57,A4,335700,300,88
60,C5,336000,537,105
60,C5,336600,300,98
57,A4,336900,300,88
60,C5,337200,537,106
60,C5,337800,300,95
55,G4,338100,300,83
57,A4,338400,300,104
60,C5,338700,300,106
57,A4,339000,300,91
55,G4,339300,300,90
60,C5,339600,537,111
62,D5,340200,300,104
60,C5,340500,300,92
60,C5,340800,1612,87
55,G4,342600,300,75
55,G4,342900,837,82
52,E4,343800,300,73
50,D4,344100,800,77
52,E4,345000,300,91
50,D4,345300,300,77
50,D4,345600,300,83
48,C4,345900,1075,77
48,C4,347100,300,83
45,A3,347400,300,76
48,C4,347700,300,87
55,G4,348000,300,101
48,C4,348300,300,72
48,C4,348600,300,81
48,C4,348900,300,84
45,A3,349200,300,77
48,C4,349500,300,87
50,D4,349800,150,88
52,E4,350100,0,82
52,E4,350400,1075,85
55,G4,351600,537,92
60,C5,352200,300,96
59,B4,352500,837,80
59,B4,353400,300,82
59,B4,353700,537,81
60,C5,354300,300,89
60,C5,354600,300,81
55,G4,354900,300,72
57,A4,355200,1075,88
57,A4,356400,300,87
55,G4,356700,300,79
57,A4,357000,300,86
59,B4,357300,300,90
60,C5,357600,537,88
62,D5,358200,300,88
60,C5,358500,300,78
62,D5,358800,300,91
64,E5,359100,300,89
62,D5,359400,300,79
60,C5,359700,300,77
64,E5,360000,800,92
64,E5,360900,300,82
64,E5,361200,300,87
55,G4,361500,300,63
57,A4,361800,300,83
55,G4,362100,300,77
60,C5,362400,300,95
62,D5,362700,537,88
62,D5,363300,300,86
62,D5,363600,300,86
55,G4,363900,300,68
59,B4,364200,300,90
60,C5,364500,150,88
62,D5,364650,150,87
60,C5,364800,1075,80
60,C5,366000,300,85
55,G4,366300,300,70
57,A4,366600,300,87
60,C5,366900,300,89
64,E5,367200,300,102
65,F5,367500,300,98
64,E5,367800,537,92
62,D5,368400,300,95
60,C5,368700,800,75
60,C5,371400,300,78
60,C5,371700,300,81
59,B4,372000,537,80
57,A4,372600,537,77
55,G4,373200,537,77
57,A4,373800,150,87
59,B4,373950,150,87
60,C5,374100,300,88
60,C5,374400,800,84
57,A4,375300,1075,73
55,G4,376500,300,77
53,F4,376800,300,79
53,F4,377100,300,81
53,F4,377400,300,84
52,E4,377700,300,78
53,F4,378000,537,88
55,G4,378600,537,89
57,A4,379200,300,90
57,A4,379500,300,84
57,A4,379800,300,82
57,A4,380100,300,83
62,D5,380400,537,96
57,A4,381000,300,75
54,F#4,381300,300,75
57,A4,381600,300,91
57,A4,381900,300,84
57,A4,382200,300,82
57,A4,382500,300,84
62,D5,382800,300,96
64,E5,383100,300,90
61,C#5,383400,300,77
62,D5,383700,600,84
59,B4,384300,150,77
57,A4,384450,150,76
59,B4,384600,300,89
62,D5,384900,300,89
59,B4,385200,537,82
59,B4,385800,300,82
62,D5,386100,300,88
62,D5,386400,150,86
64,E5,386550,150,87
62,D5,386700,537,79
62,D5,387300,300,83
61,C#5,387600,300,82
62,D5,387900,300,87
64,E5,388200,300,88
62,D5,388500,300,80
66,F#5,388800,1075,110
57,A4,390000,300,81
57,A4,390300,300,93
66,F#5,390600,300,120
62,D5,390900,300,91
64,E5,391200,1075,104
57,A4,392400,300,82
57,A4,392700,300,93
64,E5,393000,300,113
62,D5,393300,1375,93
62,D5,394800,300,99
62,D5,395100,300,96
62,D5,395400,300,95
59,B4,395700,300,89
69,A5,396000,300,122
62,D5,396300,300,83
62,D5,396600,300,94
59,B4,396900,300,88
62,D5,397200,300,104
62,D5,397500,300,96
59,B4,397800,300,86
57,A4,398100,600,91
62,D5,398700,150,110
62,D5,399000,0,98
62,D5,399300,300,97
62,D5,399600,300,99
57,A4,399900,300,86
57,A4,400200,300,92
62,D5,400500,300,108
64,E5,400800,300,108
62,D5,401100,300,93
66,F#5,401400,300,105
64,E5,401700,800,93
66,F#5,402600,300,106
69,A5,402900,300,107
71,B5,403200,1800,108
59,B4,405000,1800,108
62,D5,405000,300,77
62,D5,405300,300,93
59,B4,405600,300,90
62,D5,405900,300,103
64,E5,406200,150,101
66,F#5,406350,150,105
64,E5,406500,800,89
62,D5,407400,300,94
62,D5,407700,300,97
62,D5,408000,300,99
62,D5,408300,300,95
62,D5,408600,300,97
62,D5,408900,300,98
62,D5,409200,537,99
57,A4,409800,300,86
62,D5,410100,300,106
64,E5,410400,300,107
61,C#5,410700,300,89
61,C#5,411000,300,97
61,C#5,411300,300,98
61,C#5,411600,300,101
61,C#5,411900,300,96
62,D5,412200,300,99
62,D5,412500,600,98
59,B4,413100,1075,89
62,D5,414300,300,105
62,D5,414600,300,97
59,B4,414900,300,89
64,E5,415200,300,110
62,D5,415500,300,91
62,D5,415800,300,98
59,B4,416100,300,88
62,D5,416400,300,107
62,D5,416700,300,97
57,A4,417000,150,85
59,B4,417150,150,99
57,A4,417300,300,90
57,A4,417600,300,99
62,D5,417900,150,108
62,D5,418050,150,99
62,D5,418200,300,95
62,D5,418500,300,98
62,D5,418800,300,99
57,A4,419100,300,83
57,A4,419400,300,94
64,E5,419700,600,114
62,D5,420300,300,91
64,E5,420600,150,102
66,F#5,420750,150,101
64,E5,420900,800,92
66,F#5,421800,300,104
69,A5,422100,300,106
71,B5,422400,1800,105
59,B4,424200,1800,105
62,D5,424200,300,79
62,D5,424500,300,91
59,B4,424800,300,91
62,D5,425100,300,102
64,E5,425400,150,105
66,F#5,425550,150,104
64,E5,425700,800,90
62,D5,426600,300,91
62,D5,426900,300,96
62,D5,427200,537,116
62,D5,427800,537,114
62,D5,428400,537,115
62,D5,429000,300,114
62,D5,429300,300,115
61,C#5,429600,300,111
61,C#5,429900,300,111
62,D5,430200,300,118
61,C#5,430500,537,107
59,B4,431100,300,109
59,B4,431400,300,112
57,A4,431700,300,106
62,D5,432000,537,127
62,D5,432600,300,116
59,B4,432900,300,104
62,D5,433200,537,122
62,D5,433800,300,111
57,A4,434100,300,98
54,F#4,434400,300,104
54,F#4,434700,300,113
54,F#4,435000,300,112
54,F#4,435300,300,112
55,G4,435600,300,123
55,G4,435900,300,112
57,A4,436200,600,121
62,D5,436800,537,127
62,D5,437400,537,113
62,D5,438000,537,114
62,D5,438600,300,115
62,D5,438900,300,111
61,C#5,439200,537,108
61,C#5,439800,300,111
61,C#5,440100,537,113
62,D5,440700,300,121
62,D5,441000,300,115
59,B4,441300,300,102
62,D5,441600,537,125
62,D5,442200,300,111
59,B4,442500,300,104
62,D5,442800,537,122
62,D5,443400,300,112
57,A4,443700,300,97
59,B4,444000,300,115
62,D5,444300,300,109
59,B4,444600,300,92
57,A4,444900,300,85
62,D5,445200,537,103
64,E5,445800,300,89
62,D5,446100,300,75
62,D5,446400,300,83
57,A4,446700,300,67
62,D5,447000,537,78
62,D5,447600,537,72
57,A4,448200,300,53
62,D5,448500,150,66
64,E5,448650,150,57
64,E5,448800,800,49
62,D5,449700,300,44
64,E5,450000,300,52
66,F#5,450300,300,52
64,E5,450600,300,44
62,D5,450900,262,43
54,F#4,451500,300,45
61,C#5,451800,300,55
62,D5,452100,537,50
54,F#4,452700,300,43
55,G4,453000,150,50
57,A4,453150,150,51
55,G4,453300,300,45
55,G4,453600,300,49
55,G4,453900,300,48
55,G4,454200,300,50
57,A4,454500,537,49
57,A4,455100,800,47
62,D5,456000,300,56
57,A4,456300,300,41
62,D5,456600,537,51
62,D5,457200,537,52
57,A4,457800,300,40
62,D5,458100,150,52
64,E5,458250,150,51
64,E5,458400,800,52
62,D5,459300,299,46
64,E5,459599,301,52
66,F#5,459900,300,51
69,A5,460200,300,53
62,D5,460500,262,41
54,F#4,461100,299,47
61,C#5,461399,300,56
62,D5,461699,538,50
64,E5,462300,300,52
66,F#5,462600,300,50
67,G5,462900,599,51
66,F#5,463499,301,45
62,D5,463800,300,41
64,E5,464100,537,50
62,D5,464700,299,50
61,C#5,464999,300,46
62,D5,465299,2462,51
--end--
48,C4,0,2162,70
43,G3,2400,300,67
50,D4,2700,300,86
55,G4,3000,1612,89
45,A3,4800,2162,60
41,F3,7200,299,66
48,C4,7499,801,85
43,G3,8400,300,68
50,D4,8700,800,87
48,C4,9600,2162,77
43,G3,12000,300,66
50,D4,12300,300,88
55,G4,12600,1612,87
45,A3,14400,2162,61
41,F3,16800,300,67
48,C4,17100,300,86
53,F4,17400,537,87
43,G3,18000,300,62
50,D4,18300,800,85
36,C3,21600,300,58
43,G3,21900,300,87
48,C4,22200,300,87
43,G3,22500,300,69
48,C4,22800,300,87
43,G3,23100,300,68
48,C4,23400,300,83
43,G3,23700,300,67
43,G3,24000,300,78
50,D4,24300,300,90
55,G4,24600,300,87
50,D4,24900,300,65
55,G4,25200,300,86
50,D4,25500,300,69
55,G4,25800,300,83
50,D4,26100,300,65
45,A3,26400,300,68
52,E4,26700,300,88
57,A4,27000,300,86
52,E4,27300,300,68
57,A4,27600,300,87
52,E4,27900,300,69
57,A4,28200,300,85
52,E4,28500,300,68
41,F3,28800,300,57
48,C4,29100,300,86
53,F4,29400,1612,85
36,C3,31200,300,61
43,G3,31500,300,88
48,C4,31800,300,87
43,G3,32100,300,66
48,C4,32400,300,88
43,G3,32700,300,68
48,C4,33000,300,85
43,G3,33300,300,67
43,G3,33600,300,78
50,D4,33900,300,87
55,G4,34200,300,89
50,D4,34500,300,69
55,G4,34800,300,89
50,D4,35100,300,67
55,G4,35400,300,83
50,D4,35700,300,67
45,A3,36000,300,68
52,E4,36300,300,89
57,A4,36600,300,87
52,E4,36900,300,66
57,A4,37200,300,87
52,E4,37500,300,68
57,A4,37800,300,83
52,E4,38100,300,67
41,F3,38400,300,57
48,C4,38700,300,87
53,F4,39000,300,88
48,C4,39300,300,67
43,G3,39600,300,66
50,D4,39900,300,88
55,G4,40200,300,89
50,D4,40500,300,66
36,C3,40800,300,56
43,G3,41100,300,86
48,C4,41400,300,85
43,G3,41700,300,69
48,C4,42000,300,87
43,G3,42300,300,65
48,C4,42600,300,83
43,G3,42900,300,69
31,G2,43200,300,55
38,D3,43500,300,88
43,G3,43800,300,87
38,D3,44100,300,69
43,G3,44400,300,89
38,D3,44700,300,66
43,G3,45000,300,84
38,D3,45300,300,68
33,A2,45600,300,69
40,E3,45900,300,88
45,A3,46200,300,86
40,E3,46500,300,68
45,A3,46800,300,88
40,E3,47100,300,67
45,A3,47400,300,86
40,E3,47700,300,67
29,F2,48000,300,58
36,C3,48300,300,86
41,F3,48600,300,87
36,C3,48900,300,68
31,G2,49200,300,69
38,D3,49500,300,88
43,G3,49800,300,87
38,D3,50100,300,68
36,C3,50400,300,73
43,G3,50700,300,87
48,C4,51000,300,90
43,G3,51300,300,67
48,C4,51600,300,87
43,G3,51900,300,68
48,C4,52200,300,83
43,G3,52500,300,65
31,G2,52800,300,57
38,D3,53100,300,88
43,G3,53400,300,88
38,D3,53700,300,65
43,G3,54000,300,86
38,D3,54300,300,68
43,G3,54600,300,84
38,D3,54900,300,68
33,A2,55200,300,68
40,E3,55500,300,86
45,A3,55800,300,87
40,E3,56100,300,68
45,A3,56400,300,88
40,E3,56700,300,67
45,A3,57000,300,84
40,E3,57300,300,69
29,F2,57600,299,58
36,C3,57899,301,88
41,F3,58200,300,87
36,C3,58500,300,69
31,G2,58800,300,66
38,D3,59100,300,89
43,G3,59400,300,86
38,D3,59700,299,67
36,C3,59999,301,75
43,G3,60300,300,89
52,E4,60600,600,93
48,C4,61200,600,93
52,E4,61200,600,81
48,C4,61800,599,81
52,E4,61800,600,76
48,C4,62400,601,76
31,G2,62400,299,57
38,D3,62699,301,87
47,B3,63000,600,95
43,G3,63600,600,95
43,G3,63600,600,81
47,B3,64200,600,81
43,G3,64200,600,75
47,B3,64800,600,75
33,A2,64800,300,59
40,E3,65100,300,85
45,A3,65400,600,90
48,C4,66000,600,90
48,C4,66000,600,83
45,A3,66600,600,83
48,C4,66600,600,75
45,A3,67200,600,75
29,F2,67200,300,59
36,C3,67500,300,84
45,A3,67800,600,95
41,F3,68400,600,95
38,D3,68400,600,78
43,G3,69000,600,78
31,G2,69000,600,78
43,G3,69000,600,75
31,G2,69600,600,75
38,D3,69600,600,75
36,C3,69600,300,64
43,G3,69900,300,87
48,C4,70200,600,93
52,E4,70800,600,93
52,E4,70800,600,80
48,C4,71400,600,80
52,E4,71400,600,75
48,C4,72000,600,75
31,G2,72000,300,56
38,D3,72300,300,86
47,B3,72600,600,95
43,G3,73200,600,95
43,G3,73200,600,82
47,B3,73800,600,82
47,B3,73800,600,75
43,G3,74400,600,75
33,A2,74400,300,57
40,E3,74700,300,87
45,A3,75000,600,91
48,C4,75600,600,91
48,C4,75600,600,82
45,A3,76200,600,82
45,A3,76200,600,76
48,C4,76800,600,76
29,F2,76800,300,59
36,C3,77100,300,87
45,A3,77400,600,96
41,F3,78000,600,96
31,G2,78000,600,78
38,D3,78600,600,78
43,G3,78600,600,78
31,G2,78600,600,78
38,D3,79200,600,78
43,G3,79200,600,78
36,C3,79200,600,89
43,G3,79800,600,89
48,C4,79800,600,89
48,C4,79800,600,77
36,C3,80400,600,77
43,G3,80400,600,77
48,C4,80400,600,75
36,C3,81000,600,75
43,G3,81000,600,75
48,C4,81000,600,78
36,C3,81600,600,78
43,G3,81600,600,78
43,G3,81600,600,67
31,G2,82200,600,67
38,D3,82200,600,67
38,D3,82200,600,75
43,G3,82800,600,75
31,G2,82800,600,75
43,G3,82800,600,77
31,G2,83400,600,77
38,D3,83400,600,77
43,G3,83400,600,75
31,G2,84000,600,75
38,D3,84000,600,75
45,A3,84000,600,84
33,A2,84600,600,84
40,E3,84600,600,84
33,A2,84600,600,78
40,E3,85200,600,78
45,A3,85200,600,78
33,A2,85200,600,77
40,E3,85800,600,77
45,A3,85800,600,77
45,A3,85800,600,74
33,A2,86400,600,74
40,E3,86400,600,74
41,F3,86400,600,70
29,F2,87000,600,70
36,C3,87000,600,70
41,F3,87000,600,73
29,F2,87600,600,73
36,C3,87600,600,73
38,D3,87600,600,81
43,G3,88200,600,81
31,G2,88200,600,81
43,G3,88200,600,76
31,G2,88800,600,76
38,D3,88800,600,76
36,C3,88800,600,91
43,G3,89400,600,91
48,C4,89400,600,91
48,C4,89400,600,78
36,C3,90000,600,78
43,G3,90000,600,78
36,C3,90000,600,77
43,G3,90600,600,77
48,C4,90600,600,77
48,C4,90600,600,75
36,C3,91200,600,75
43,G3,91200,600,75
43,G3,91200,600,66
31,G2,91800,600,66
38,D3,91800,600,66
43,G3,91800,600,72
31,G2,92400,600,72
38,D3,92400,600,72
31,G2,92400,600,75
38,D3,93000,600,75
43,G3,93000,600,75
38,D3,93000,600,75
43,G3,93600,600,75
31,G2,93600,600,75
45,A3,93600,600,84
33,A2,94200,600,84
40,E3,94200,600,84
45,A3,94200,600,78
33,A2,94800,600,78
40,E3,94800,600,78
33,A2,94800,600,76
40,E3,95400,600,76
45,A3,95400,600,76
33,A2,95400,600,75
40,E3,96000,600,75
45,A3,96000,600,75
41,F3,96000,600,69
29,F2,96600,600,69
36,C3,96600,600,69
41,F3,96600,600,73
29,F2,97200,600,73
36,C3,97200,600,73
31,G2,97200,600,79
38,D3,97800,600,79
43,G3,97800,600,79
43,G3,97800,600,77
31,G2,98400,600,77
38,D3,98400,600,77
24,C2,98400,300,59
31,G2,98700,300,87
40,E3,99000,300,93
36,C3,99300,300,93
31,G2,99300,300,63
40,E3,99600,300,95
36,C3,99900,300,95
31,G2,99900,300,61
40,E3,100200,300,92
36,C3,100500,300,92
33,A2,100500,300,65
31,G2,100800,300,71
38,D3,101100,300,88
43,G3,101400,300,88
38,D3,101700,300,67
43,G3,102000,300,93
47,B3,102300,300,93
38,D3,102300,300,60
47,B3,102600,300,89
43,G3,102900,300,89
35,B2,102900,300,55
33,A2,103200,300,70
40,E3,103500,300,86
48,C4,103800,300,90
45,A3,104100,300,90
40,E3,104100,300,64
45,A3,104400,300,91
48,C4,104700,300,91
40,E3,104700,300,61
48,C4,105000,300,90
45,A3,105300,300,90
31,G2,105300,300,59
29,F2,105600,300,70
36,C3,105900,300,90
41,F3,106200,300,88
33,A2,106500,300,62
31,G2,106800,300,72
38,D3,107100,300,86
47,B3,107400,300,92
43,G3,107700,300,92
26,D2,107700,300,57
24,C2,108000,300,71
31,G2,108300,300,87
40,E3,108600,300,92
36,C3,108900,300,92
31,G2,108900,300,62
40,E3,109200,300,95
36,C3,109500,300,95
31,G2,109500,300,59
40,E3,109800,300,92
36,C3,110100,300,92
33,A2,110100,300,62
31,G2,110400,300,70
38,D3,110700,300,87
43,G3,111000,300,87
38,D3,111300,300,66
43,G3,111600,300,96
47,B3,111900,300,96
38,D3,111900,300,60
47,B3,112200,300,91
43,G3,112500,300,91
35,B2,112500,300,57
33,A2,112800,300,71
40,E3,113100,300,86
48,C4,113400,300,92
45,A3,113700,300,92
40,E3,113700,300,64
48,C4,114000,300,91
45,A3,114300,300,91
40,E3,114300,300,62
48,C4,114600,300,89
45,A3,114900,299,89
31,G2,114900,301,55
29,F2,115201,300,72
36,C3,115501,299,89
41,F3,115800,301,86
36,C3,116101,300,69
31,G2,116401,300,67
38,D3,116701,300,86
43,G3,117001,300,87
38,D3,117301,300,65
43,G3,117601,600,95
48,C4,118201,600,95
36,C3,118201,600,95
48,C4,118201,600,80
36,C3,118801,600,80
43,G3,118801,600,80
48,C4,118801,600,76
36,C3,119401,600,76
43,G3,119401,600,76
48,C4,119401,600,77
36,C3,120001,600,77
43,G3,120001,599,77
31,G2,120001,600,68
38,D3,120601,600,68
43,G3,120601,601,68
43,G3,120601,600,73
31,G2,121201,600,73
38,D3,121201,600,73
43,G3,121201,600,76
31,G2,121801,600,76
38,D3,121801,599,76
43,G3,121801,600,75
31,G2,122401,600,75
38,D3,122401,601,75
45,A3,122401,600,83
33,A2,123001,600,83
40,E3,123001,600,83
40,E3,123001,600,76
45,A3,123601,600,76
33,A2,123601,599,76
33,A2,123601,600,74
40,E3,124201,600,74
45,A3,124201,601,74
45,A3,124201,600,75
33,A2,124801,600,75
40,E3,124801,600,75
41,F3,124801,600,68
29,F2,125401,600,68
36,C3,125401,599,68
29,F2,125401,600,73
36,C3,126001,600,73
41,F3,126001,601,73
43,G3,126001,600,79
31,G2,126601,600,79
38,D3,126601,600,79
43,G3,126601,600,75
31,G2,127201,600,75
38,D3,127201,600,75
36,C3,127201,600,89
43,G3,127801,600,89
48,C4,127801,600,89
48,C4,127801,600,78
36,C3,128401,600,78
43,G3,128401,600,78
43,G3,128401,600,78
48,C4,129001,600,78
36,C3,129001,600,78
48,C4,129001,600,74
36,C3,129601,600,74
43,G3,129601,600,74
43,G3,129601,600,67
31,G2,130201,600,67
38,D3,130201,600,67
43,G3,130201,600,75
31,G2,130801,600,75
38,D3,130801,600,75
38,D3,130801,600,75
43,G3,131401,600,75
31,G2,131401,600,75
43,G3,131401,600,76
31,G2,132001,600,76
38,D3,132001,600,76
45,A3,132001,600,83
33,A2,132601,600,83
40,E3,132601,600,83
45,A3,132601,600,77
33,A2,133201,600,77
40,E3,133201,600,77
33,A2,133201,600,75
40,E3,133801,600,75
45,A3,133801,600,75
40,E3,133801,600,75
45,A3,134401,600,75
33,A2,134401,600,75
41,F3,134401,600,70
29,F2,135001,600,70
36,C3,135001,600,70
41,F3,135001,600,73
29,F2,135601,600,73
36,C3,135601,600,73
31,G2,135601,600,79
38,D3,136201,600,79
43,G3,136201,600,79
31,G2,136201,600,76
38,D3,136801,600,76
43,G3,136801,600,76
24,C2,136801,300,59
31,G2,137101,300,87
40,E3,137401,300,93
36,C3,137701,300,93
31,G2,137701,300,64
40,E3,138001,300,92
36,C3,138301,300,92
31,G2,138301,300,60
40,E3,138601,300,92
36,C3,138901,300,92
33,A2,138901,300,63
31,G2,139201,300,72
38,D3,139501,300,86
43,G3,139801,300,87
38,D3,140101,300,65
43,G3,140401,300,96
47,B3,140701,300,96
38,D3,140701,300,59
47,B3,141001,300,91
43,G3,141301,300,91
35,B2,141301,300,59
33,A2,141601,300,70
40,E3,141901,300,90
48,C4,142201,300,92
45,A3,142501,300,92
40,E3,142501,300,63
48,C4,142801,300,91
45,A3,143101,300,91
40,E3,143101,300,63
48,C4,143401,300,89
45,A3,143701,300,89
31,G2,143701,300,56
29,F2,144001,300,69
36,C3,144301,300,87
41,F3,144601,300,87
33,A2,144901,300,62
31,G2,145201,300,71
38,D3,145501,300,88
43,G3,145801,300,94
47,B3,146101,300,94
26,D2,146101,300,59
24,C2,146401,300,70
31,G2,146701,300,89
40,E3,147001,300,95
36,C3,147301,300,95
31,G2,147301,300,62
40,E3,147601,300,93
36,C3,147901,300,93
31,G2,147901,300,63
40,E3,148201,300,88
36,C3,148501,300,88
33,A2,148501,300,66
31,G2,148801,300,70
38,D3,149101,300,86
43,G3,149401,300,88
38,D3,149701,300,65
43,G3,150001,300,94
47,B3,150301,300,94
38,D3,150301,300,59
47,B3,150601,300,88
43,G3,150901,300,88
35,B2,150901,300,58
33,A2,151201,300,72
40,E3,151501,300,89
48,C4,151801,300,91
45,A3,152101,300,91
40,E3,152101,300,63
48,C4,152401,300,91
45,A3,152701,300,91
40,E3,152701,300,63
48,C4,153001,300,90
45,A3,153301,300,90
31,G2,153301,300,56
29,F2,153601,300,72
36,C3,153901,300,90
41,F3,154201,300,85
36,C3,154501,300,67
31,G2,154801,300,68
38,D3,155101,300,86
43,G3,155401,300,87
38,D3,155701,300,66
36,C3,156001,300,72
43,G3,156301,300,90
48,C4,156601,300,90
43,G3,156901,300,66
48,C4,157201,300,86
43,G3,157501,300,67
48,C4,157801,300,85
43,G3,158101,300,67
31,G2,158401,300,56
38,D3,158701,300,86
43,G3,159001,300,85
38,D3,159301,300,68
43,G3,159601,300,88
38,D3,159901,300,65
43,G3,160201,300,84
38,D3,160501,300,67
33,A2,160801,300,66
40,E3,161101,300,86
45,A3,161401,300,85
40,E3,161701,300,69
45,A3,162001,300,89
40,E3,162301,300,68
45,A3,162601,300,83
40,E3,162901,300,67
29,F2,163201,300,58
36,C3,163501,300,85
41,F3,163801,300,85
36,C3,164101,300,68
31,G2,164401,300,66
38,D3,164701,300,88
43,G3,165001,300,88
38,D3,165301,300,67
36,C3,165601,300,72
43,G3,165901,300,91
48,C4,166201,600,96
52,E4,166801,600,96
52,E4,166801,600,80
48,C4,167401,600,80
52,E4,167401,600,75
48,C4,168001,600,75
31,G2,168001,300,59
38,D3,168301,300,86
47,B3,168601,600,96
43,G3,169201,600,96
43,G3,169201,600,82
47,B3,169801,600,82
47,B3,169801,600,75
43,G3,170401,600,75
33,A2,170401,300,56
40,E3,170701,300,86
45,A3,171001,600,92
48,C4,171601,600,92
48,C4,171601,600,83
45,A3,172201,600,83
48,C4,172201,600,78
45,A3,172801,600,78
29,F2,172801,300,57
36,C3,173101,300,85
45,A3,173401,600,94
41,F3,174001,600,94
43,G3,174001,600,79
31,G2,174601,600,79
38,D3,174601,600,79
31,G2,174601,600,75
38,D3,175201,600,75
43,G3,175201,600,75
36,C3,175201,300,65
43,G3,175501,300,86
48,C4,175801,600,93
52,E4,176401,600,93
52,E4,176401,600,80
48,C4,177001,600,80
52,E4,177001,600,75
48,C4,177601,600,75
31,G2,177601,300,59
38,D3,177901,300,85
43,G3,178201,600,95
47,B3,178801,600,95
47,B3,178801,600,82
43,G3,179401,600,82
47,B3,179401,600,76
43,G3,180001,600,76
33,A2,180001,300,58
40,E3,180301,300,86
45,A3,180601,600,93
48,C4,181201,600,93
48,C4,181201,600,80
45,A3,181801,600,80
48,C4,181801,600,78
45,A3,182401,600,78
29,F2,182401,300,57
36,C3,182701,300,87
45,A3,183001,600,95
41,F3,183601,600,95
43,G3,183601,600,78
31,G2,184201,600,78
38,D3,184201,600,78
31,G2,184201,600,75
38,D3,184801,600,75
43,G3,184801,600,75
48,C4,184801,2162,90
43,G3,187201,300,69
50,D4,187501,300,90
55,G4,187801,1612,85
45,A3,189601,2162,60
41,F3,192001,300,69
48,C4,192301,800,86
43,G3,193201,300,69
50,D4,193501,800,87
48,C4,194401,2162,75
43,G3,196801,300,70
50,D4,197101,300,87
55,G4,197401,1612,86
45,A3,199201,2162,64
41,F3,201601,300,66
48,C4,201901,300,86
53,F4,202201,537,89
43,G3,202801,300,64
50,D4,203101,800,84
36,C3,206401,300,61
43,G3,206701,300,86
48,C4,207001,300,89
43,G3,207301,300,68
48,C4,207601,300,88
43,G3,207901,300,66
48,C4,208201,300,85
43,G3,208501,300,69
43,G3,208801,300,77
50,D4,209101,300,90
55,G4,209401,300,88
50,D4,209701,300,68
55,G4,210001,300,86
50,D4,210301,300,67
55,G4,210601,300,86
50,D4,210901,300,68
45,A3,211201,300,69
52,E4,211501,300,86
57,A4,211801,300,89
52,E4,212101,300,68
57,A4,212401,300,86
52,E4,212701,300,65
57,A4,213001,300,85
52,E4,213301,300,65
41,F3,213601,300,57
48,C4,213901,300,87
53,F4,214201,1612,89
36,C3,216001,300,60
43,G3,216301,300,86
48,C4,216601,300,88
43,G3,216901,300,69
48,C4,217201,300,85
43,G3,217501,300,68
48,C4,217801,300,84
43,G3,218101,300,68
43,G3,218401,300,76
50,D4,218701,300,90
55,G4,219001,300,87
50,D4,219301,300,67
55,G4,219601,300,87
50,D4,219901,300,65
55,G4,220201,300,83
50,D4,220501,300,65
45,A3,220801,300,67
52,E4,221101,300,85
57,A4,221401,300,88
52,E4,221701,300,68
57,A4,222001,300,86
52,E4,222301,300,66
57,A4,222601,300,83
52,E4,222901,300,69
41,F3,223201,300,60
48,C4,223501,300,86
53,F4,223801,300,87
48,C4,224101,300,68
43,G3,224401,300,66
50,D4,224701,300,88
55,G4,225001,300,86
50,D4,225301,300,66
36,C3,225601,300,58
43,G3,225901,300,85
48,C4,226201,300,88
43,G3,226501,300,69
48,C4,226801,300,87
43,G3,227101,300,68
48,C4,227401,300,84
43,G3,227701,300,66
31,G2,228001,300,57
38,D3,228301,300,85
43,G3,228601,300,88
38,D3,228901,300,65
43,G3,229201,300,87
38,D3,229501,299,68
43,G3,229800,301,86
38,D3,230101,300,66
33,A2,230401,299,69
40,E3,230700,301,88
45,A3,231001,300,87
40,E3,231301,299,65
45,A3,231600,301,88
40,E3,231901,300,65
45,A3,232201,299,85
40,E3,232500,301,69
29,F2,232801,300,57
36,C3,233101,300,87
41,F3,233401,300,88
36,C3,233701,300,66
31,G2,234001,300,67
38,D3,234301,300,88
43,G3,234601,300,87
38,D3,234901,300,68
36,C3,235201,300,73
43,G3,235501,300,88
48,C4,235801,300,88
43,G3,236101,300,68
48,C4,236401,300,86
43,G3,236701,300,67
48,C4,237001,300,85
43,G3,237301,300,65
31,G2,237601,300,56
38,D3,237901,300,85
43,G3,238201,300,86
38,D3,238501,300,69
43,G3,238801,300,86
38,D3,239101,300,67
43,G3,239401,300,82
38,D3,239701,299,66
33,A2,240000,301,65
40,E3,240301,300,86
45,A3,240601,299,88
40,E3,240900,301,68
45,A3,241201,300,89
40,E3,241501,299,66
45,A3,241800,301,85
40,E3,242101,300,69
29,F2,242401,299,58
36,C3,242700,301,87
41,F3,243001,300,89
36,C3,243301,299,68
31,G2,243600,301,69
38,D3,243901,300,88
43,G3,244201,299,88
38,D3,244500,301,67
36,C3,244801,300,73
43,G3,245101,299,89
52,E4,245400,600,95
48,C4,246000,601,95
52,E4,246000,600,82
48,C4,246600,600,82
52,E4,246600,600,75
48,C4,247200,599,75
31,G2,247200,301,58
38,D3,247501,300,84
47,B3,247801,600,94
43,G3,248401,600,94
43,G3,248401,600,80
47,B3,249001,599,80
43,G3,249001,600,78
47,B3,249601,601,78
33,A2,249601,299,56
40,E3,249900,301,88
45,A3,250201,600,92
48,C4,250801,599,92
48,C4,250801,600,82
45,A3,251401,601,82
48,C4,251401,600,77
45,A3,252001,600,77
29,F2,252001,300,57
36,C3,252301,300,88
45,A3,252601,600,94
41,F3,253201,600,94
38,D3,253201,600,78
43,G3,253801,600,78
31,G2,253801,600,78
43,G3,253801,600,77
31,G2,254401,600,77
38,D3,254401,600,77
36,C3,254401,300,63
43,G3,254701,300,88
48,C4,255001,600,95
52,E4,255601,600,95
52,E4,255601,600,79
48,C4,256201,600,79
52,E4,256201,600,77
48,C4,256801,600,77
31,G2,256801,300,57
38,D3,257101,300,87
47,B3,257401,600,94
43,G3,258001,600,94
43,G3,258001,600,81
47,B3,258601,600,81
47,B3,258601,600,75
43,G3,259201,600,75
33,A2,259201,300,60
40,E3,259501,300,87
45,A3,259801,600,93
48,C4,260401,600,93
48,C4,260401,600,79
45,A3,261001,599,79
45,A3,261001,600,76
48,C4,261601,601,76
29,F2,261601,299,57
36,C3,261900,301,87
45,A3,262201,600,93
41,F3,262801,600,93
31,G2,262801,600,78
38,D3,263401,600,78
43,G3,263401,600,78
31,G2,263401,600,75
38,D3,264001,600,75
43,G3,264001,600,75
36,C3,264001,600,91
43,G3,264601,600,91
48,C4,264601,600,91
48,C4,264601,600,76
36,C3,265201,600,76
43,G3,265201,600,76
48,C4,265201,600,75
36,C3,265801,600,75
43,G3,265801,600,75
48,C4,265801,600,74
36,C3,266401,600,74
43,G3,266401,600,74
43,G3,266401,600,68
31,G2,267001,600,68
38,D3,267001,600,68
38,D3,267001,600,76
43,G3,267601,600,76
31,G2,267601,600,76
43,G3,267601,600,77
31,G2,268201,600,77
38,D3,268201,600,77
43,G3,268201,600,77
31,G2,268801,600,77
38,D3,268801,600,77
45,A3,268801,600,83
33,A2,269401,600,83
40,E3,269401,600,83
33,A2,269401,600,77
40,E3,270001,600,77
45,A3,270001,600,77
33,A2,270001,600,74
40,E3,270601,600,74
45,A3,270601,600,74
45,A3,270601,600,75
33,A2,271201,600,75
40,E3,271201,600,75
41,F3,271201,600,68
29,F2,271801,600,68
36,C3,271801,600,68
41,F3,271801,600,76
29,F2,272401,600,76
36,C3,272401,600,76
38,D3,272401,600,79
43,G3,273001,600,79
31,G2,273001,600,79
43,G3,273001,600,74
31,G2,273601,600,74
38,D3,273601,600,74
36,C3,273601,600,87
43,G3,274201,600,87
48,C4,274201,600,87
48,C4,274201,600,77
36,C3,274801,600,77
43,G3,274801,600,77
36,C3,274801,600,76
43,G3,275401,600,76
48,C4,275401,600,76
48,C4,275401,600,75
36,C3,276001,600,75
43,G3,276001,600,75
43,G3,276001,600,66
31,G2,276601,600,66
38,D3,276601,600,66
43,G3,276601,600,74
31,G2,277201,600,74
38,D3,277201,600,74
31,G2,277201,600,74
38,D3,277801,600,74
43,G3,277801,600,74
38,D3,277801,600,78
43,G3,278401,600,78
31,G2,278401,600,78
45,A3,278401,600,81
33,A2,279001,600,81
40,E3,279001,600,81
45,A3,279001,600,74
33,A2,279601,600,74
40,E3,279601,600,74
33,A2,279601,600,76
40,E3,280201,600,76
45,A3,280201,600,76
33,A2,280201,600,77
40,E3,280801,600,77
45,A3,280801,600,77
41,F3,280801,600,70
29,F2,281401,600,70
36,C3,281401,600,70
41,F3,281401,600,76
29,F2,282001,600,76
36,C3,282001,600,76
31,G2,282001,600,80
38,D3,282601,600,80
43,G3,282601,600,80
43,G3,282601,600,77
31,G2,283201,600,77
38,D3,283201,600,77
24,C2,283201,300,56
31,G2,283501,300,88
40,E3,283801,300,95
36,C3,284101,300,95
31,G2,284101,300,61
40,E3,284401,300,91
36,C3,284701,300,91
31,G2,284701,300,61
40,E3,285001,300,88
36,C3,285301,300,88
33,A2,285301,300,62
31,G2,285601,300,74
38,D3,285901,300,89
43,G3,286201,300,89
38,D3,286501,300,65
43,G3,286801,300,96
47,B3,287101,300,96
38,D3,287101,300,61
47,B3,287401,300,89
43,G3,287701,300,89
35,B2,287701,300,55
33,A2,288001,300,70
40,E3,288301,300,86
48,C4,288601,300,94
45,A3,288901,300,94
40,E3,288901,300,63
45,A3,289201,300,93
48,C4,289501,300,93
40,E3,289501,300,62
48,C4,289801,300,87
45,A3,290101,300,87
31,G2,290101,300,57
29,F2,290401,300,72
36,C3,290701,300,87
41,F3,291001,300,87
33,A2,291301,300,60
31,G2,291601,300,71
38,D3,291901,300,88
47,B3,292201,300,93
43,G3,292501,300,93
26,D2,292501,300,59
24,C2,292801,300,71
31,G2,293101,300,87
40,E3,293401,300,93
36,C3,293701,300,93
31,G2,293701,300,63
40,E3,294001,300,92
36,C3,294301,300,92
31,G2,294301,300,59
40,E3,294601,300,92
36,C3,294901,300,92
33,A2,294901,300,62
31,G2,295201,300,70
38,D3,295501,300,88
43,G3,295801,300,87
38,D3,296101,300,66
43,G3,296401,300,95
47,B3,296701,300,95
38,D3,296701,300,61
47,B3,297001,300,89
43,G3,297301,300,89
35,B2,297301,300,55
33,A2,297601,300,71
40,E3,297901,300,88
48,C4,298201,300,91
45,A3,298501,300,91
40,E3,298501,300,63
48,C4,298801,300,92
45,A3,299101,300,92
40,E3,299101,300,61
48,C4,299401,300,91
45,A3,299701,300,91
31,G2,299701,300,56
29,F2,300001,300,71
36,C3,300301,300,89
41,F3,300601,300,88
36,C3,300901,300,66
31,G2,301201,300,65
38,D3,301501,300,85
43,G3,301801,300,86
38,D3,302101,300,65
43,G3,302401,600,96
48,C4,303001,600,96
36,C3,303001,600,96
48,C4,303001,600,77
36,C3,303601,600,77
43,G3,303601,600,77
48,C4,303601,600,75
36,C3,304201,600,75
43,G3,304201,600,75
48,C4,304201,600,75
36,C3,304801,600,75
43,G3,304801,600,75
31,G2,304801,600,70
38,D3,305401,600,70
43,G3,305401,600,70
43,G3,305401,600,76
31,G2,306001,600,76
38,D3,306001,600,76
43,G3,306001,600,75
31,G2,306601,600,75
38,D3,306601,600,75
43,G3,306601,600,78
31,G2,307201,600,78
38,D3,307201,600,78
45,A3,307201,600,85
33,A2,307801,600,85
40,E3,307801,600,85
40,E3,307801,600,74
45,A3,308401,600,74
33,A2,308401,600,74
33,A2,308401,600,76
40,E3,309001,600,76
45,A3,309001,600,76
45,A3,309001,600,78
33,A2,309601,600,78
40,E3,309601,600,78
41,F3,309601,600,69
29,F2,310201,600,69
36,C3,310201,600,69
29,F2,310201,600,76
36,C3,310801,600,76
41,F3,310801,600,76
43,G3,310801,600,81
31,G2,311401,600,81
38,D3,311401,600,81
43,G3,311401,600,75
31,G2,312001,600,75
38,D3,312001,600,75
36,C3,312001,600,89
43,G3,312601,600,89
48,C4,312601,600,89
48,C4,312601,600,76
36,C3,313201,600,76
43,G3,313201,600,76
43,G3,313201,600,75
48,C4,313801,600,75
36,C3,313801,600,75
48,C4,313801,600,77
36,C3,314401,600,77
43,G3,314401,600,77
43,G3,314401,600,68
31,G2,315001,600,68
38,D3,315001,600,68
43,G3,315001,600,73
31,G2,315601,600,73
38,D3,315601,600,73
38,D3,315601,600,77
43,G3,316201,600,77
31,G2,316201,600,77
43,G3,316201,600,76
31,G2,316801,600,76
38,D3,316801,600,76
45,A3,316801,600,83
33,A2,317401,600,83
40,E3,317401,600,83
45,A3,317401,600,77
33,A2,318001,600,77
40,E3,318001,600,77
33,A2,318001,600,77
40,E3,318601,600,77
45,A3,318601,600,77
40,E3,318601,600,76
45,A3,319201,600,76
33,A2,319201,600,76
41,F3,319201,600,72
29,F2,319801,600,72
36,C3,319801,600,72
41,F3,319801,600,75
29,F2,320401,600,75
36,C3,320401,600,75
31,G2,320401,600,80
38,D3,321001,600,80
43,G3,321001,600,80
31,G2,321001,600,74
38,D3,321601,600,74
43,G3,321601,600,74
24,C2,321601,300,57
31,G2,321901,300,87
40,E3,322201,300,95
36,C3,322501,300,95
31,G2,322501,300,64
40,E3,322801,300,92
36,C3,323101,300,92
31,G2,323101,300,63
40,E3,323401,300,91
36,C3,323701,300,91
33,A2,323701,300,64
31,G2,324001,300,72
38,D3,324301,300,88
43,G3,324601,300,89
38,D3,324901,300,68
43,G3,325201,300,94
47,B3,325501,300,94
38,D3,325501,300,62
47,B3,325801,300,92
43,G3,326101,300,92
35,B2,326101,300,56
33,A2,326401,300,72
40,E3,326701,300,89
48,C4,327001,300,94
45,A3,327301,300,94
40,E3,327301,300,65
48,C4,327601,300,92
45,A3,327901,300,92
40,E3,327901,300,62
48,C4,328201,300,89
45,A3,328501,300,89
31,G2,328501,300,58
29,F2,328801,300,72
36,C3,329101,300,90
41,F3,329401,300,89
33,A2,329701,300,62
31,G2,330001,300,70
38,D3,330301,300,86
43,G3,330601,300,96
47,B3,330901,300,96
26,D2,330901,300,58
24,C2,331201,300,70
31,G2,331501,300,89
40,E3,331801,300,93
36,C3,332101,300,93
31,G2,332101,300,63
40,E3,332401,300,92
36,C3,332701,300,92
31,G2,332701,300,60
40,E3,333001,300,92
36,C3,333301,300,92
33,A2,333301,300,66
31,G2,333601,300,73
38,D3,333901,300,89
43,G3,334201,300,89
38,D3,334501,300,66
43,G3,334801,300,95
47,B3,335101,300,95
38,D3,335101,300,60
47,B3,335401,300,91
43,G3,335701,300,91
35,B2,335701,300,56
33,A2,336001,300,72
40,E3,336301,300,88
48,C4,336601,300,92
45,A3,336901,300,92
40,E3,336901,300,64
48,C4,337201,300,92
45,A3,337501,300,92
40,E3,337501,300,61
48,C4,337801,300,88
45,A3,338101,300,88
31,G2,338101,300,57
29,F2,338401,300,70
36,C3,338701,300,88
41,F3,339001,300,86
36,C3,339301,300,67
31,G2,339601,300,68
38,D3,339901,300,87
43,G3,340201,300,87
38,D3,340501,300,67
36,C3,340801,300,74
43,G3,341101,300,89
48,C4,341401,300,87
43,G3,341701,300,68
48,C4,342001,300,88
43,G3,342301,300,68
48,C4,342601,300,83
43,G3,342901,300,69
31,G2,343201,300,58
38,D3,343501,300,87
43,G3,343801,300,87
38,D3,344101,300,69
43,G3,344401,300,89
38,D3,344701,300,69
43,G3,345001,300,83
38,D3,345301,300,66
33,A2,345601,300,69
40,E3,345901,300,86
45,A3,346201,300,85
40,E3,346501,300,68
45,A3,346801,300,88
40,E3,347101,300,67
45,A3,347401,300,85
40,E3,347701,300,66
29,F2,348001,300,56
36,C3,348301,300,85
41,F3,348601,300,87
36,C3,348901,300,66
31,G2,349201,300,67
38,D3,349501,300,89
43,G3,349801,300,86
38,D3,350101,300,68
36,C3,350401,300,73
43,G3,350701,300,90
48,C4,351001,600,94
52,E4,351601,600,94
52,E4,351601,600,83
48,C4,352201,600,83
52,E4,352201,600,78
48,C4,352801,600,78
31,G2,352801,300,57
38,D3,353101,300,85
47,B3,353401,600,95
43,G3,354001,600,95
43,G3,354001,600,81
47,B3,354601,600,81
47,B3,354601,600,77
43,G3,355201,600,77
33,A2,355201,300,59
40,E3,355501,300,84
45,A3,355801,600,93
48,C4,356401,600,93
48,C4,356401,600,80
45,A3,357001,600,80
48,C4,357001,600,75
45,A3,357601,600,75
29,F2,357601,300,58
36,C3,357901,300,88
45,A3,358201,600,93
41,F3,358801,600,93
43,G3,358801,600,76
31,G2,359401,600,76
38,D3,359401,600,76
31,G2,359401,600,77
38,D3,360001,600,77
43,G3,360001,600,77
36,C3,360001,300,63
43,G3,360301,300,87
48,C4,360601,600,93
52,E4,361201,600,93
52,E4,361201,600,80
48,C4,361801,600,80
52,E4,361801,600,74
48,C4,362401,600,74
31,G2,362401,300,58
38,D3,362701,300,87
43,G3,363001,600,96
47,B3,363601,600,96
47,B3,363601,600,82
43,G3,364201,600,82
47,B3,364201,600,75
43,G3,364801,600,75
33,A2,364801,300,56
40,E3,365101,300,87
45,A3,365401,600,90
48,C4,366001,600,90
48,C4,366001,600,81
45,A3,366601,600,81
48,C4,366601,600,77
45,A3,367201,600,77
29,F2,367201,300,60
36,C3,367501,300,87
45,A3,367801,600,92
41,F3,368401,600,92
43,G3,368401,600,77
31,G2,369001,600,77
38,D3,369001,600,77
31,G2,369001,600,76
38,D3,369601,600,76
43,G3,369601,600,76
36,C3,369601,300,67
43,G3,369901,300,87
48,C4,370201,300,87
43,G3,370501,300,67
48,C4,370801,300,88
43,G3,371101,300,68
48,C4,371401,300,83
43,G3,371701,300,67
31,G2,372001,300,59
38,D3,372301,300,85
43,G3,372601,300,86
38,D3,372901,300,67
43,G3,373201,300,87
38,D3,373501,300,67
43,G3,373801,300,84
38,D3,374101,300,68
33,A2,374401,300,66
40,E3,374701,300,85
45,A3,375001,300,85
40,E3,375301,300,67
45,A3,375601,300,87
40,E3,375901,300,67
45,A3,376201,300,82
40,E3,376501,300,66
29,F2,376801,300,60
36,C3,377101,300,87
41,F3,377401,300,87
36,C3,377701,300,66
31,G2,378001,300,69
38,D3,378301,300,86
43,G3,378601,300,86
38,D3,378901,300,68
38,D3,379201,300,75
45,A3,379501,300,91
54,F#4,379801,600,96
50,D4,380401,600,96
54,F#4,380401,600,82
50,D4,381001,600,82
54,F#4,381001,600,75
50,D4,381601,600,75
33,A2,381601,300,60
40,E3,381901,300,87
49,C#4,382201,600,95
45,A3,382801,600,95
49,C#4,382801,600,83
45,A3,383401,600,83
49,C#4,383401,600,75
45,A3,384001,600,75
35,B2,384001,300,60
42,F#3,384301,300,87
50,D4,384601,600,90
47,B3,385201,600,90
50,D4,385201,600,83
47,B3,385801,600,83
50,D4,385801,600,78
47,B3,386401,600,78
31,G2,386401,300,58
38,D3,386701,300,86
43,G3,387001,600,95
47,B3,387601,600,95
45,A3,387601,600,77
33,A2,388201,600,77
40,E3,388201,600,77
45,A3,388201,600,78
33,A2,388801,600,78
40,E3,388801,600,78
50,D4,388801,600,89
38,D3,389401,600,89
45,A3,389401,600,89
38,D3,389401,600,78
45,A3,390001,600,78
50,D4,390001,600,78
50,D4,390001,600,75
38,D3,390601,600,75
45,A3,390601,600,75
50,D4,390601,600,75
38,D3,391201,600,75
45,A3,391201,600,75
45,A3,391201,600,67
33,A2,391801,600,67
40,E3,391801,600,67
33,A2,391801,600,75
40,E3,392401,600,75
45,A3,392401,600,75
45,A3,392401,600,76
33,A2,393001,600,76
40,E3,393001,600,76
45,A3,393001,600,77
33,A2,393601,600,77
40,E3,393601,600,77
47,B3,393601,600,85
35,B2,394201,600,85
42,F#3,394201,600,85
35,B2,394201,600,75
42,F#3,394801,600,75
47,B3,394801,600,75
47,B3,394801,600,76
35,B2,395401,600,76
42,F#3,395401,600,76
47,B3,395401,600,78
35,B2,396001,600,78
42,F#3,396001,600,78
43,G3,396001,600,72
31,G2,396601,600,72
38,D3,396601,600,72
43,G3,396601,600,73
31,G2,397201,600,73
38,D3,397201,600,73
45,A3,397201,600,80
33,A2,397801,600,80
40,E3,397801,600,80
45,A3,397801,600,77
33,A2,398401,600,77
40,E3,398401,600,77
38,D3,398401,600,90
45,A3,399001,600,90
50,D4,399001,600,90
38,D3,399001,600,77
45,A3,399601,600,77
50,D4,399601,600,77
50,D4,399601,600,77
38,D3,400201,600,77
45,A3,400201,600,77
50,D4,400201,600,77
38,D3,400801,600,77
45,A3,400801,600,77
45,A3,400801,600,70
33,A2,401401,600,70
40,E3,401401,600,70
45,A3,401401,600,73
33,A2,402001,600,73
40,E3,402001,600,73
33,A2,402001,600,76
40,E3,402601,600,76
45,A3,402601,600,76
45,A3,402601,600,77
33,A2,403201,600,77
40,E3,403201,600,77
47,B3,403201,600,84
35,B2,403801,600,84
42,F#3,403801,600,84
47,B3,403801,600,74
35,B2,404401,600,74
42,F#3,404401,600,74
35,B2,404401,600,74
42,F#3,405001,600,74
47,B3,405001,600,74
47,B3,405001,600,75
35,B2,405601,600,75
42,F#3,405601,600,75
43,G3,405601,600,69
31,G2,406201,600,69
38,D3,406201,600,69
43,G3,406201,600,76
31,G2,406801,600,76
38,D3,406801,600,76
33,A2,406801,600,81
40,E3,407401,600,81
45,A3,407401,600,81
45,A3,407401,600,75
33,A2,408001,600,75
40,E3,408001,600,75
50,D4,408001,600,90
38,D3,408601,600,90
45,A3,408601,600,90
50,D4,408601,600,78
38,D3,409201,600,78
45,A3,409201,600,78
50,D4,409201,600,76
38,D3,409801,600,76
45,A3,409801,600,76
50,D4,409801,600,77
38,D3,410401,600,77
45,A3,410401,600,77
45,A3,410401,600,67
33,A2,411001,600,67
40,E3,411001,600,67
45,A3,411001,600,73
33,A2,411601,600,73
40,E3,411601,600,73
45,A3,411601,600,78
33,A2,412201,600,78
40,E3,412201,600,78
45,A3,412201,600,75
33,A2,412801,600,75
40,E3,412801,600,75
35,B2,412801,600,83
42,F#3,413401,600,83
47,B3,413401,600,83
47,B3,413401,600,77
35,B2,414001,600,77
42,F#3,414001,600,77
35,B2,414001,600,74
42,F#3,414601,600,74
47,B3,414601,600,74
47,B3,414601,600,77
35,B2,415201,600,77
42,F#3,415201,600,77
43,G3,415201,600,70
31,G2,415801,600,70
38,D3,415801,600,70
43,G3,415801,600,74
31,G2,416401,600,74
38,D3,416401,600,74
45,A3,416401,600,81
33,A2,417001,600,81
40,E3,417001,600,81
45,A3,417001,600,76
33,A2,417601,600,76
40,E3,417601,600,76
50,D4,417601,600,88
38,D3,418201,600,88
45,A3,418201,600,88
50,D4,418201,600,77
38,D3,418801,600,77
45,A3,418801,600,77
50,D4,418801,600,77
38,D3,419401,600,77
45,A3,419401,600,77
50,D4,419401,600,77
38,D3,420001,600,77
45,A3,420001,600,77
33,A2,420001,600,70
40,E3,420601,600,70
45,A3,420601,600,70
45,A3,420601,600,74
33,A2,421201,600,74
40,E3,421201,600,74
33,A2,421201,600,77
40,E3,421801,600,77
45,A3,421801,600,77
45,A3,421801,600,75
33,A2,422401,600,75
40,E3,422401,600,75
47,B3,422401,600,83
35,B2,423001,600,83
42,F#3,423001,600,83
47,B3,423001,600,78
35,B2,423601,600,78
42,F#3,423601,600,78
35,B2,423601,600,75
42,F#3,424201,600,75
47,B3,424201,600,75
47,B3,424201,600,76
35,B2,424801,600,76
42,F#3,424801,600,76
43,G3,424801,600,68
31,G2,425401,600,68
38,D3,425401,600,68
43,G3,425401,600,74
31,G2,426001,600,74
38,D3,426001,600,74
33,A2,426001,600,79
40,E3,426601,600,79
45,A3,426601,600,79
45,A3,426601,600,76
33,A2,427201,600,76
40,E3,427201,600,76
26,D2,427201,300,57
33,A2,427501,300,88
42,F#3,427801,300,92
38,D3,428101,300,92
33,A2,428101,300,63
38,D3,428401,300,93
42,F#3,428701,300,93
33,A2,428701,300,60
42,F#3,429001,300,90
38,D3,429301,300,90
35,B2,429301,300,66
33,A2,429601,300,72
40,E3,429901,300,88
49,C#4,430201,300,96
45,A3,430501,300,96
40,E3,430501,300,62
45,A3,430801,300,95
49,C#4,431101,300,95
40,E3,431101,300,61
49,C#4,431401,300,90
45,A3,431701,300,90
37,C#3,431701,300,57
35,B2,432001,300,70
42,F#3,432301,300,90
50,D4,432601,300,90
47,B3,432901,300,90
42,F#3,432901,300,66
50,D4,433201,300,94
47,B3,433501,300,94
42,F#3,433501,300,64
50,D4,433801,300,91
47,B3,434101,300,91
33,A2,434101,300,56
31,G2,434401,300,70
38,D3,434701,300,88
47,B3,435001,300,93
43,G3,435301,300,93
35,B2,435301,300,59
33,A2,435601,300,70
40,E3,435901,300,87
49,C#4,436201,300,95
45,A3,436501,300,95
28,E2,436501,300,59
26,D2,436801,300,70
33,A2,437101,300,90
38,D3,437401,300,95
42,F#3,437701,300,95
33,A2,437701,300,61
42,F#3,438001,300,92
38,D3,438301,300,92
33,A2,438301,300,63
42,F#3,438601,300,90
38,D3,438901,300,90
35,B2,438901,300,65
33,A2,439201,300,71
40,E3,439501,300,87
49,C#4,439801,300,93
45,A3,440101,300,93
40,E3,440101,300,64
49,C#4,440401,300,91
45,A3,440701,300,91
40,E3,440701,300,60
49,C#4,441001,300,92
45,A3,441301,300,92
37,C#3,441301,300,58
35,B2,441601,300,71
42,F#3,441901,300,89
50,D4,442201,300,91
47,B3,442501,300,91
42,F#3,442501,300,62
50,D4,442801,300,93
47,B3,443101,300,93
42,F#3,443101,300,65
50,D4,443401,300,91
47,B3,443701,300,91
33,A2,443701,300,55
31,G2,444001,300,70
38,D3,444301,300,89
43,G3,444601,300,86
38,D3,444901,300,67
33,A2,445201,300,67
40,E3,445501,300,86
49,C#4,445801,300,93
45,A3,446101,300,93
40,E3,446101,300,63
50,D4,446401,2162,95
45,A3,448801,300,73
52,E4,449101,300,89
57,A4,449401,1612,86
47,B3,451201,2162,62
43,G3,453601,300,66
50,D4,453901,800,87
45,A3,454801,300,71
52,E4,455101,800,89
50,D4,456001,2162,75
45,A3,458401,300,67
52,E4,458701,300,85
57,A4,459001,1612,88
47,B3,460801,2162,64
43,G3,463200,300,68
50,D4,463500,301,88
55,G4,463801,537,86
45,A3,464401,300,61
52,E4,464701,800,84