67,G5,3429,1152,126
65,F5,4929,188,126
63,D#5,5144,571,126
62,D5,5786,188,126
60,C5,6001,571,126
65,F5,6643,188,126
67,G5,6858,768,126
62,D5,7715,1536,126
63,D#5,10287,1152,126
62,D5,11787,188,126
60,C5,12002,571,126
62,D5,12644,188,126
63,D#5,12859,571,126
65,F5,13501,188,126
67,G5,13716,768,126
57,A4,14573,384,126
58,A#4,15002,384,126
62,D5,15431,1152,126
63,D#5,16931,188,126
65,F5,17146,1152,126
67,G5,18646,188,126
68,G#5,18861,768,126
70,A#5,19718,768,126
72,C6,20575,1536,126
74,D6,22290,768,126
74,D6,23147,143,126
75,D#6,23290,143,126
74,D6,23433,143,126
72,C6,23576,143,126
74,D6,23719,143,126
67,G5,23862,143,126
75,D#6,24005,1536,126
77,F6,25720,768,126
75,D#6,26577,768,126
74,D6,27434,1536,126
75,D#6,29149,768,126
77,F6,30006,768,126
79,G6,30863,1152,126
77,F6,32363,188,126
75,D#6,32578,571,126
74,D6,33220,188,126
72,C6,33435,571,126
77,F6,34077,188,126
79,G6,34292,768,126
74,D6,35149,1536,126
75,D#6,37721,1152,126
74,D6,39221,188,126
72,C6,39436,571,126
74,D6,40078,188,126
75,D#6,40293,571,126
77,F6,40935,188,126
79,G6,41150,1536,126
57,A4,42865,571,126
62,D5,43507,786,126
63,D#5,44364,188,126
58,A#4,44579,1152,126
65,F5,45731,1152,126
67,G5,46079,188,126
60,C5,46294,1152,126
68,G#5,47446,768,126
60,C5,47535,295,126
70,A#5,47830,768,126
63,D#5,47919,1536,126
72,C6,49455,1536,126
65,F5,49634,768,126
74,D6,50402,768,126
74,D6,50491,143,126
75,D#6,50634,143,126
74,D6,50777,143,126
72,C6,50920,143,126
74,D6,51063,143,126
67,G5,51206,143,126
67,G5,51349,1536,126
75,D#6,52885,1536,126
68,G#5,53064,768,126
77,F6,53832,768,126
67,G5,53921,768,126
75,D#6,54689,768,126
65,F5,54778,1536,126
74,D6,56314,1536,126
67,G5,56493,768,126
75,D#6,57261,768,126
65,F5,57350,768,126
74,D6,58118,768,126
72,C6,58207,2313,126
75,D#6,60520,2313,126
74,D6,61422,188,126
77,F6,61610,188,126
72,C6,61637,2313,126
75,D#6,63950,2313,126
70,A#5,64852,188,126
74,D6,65040,188,126
72,C6,65067,3080,126
75,D#6,68147,3080,126
79,G6,68495,1152,126
77,F6,69995,188,126
75,D#6,70210,571,126
74,D6,70852,188,126
72,C6,71067,571,126
77,F6,71709,188,126
79,G6,71924,768,126
74,D6,72781,1536,126
75,D#6,75353,1152,126
74,D6,76853,188,126
72,C6,77068,571,126
74,D6,77710,188,126
75,D#6,77925,571,126
77,F6,78567,188,126
79,G6,78782,768,126
57,A4,79639,384,126
58,A#4,80068,384,126
62,D5,80497,1152,126
63,D#5,81997,188,126
58,A#4,82212,1152,126
65,F5,83364,1152,126
67,G5,83712,188,126
60,C5,83927,1152,126
68,G#5,85079,768,126
60,C5,85168,295,126
70,A#5,85463,768,126
63,D#5,85552,1536,126
72,C6,87088,1536,126
65,F5,87267,768,126
74,D6,88035,768,126
74,D6,88124,143,126
75,D#6,88267,143,126
74,D6,88410,143,126
72,C6,88553,143,126
74,D6,88696,143,126
67,G5,88839,143,126
67,G5,88982,1536,126
75,D#6,90518,1536,126
68,G#5,90697,768,126
77,F6,91465,768,126
67,G5,91554,768,126
75,D#6,92322,768,126
65,F5,92411,1536,126
74,D6,93947,1536,126
67,G5,94126,768,126
75,D#6,94894,768,126
65,F5,94983,571,126
74,D6,95554,571,126
62,D5,95625,188,126
70,A#5,95813,188,126
63,D#5,95840,768,126
72,C6,96608,768,126
51,D#4,96697,188,126
55,G4,96912,188,126
60,C5,97127,188,126
63,D#5,97342,188,126
67,G5,97557,188,126
72,C6,97772,188,126
75,D#6,97987,188,126
79,G6,98202,188,126
84,C7,98417,768,126
--end--
48,C4,0,188,126
50,D4,215,188,126
51,D#4,430,188,126
55,G4,645,188,126
48,C4,860,188,126
50,D4,1075,188,126
51,D#4,1290,188,126
55,G4,1505,188,126
48,C4,1720,188,126
50,D4,1935,188,126
51,D#4,2150,188,126
55,G4,2365,188,126
48,C4,2580,188,126
50,D4,2795,188,126
51,D#4,3010,188,126
55,G4,3225,188,126
48,C4,3440,188,126
50,D4,3655,188,126
51,D#4,3870,188,126
55,G4,4085,188,126
48,C4,4300,188,126
50,D4,4515,188,126
51,D#4,4730,188,126
55,G4,4945,188,126
48,C4,5160,188,126
50,D4,5375,188,126
51,D#4,5590,188,126
55,G4,5805,188,126
48,C4,6020,188,126
50,D4,6235,188,126
51,D#4,6450,188,126
55,G4,6665,188,126
43,G3,6880,188,126
46,A#3,7095,188,126
50,D4,7310,188,126
55,G4,7525,188,126
55,G4,8168,188,126
50,D4,8383,188,126
43,G3,8598,188,126
46,A#3,8813,188,126
50,D4,9028,188,126
51,D#4,9243,188,126
50,D4,9458,188,126
46,A#3,9673,188,126
43,G3,9888,188,126
46,A#3,10103,188,126
48,C4,10318,188,126
50,D4,10533,188,126
51,D#4,10748,188,126
55,G4,10963,188,126
48,C4,11178,188,126
50,D4,11393,188,126
51,D#4,11608,188,126
55,G4,11823,188,126
48,C4,12038,188,126
50,D4,12253,188,126
51,D#4,12468,188,126
55,G4,12683,188,126
48,C4,12898,188,126
50,D4,13113,188,126
51,D#4,13328,188,126
55,G4,13543,188,126
43,G3,13758,188,126
46,A#3,13973,188,126
50,D4,14188,188,126
55,G4,14403,188,126
55,G4,14832,188,126
55,G4,15261,188,126
43,G3,15476,188,126
46,A#3,15691,188,126
50,D4,15906,188,126
55,G4,16121,188,126
43,G3,16336,384,126
43,G3,16765,384,126
34,A#2,17194,188,126
38,D3,17409,188,126
41,F3,17624,188,126
46,A#3,17839,188,126
50,D4,18054,188,126
46,A#3,18269,188,126
41,F3,18484,384,126
29,F2,18913,188,126
36,C3,19128,188,126
41,F3,19343,188,126
44,G#3,19558,188,126
48,C4,19773,188,126
41,F3,19988,188,126
44,G#3,20203,188,126
48,C4,20418,188,126
36,C3,20633,188,126
39,D#3,20848,188,126
43,G3,21063,188,126
48,C4,21278,188,126
50,D4,21493,188,126
51,D#4,21708,188,126
55,G4,21923,384,126
31,G2,22352,188,126
38,D3,22567,188,126
43,G3,22782,188,126
47,B3,22997,188,126
50,D4,23212,188,126
55,G4,23427,571,126
32,G#2,24069,188,126
39,D#3,24284,188,126
44,G#3,24499,188,126
46,A#3,24714,188,126
48,C4,24929,188,126
44,G#3,25144,188,126
39,D#3,25359,188,126
44,G#3,25574,188,126
29,F2,25789,188,126
36,C3,26004,188,126
41,F3,26219,188,126
44,G#3,26434,188,126
48,C4,26649,188,126
41,F3,26864,188,126
44,G#3,27079,188,126
48,C4,27294,188,126
34,A#2,27509,188,126
38,D3,27724,188,126
41,F3,27939,188,126
46,A#3,28154,188,126
50,D4,28369,188,126
46,A#3,28584,188,126
41,F3,28799,188,126
46,A#3,29014,188,126
31,G2,29229,188,126
38,D3,29444,188,126
43,G3,29659,188,126
47,B3,29874,188,126
50,D4,30089,188,126
47,B3,30304,188,126
43,G3,30519,89,126
55,G4,30626,286,126
36,C3,30948,188,126
39,D#3,31163,188,126
43,G3,31378,188,126
48,C4,31593,188,126
50,D4,31808,188,126
51,D#4,32023,188,126
55,G4,32238,188,126
50,D4,32453,188,126
48,C4,32668,188,126
50,D4,32883,188,126
51,D#4,33098,188,126
55,G4,33313,188,126
48,C4,33528,188,126
50,D4,33743,188,126
51,D#4,33958,188,126
55,G4,34173,188,126
31,G2,34388,188,126
38,D3,34603,188,126
43,G3,34818,188,126
46,A#3,35033,188,126
50,D4,35248,188,126
46,A#3,35463,188,126
43,G3,35678,188,126
55,G4,35893,188,126
50,D4,36108,188,126
43,G3,36323,188,126
46,A#3,36538,188,126
50,D4,36753,188,126
51,D#4,36968,188,126
50,D4,37183,188,126
46,A#3,37398,188,126
43,G3,37613,188,126
36,C3,37828,188,126
39,D#3,38043,188,126
43,G3,38258,188,126
48,C4,38473,188,126
50,D4,38688,188,126
51,D#4,38903,188,126
55,G4,39118,188,126
50,D4,39333,188,126
48,C4,39548,188,126
50,D4,39763,188,126
51,D#4,39978,188,126
55,G4,40193,188,126
50,D4,40408,188,126
51,D#4,40623,188,126
55,G4,40838,384,126
31,G2,41267,188,126
38,D3,41482,188,126
43,G3,41697,188,126
45,A3,41912,188,126
46,A#3,42127,188,126
50,D4,42342,188,126
55,G4,42557,188,126
50,D4,42772,188,126
45,A3,42987,188,126
46,A#3,43202,188,126
50,D4,43417,384,126
50,D4,43846,384,126
50,D4,44275,384,126
34,A#2,44704,188,126
38,D3,44919,188,126
41,F3,45134,188,126
46,A#3,45349,188,126
50,D4,45564,188,126
46,A#3,45779,188,126
41,F3,45994,384,126
29,F2,46423,188,126
36,C3,46638,188,126
41,F3,46853,188,126
44,G#3,47068,188,126
48,C4,47283,188,126
41,F3,47498,188,126
44,G#3,47713,188,126
48,C4,47928,188,126
36,C3,48143,188,126
39,D#3,48358,188,126
43,G3,48573,188,126
48,C4,48788,188,126
50,D4,49003,188,126
51,D#4,49218,188,126
55,G4,49433,384,126
31,G2,49862,188,126
38,D3,50077,188,126
43,G3,50292,188,126
47,B3,50507,188,126
50,D4,50722,188,126
55,G4,50937,571,126
32,G#2,51579,188,126
39,D#3,51794,188,126
44,G#3,52009,188,126
46,A#3,52224,188,126
48,C4,52439,188,126
44,G#3,52654,188,126
39,D#3,52869,188,126
44,G#3,53084,188,126
29,F2,53299,188,126
36,C3,53514,188,126
41,F3,53729,188,126
44,G#3,53944,188,126
48,C4,54159,188,126
41,F3,54374,188,126
44,G#3,54589,188,126
48,C4,54804,188,126
34,A#2,55019,188,126
38,D3,55234,188,126
41,F3,55449,188,126
46,A#3,55664,188,126
50,D4,55879,188,126
46,A#3,56094,188,126
41,F3,56309,188,126
46,A#3,56524,188,126
31,G2,56739,188,126
38,D3,56954,188,126
43,G3,57169,188,126
47,B3,57384,188,126
50,D4,57599,384,126
55,G4,58028,384,126
36,C3,58457,188,126
39,D#3,58672,188,126
43,G3,58887,188,126
48,C4,59102,188,126
50,D4,59317,188,126
51,D#4,59532,188,126
55,G4,59747,188,126
50,D4,59962,188,126
48,C4,60177,188,126
50,D4,60392,188,126
51,D#4,60607,384,126
55,G4,61036,384,126
55,G4,61465,384,126
36,C3,61894,188,126
39,D#3,62109,188,126
43,G3,62324,188,126
48,C4,62539,188,126
50,D4,62754,188,126
51,D#4,62969,188,126
55,G4,63184,188,126
50,D4,63399,188,126
48,C4,63614,188,126
50,D4,63829,188,126
51,D#4,64044,384,126
55,G4,64473,384,126
55,G4,64902,384,126
36,C3,65331,188,126
39,D#3,65546,188,126
43,G3,65761,188,126
48,C4,65976,188,126
50,D4,66191,188,126
51,D#4,66406,188,126
55,G4,66621,188,126
50,D4,66836,188,126
48,C4,67051,188,126
50,D4,67266,188,126
51,D#4,67481,188,126
55,G4,67696,188,126
48,C4,67911,188,126
50,D4,68126,188,126
51,D#4,68341,188,126
55,G4,68556,188,126
48,C4,68771,188,126
50,D4,68986,188,126
51,D#4,69201,188,126
55,G4,69416,188,126
48,C4,69631,188,126
50,D4,69846,188,126
51,D#4,70061,188,126
55,G4,70276,188,126
48,C4,70491,188,126
50,D4,70706,188,126
51,D#4,70921,188,126
55,G4,71136,188,126
48,C4,71351,188,126
50,D4,71566,188,126
51,D#4,71781,188,126
55,G4,71996,188,126
43,G3,72211,188,126
46,A#3,72426,188,126
50,D4,72641,188,126
55,G4,72856,188,126
55,G4,73499,188,126
50,D4,73714,188,126
43,G3,73929,188,126
46,A#3,74144,188,126
50,D4,74359,188,126
51,D#4,74574,188,126
50,D4,74789,188,126
46,A#3,75004,188,126
43,G3,75219,188,126
46,A#3,75434,188,126
48,C4,75649,188,126
50,D4,75864,188,126
51,D#4,76079,188,126
55,G4,76294,188,126
48,C4,76509,188,126
50,D4,76724,188,126
51,D#4,76939,188,126
55,G4,77154,188,126
48,C4,77369,188,126
50,D4,77584,188,126
51,D#4,77799,188,126
55,G4,78014,188,126
48,C4,78229,188,126
50,D4,78444,188,126
51,D#4,78659,188,126
55,G4,78874,188,126
43,G3,79089,188,126
46,A#3,79304,188,126
50,D4,79519,188,126
55,G4,79734,188,126
55,G4,80163,188,126
55,G4,80592,188,126
43,G3,80807,188,126
46,A#3,81022,188,126
50,D4,81237,188,126
55,G4,81452,188,126
43,G3,81667,384,126
43,G3,82096,384,126
34,A#2,82525,188,126
38,D3,82740,188,126
41,F3,82955,188,126
46,A#3,83170,188,126
50,D4,83385,188,126
46,A#3,83600,188,126
41,F3,83815,384,126
29,F2,84244,188,126
36,C3,84459,188,126
41,F3,84674,188,126
44,G#3,84889,188,126
48,C4,85104,188,126
41,F3,85319,188,126
44,G#3,85534,188,126
48,C4,85749,188,126
36,C3,85964,188,126
39,D#3,86179,188,126
43,G3,86394,188,126
48,C4,86609,188,126
50,D4,86824,188,126
51,D#4,87039,188,126
55,G4,87254,384,126
31,G2,87683,188,126
38,D3,87898,188,126
43,G3,88113,188,126
47,B3,88328,188,126
50,D4,88543,188,126
55,G4,88758,571,126
32,G#2,89400,188,126
39,D#3,89615,188,126
44,G#3,89830,188,126
46,A#3,90045,188,126
48,C4,90260,188,126
44,G#3,90475,188,126
39,D#3,90690,188,126
44,G#3,90905,188,126
29,F2,91120,188,126
36,C3,91335,188,126
41,F3,91550,188,126
44,G#3,91765,188,126
48,C4,91980,188,126
41,F3,92195,188,126
44,G#3,92410,188,126
48,C4,92625,188,126
34,A#2,92840,188,126
38,D3,93055,188,126
41,F3,93270,188,126
46,A#3,93485,188,126
50,D4,93700,188,126
46,A#3,93915,188,126
41,F3,94130,188,126
46,A#3,94345,188,126
31,G2,94560,188,126
38,D3,94775,188,126
43,G3,94990,188,126
47,B3,95205,188,126
50,D4,95420,384,126
55,G4,95849,384,126
36,C3,96278,188,126
39,D#3,96493,188,126
43,G3,96708,188,126
48,C4,96923,188,126