54,F#4,0,234,126
54,F#4,234,234,126
54,F#4,468,234,126
54,F#4,702,234,126
56,G#4,936,421,126
58,A#4,1403,421,126
58,A#4,1870,843,126
49,C#4,2806,234,126
51,D#4,3040,234,126
54,F#4,3274,234,126
51,D#4,3508,234,126
54,F#4,3742,421,126
54,F#4,4209,234,126
54,F#4,4443,234,126
56,G#4,4677,421,126
58,A#4,5144,421,126
54,F#4,5611,843,126
54,F#4,7485,234,126
54,F#4,7719,234,126
54,F#4,7953,234,126
54,F#4,8187,234,126
56,G#4,8421,421,126
58,A#4,8888,421,126
58,A#4,9355,843,126
56,G#4,11229,234,126
56,G#4,11463,234,126
56,G#4,11697,234,126
56,G#4,11931,234,126
58,A#4,12165,421,126
51,D#4,12632,421,126
56,G#4,13099,1687,126
54,F#4,15442,421,126
54,F#4,15909,421,126
56,G#4,16376,234,126
58,A#4,16610,632,126
61,C#5,17312,843,126
49,C#4,18248,234,126
51,D#4,18482,234,126
54,F#4,18716,421,126
54,F#4,19183,421,126
56,G#4,19650,421,126
58,A#4,20117,421,126
58,A#4,20584,1687,126
54,F#4,22458,234,126
54,F#4,22692,632,126
54,F#4,23394,421,126
56,G#4,23861,234,126
58,A#4,24095,656,126
61,C#5,24797,1265,126
58,A#4,26202,234,126
56,G#4,26436,632,126
56,G#4,27138,421,126
54,F#4,27605,234,126
58,A#4,27839,632,126
56,G#4,28541,421,126
49,C#4,29008,234,126
51,D#4,29242,234,126
54,F#4,29476,234,126
51,D#4,29710,234,126
54,F#4,29944,843,126
54,F#4,30880,234,126
56,G#4,31114,234,126
58,A#4,31348,234,126
56,G#4,31582,234,126
58,A#4,31816,843,126
49,C#4,32752,234,126
51,D#4,32986,234,126
54,F#4,33220,234,126
51,D#4,33454,234,126
54,F#4,33688,421,126
54,F#4,34155,421,126
56,G#4,34622,421,126
58,A#4,35089,421,126
56,G#4,35556,843,126
49,C#4,36492,234,126
51,D#4,36726,234,126
54,F#4,36960,234,126
51,D#4,37194,234,126
54,F#4,37428,843,126
54,F#4,38364,234,126
56,G#4,38598,234,126
58,A#4,38832,234,126
56,G#4,39066,234,126
58,A#4,39300,843,126
49,C#4,40236,234,126
51,D#4,40470,234,126
54,F#4,40704,234,126
51,D#4,40938,234,126
54,F#4,41172,421,126
54,F#4,41639,421,126
56,G#4,42106,421,126
58,A#4,42573,421,126
56,G#4,43040,843,126
58,A#4,43976,421,126
61,C#5,44443,421,126
61,C#5,44910,421,126
61,C#5,45377,421,126
61,C#5,45844,421,126
63,D#5,46311,234,126
66,F#5,46545,421,126
63,D#5,47012,1171,126
58,A#4,48183,421,126
58,A#4,48650,421,126
56,G#4,49117,234,126
56,G#4,49351,890,126
54,F#4,50287,234,126
58,A#4,50521,421,126
56,G#4,50988,1312,126
61,C#5,52393,421,126
61,C#5,52860,421,126
61,C#5,53327,421,126
63,D#5,53794,234,126
66,F#5,54028,421,126
63,D#5,54495,1593,126
58,A#4,56134,421,126
56,G#4,56601,421,126
56,G#4,57068,421,126
63,D#5,57535,234,126
61,C#5,57769,1078,126
61,C#5,58940,234,126
63,D#5,59174,234,126
66,F#5,59408,234,126
63,D#5,59642,244,126
66,F#5,59886,937,126
63,D#5,61047,468,126
61,C#5,61515,244,126
63,D#5,61759,390,126
58,A#4,62207,234,126
61,C#5,62441,957,126
56,G#4,63398,205,126
58,A#4,63603,205,126
58,A#4,63603,234,126
56,G#4,63837,107,126
56,G#4,64070,107,126
56,G#4,64294,107,126
56,G#4,64547,449,126
54,F#4,64996,244,126
58,A#4,65240,468,126
56,G#4,65708,546,126
61,C#5,66429,224,126
63,D#5,66653,244,126
66,F#5,66897,224,126
63,D#5,67121,244,126
66,F#5,67365,1162,126
63,D#5,68527,449,126
61,C#5,68976,244,126
63,D#5,69220,468,126
58,A#4,69688,224,126
61,C#5,69912,656,126
58,A#4,70644,458,126
58,A#4,71102,468,126
56,G#4,71570,546,126
58,A#4,72985,390,126
58,A#4,73443,458,126
56,G#4,73901,488,126
58,A#4,74389,244,126
56,G#4,74633,898,126
54,F#4,75531,4707,126
--end--
54,F#4,0,937,126
49,C#4,937,937,126
46,A#3,937,937,126
54,F#4,937,937,126
49,C#4,1874,937,126
46,A#3,1874,937,126
54,F#4,1874,937,126
49,C#4,2811,937,126
46,A#3,2811,937,126
54,F#4,2811,937,126
49,C#4,3748,937,126
46,A#3,3748,937,126
54,F#4,3748,937,126
51,D#4,4685,937,126
46,A#3,4685,937,126
54,F#4,4685,937,126
51,D#4,5622,937,126
46,A#3,5622,937,126
54,F#4,5622,937,126
51,D#4,6559,937,126
46,A#3,6559,937,126
54,F#4,6559,937,126
51,D#4,7496,937,126
46,A#3,7496,937,126
51,D#4,7496,937,126
47,B3,8433,937,126
42,F#3,8433,937,126
51,D#4,8433,937,126
47,B3,9370,937,126
42,F#3,9370,937,126
47,B3,9370,937,126
42,F#3,10307,937,126
51,D#4,10307,937,126
51,D#4,10307,937,126
47,B3,11244,937,126
42,F#3,11244,937,126
54,F#4,11244,937,126
49,C#4,12181,937,126
44,G#3,12181,937,126
54,F#4,12181,937,126
49,C#4,13118,937,126
44,G#3,13118,937,126
53,F4,13118,937,126
49,C#4,14055,937,126
44,G#3,14055,937,126
53,F4,14055,937,126
49,C#4,14992,937,126
44,G#3,14992,937,126
54,F#4,14992,937,126
51,D#4,15929,937,126
46,A#3,15929,937,126
54,F#4,15929,937,126
51,D#4,16866,937,126
46,A#3,16866,937,126
53,F4,16866,937,126
49,C#4,17803,937,126
46,A#3,17803,937,126
53,F4,17803,937,126
49,C#4,18740,937,126
46,A#3,18740,937,126
51,D#4,18740,937,126
47,B3,19677,937,126
42,F#3,19677,937,126
44,G#3,19677,937,126
53,F4,20614,937,126
49,C#4,20614,937,126
54,F#4,20614,937,126
49,C#4,21551,937,126
46,A#3,21551,937,126
54,F#4,21551,937,126
49,C#4,22488,937,126
46,A#3,22488,937,126
54,F#4,22488,937,126
51,D#4,23425,937,126
46,A#3,23425,937,126
54,F#4,23425,937,126
51,D#4,24362,937,126
46,A#3,24362,937,126
53,F4,24362,937,126
49,C#4,25299,937,126
46,A#3,25299,937,126
53,F4,25299,937,126
49,C#4,26236,937,126
46,A#3,26236,937,126
56,G#4,26236,937,126
51,D#4,27173,937,126
47,B3,27173,937,126
56,G#4,27173,937,126
51,D#4,28110,937,126
47,B3,28110,937,126
56,G#4,28110,1875,126
53,F4,29985,1875,126
49,C#4,29985,1875,126
54,F#4,29985,937,126
49,C#4,30922,937,126
46,A#3,30922,937,126
54,F#4,30922,937,126
49,C#4,31859,937,126
46,A#3,31859,937,126
54,F#4,31859,937,126
51,D#4,32796,937,126
46,A#3,32796,937,126
54,F#4,32796,937,126
51,D#4,33733,937,126
46,A#3,33733,937,126
51,D#4,33733,937,126
47,B3,34670,937,126
42,F#3,34670,937,126
51,D#4,34670,937,126
47,B3,35607,937,126
42,F#3,35607,937,126
53,F4,35607,937,126
49,C#4,36544,937,126
44,G#3,36544,937,126
53,F4,36544,937,126
49,C#4,37481,937,126
44,G#3,37481,937,126
54,F#4,37481,937,126
49,C#4,38418,937,126
46,A#3,38418,937,126
54,F#4,38418,937,126
49,C#4,39355,937,126
46,A#3,39355,937,126
54,F#4,39355,937,126
51,D#4,40292,937,126
46,A#3,40292,937,126
51,D#4,40292,937,126
46,A#3,41229,937,126
54,F#4,41229,937,126
51,D#4,41229,937,126
47,B3,42166,937,126
42,F#3,42166,937,126
51,D#4,42166,937,126
47,B3,43103,937,126
42,F#3,43103,937,126
53,F4,43103,937,126
49,C#4,44040,937,126
44,G#3,44040,937,126
53,F4,44040,937,126
49,C#4,44977,937,126
44,G#3,44977,937,126
53,F4,44977,937,126
49,C#4,45914,937,126
46,A#3,45914,937,126
53,F4,45914,937,126
49,C#4,46851,937,126
46,A#3,46851,937,126
54,F#4,46851,937,126
51,D#4,47788,937,126
46,A#3,47788,937,126
54,F#4,47788,937,126
51,D#4,48725,937,126
46,A#3,48725,937,126
56,G#4,48725,937,126
51,D#4,49662,937,126
47,B3,49662,937,126
56,G#4,49662,937,126
51,D#4,50599,937,126
47,B3,50599,937,126
49,C#4,50599,937,126
56,G#4,51536,937,126
53,F4,51536,937,126
56,G#4,51536,937,126
53,F4,52473,937,126
49,C#4,52473,937,126
53,F4,52473,937,126
49,C#4,53410,937,126
46,A#3,53410,937,126
53,F4,53410,937,126
49,C#4,54347,937,126
46,A#3,54347,937,126
54,F#4,54347,937,126
51,D#4,55284,937,126
46,A#3,55284,937,126
54,F#4,55284,937,126
51,D#4,56221,937,126
46,A#3,56221,937,126
56,G#4,56221,937,126
51,D#4,57158,937,126
47,B3,57158,937,126
56,G#4,57158,937,126
51,D#4,58095,937,126
47,B3,58095,937,126
56,G#4,58095,937,126
53,F4,59032,937,126
49,C#4,59032,937,126
56,G#4,59032,937,126
53,F4,59969,937,126
49,C#4,59969,937,126
54,F#4,59969,937,126
49,C#4,60906,937,126
46,A#3,60906,937,126
54,F#4,60906,937,126
49,C#4,61843,937,126
46,A#3,61843,937,126
54,F#4,61843,937,126
51,D#4,62780,937,126
46,A#3,62780,937,126
54,F#4,62780,937,126
51,D#4,63717,937,126
46,A#3,63717,937,126
51,D#4,63717,937,126
47,B3,64654,937,126
42,F#3,64654,937,126
51,D#4,64654,937,126
47,B3,65591,937,126
42,F#3,65591,937,126
53,F4,65591,937,126
49,C#4,66528,937,126
44,G#3,66528,937,126
53,F4,66528,937,126
49,C#4,67465,937,126
44,G#3,67465,937,126
54,F#4,67465,937,126
49,C#4,68402,937,126
46,A#3,68402,937,126
54,F#4,68402,937,126
49,C#4,69339,937,126
46,A#3,69339,937,126
54,F#4,69339,937,126
51,D#4,70276,937,126
46,A#3,70276,937,126
51,D#4,70276,937,126
46,A#3,71213,937,126
54,F#4,71213,937,126
56,G#4,71213,937,126
51,D#4,72150,937,126
47,B3,72150,937,126
56,G#4,72150,937,126
51,D#4,73087,937,126
47,B3,73087,937,126
51,D#4,73087,937,126
47,B3,74024,937,126
42,F#3,74024,937,126
53,F4,74024,937,126
49,C#4,74961,937,126
44,G#3,74961,937,126
54,F#4,74961,937,126
49,C#4,75898,937,126
46,A#3,75898,937,126
54,F#4,75898,937,126
49,C#4,76835,937,126
46,A#3,76835,937,126
54,F#4,76835,937,126
49,C#4,77772,937,126
46,A#3,77772,937,126
54,F#4,77772,843,126
49,C#4,78615,843,126
46,A#3,78615,843,126