64,E5,0,250,80
76,E6,250,250,80
75,D#6,500,250,80
76,E6,750,500,80
71,B5,1250,250,80
69,A5,1500,250,80
68,G#5,1750,250,80
64,E5,2000,250,80
76,E6,2250,250,80
75,D#6,2500,250,80
76,E6,2750,500,80
71,B5,3250,250,80
69,A5,3500,250,80
68,G#5,3750,250,80
64,E5,4000,250,80
76,E6,4250,250,80
75,D#6,4500,250,80
76,E6,4750,500,80
71,B5,5250,250,80
69,A5,5500,250,80
68,G#5,5750,250,80
64,E5,6000,249,80
76,E6,6249,251,80
75,D#6,6500,250,80
76,E6,6750,499,80
71,B5,7249,251,80
69,A5,7500,250,80
68,G#5,7750,250,80
64,E5,8000,250,80
76,E6,8250,250,80
75,D#6,8500,250,80
76,E6,8750,250,80
64,E5,9000,250,80
71,B5,9250,250,80
69,A5,9500,250,80
68,G#5,9750,250,80
64,E5,10000,250,80
76,E6,10250,250,80
75,D#6,10500,250,80
76,E6,10750,250,80
64,E5,11000,250,80
71,B5,11250,250,80
69,A5,11500,250,80
68,G#5,11750,250,80
64,E5,12000,250,80
76,E6,12250,249,80
75,D#6,12499,251,80
76,E6,12750,250,80
64,E5,13000,250,80
71,B5,13250,250,80
69,A5,13500,250,80
68,G#5,13750,250,80
64,E5,14000,1000,80
68,G#5,15000,250,80
68,G#5,15250,250,80
66,F#5,15500,250,80
68,G#5,15750,3250,80
68,G#5,19000,250,50
68,G#5,19250,250,50
66,F#5,19500,250,50
68,G#5,19750,625,50
66,F#5,20375,125,50
64,E5,20500,250,50
64,E5,20750,2250,50
64,E5,23000,250,50
64,E5,23250,250,50
66,F#5,23500,250,50
63,D#5,23750,750,50
63,D#5,24500,250,50
64,E5,24750,249,50
64,E5,24999,501,50
69,A5,25500,249,50
68,G#5,25749,751,50
64,E5,26500,3494,50
68,G#5,31000,250,50
68,G#5,31250,250,50
66,F#5,31500,249,50
68,G#5,31749,1001,50
66,F#5,32750,1000,50
64,E5,33750,750,50
64,E5,34500,250,50
64,E5,34750,250,50
68,G#5,35000,250,50
68,G#5,35250,250,50
66,F#5,35500,250,50
68,G#5,35750,625,50
66,F#5,36375,125,50
64,E5,36500,250,50
64,E5,36750,2250,50
64,E5,39000,250,50
64,E5,39250,250,50
66,F#5,39500,250,50
63,D#5,39750,750,50
63,D#5,40500,250,50
64,E5,40750,500,50
59,B4,41250,500,50
69,A5,41750,625,50
68,G#5,42375,125,50
68,G#5,42500,250,50
66,F#5,42750,125,50
64,E5,42875,125,50
64,E5,43000,375,50
66,F#5,43375,125,50
68,G#5,43500,875,50
66,F#5,44375,125,50
64,E5,44500,2494,50
76,E6,48166,333,50
68,G#5,48499,334,50
68,G#5,48499,250,50
76,E6,48749,250,50
76,E6,48749,250,50
68,G#5,48999,250,50
76,E6,48999,250,50
68,G#5,49249,250,50
78,F#6,49249,125,50
80,G#6,49374,119,50
71,B5,49998,750,50
80,G#6,50748,750,50
73,C#6,50748,251,50
73,C#6,50999,750,50
68,G#5,51749,500,50
71,B5,52249,500,50
76,E6,52249,250,50
68,G#5,52499,250,50
76,E6,52499,250,50
68,G#5,52749,250,50
76,E6,52749,250,50
68,G#5,52999,250,50
76,E6,52999,250,50
68,G#5,53249,250,50
76,E6,53249,250,50
68,G#5,53499,250,50
76,E6,53499,250,50
68,G#5,53749,250,50
78,F#6,53749,250,50
69,A5,53999,250,50
80,G#6,53999,250,50
71,B5,54249,250,50
71,B5,54249,500,50
80,G#6,54749,499,50
78,F#6,54749,250,50
69,A5,54999,251,50
69,A5,54999,499,50
76,E6,55498,126,50
78,F#6,55624,249,50
83,B6,55873,126,50
83,B6,55999,375,50
80,G#6,56374,125,50
80,G#6,56499,125,50
78,F#6,56624,125,50
78,F#6,56749,500,50
76,E6,57249,749,50
83,B6,57998,375,50
87,D#7,58373,375,50
80,G#6,58373,126,50
80,G#6,58499,125,50
78,F#6,58624,124,50
78,F#6,58748,501,50
76,E6,59249,750,50
87,D#7,59999,750,50
83,B6,60749,750,50
80,G#6,60749,125,50
80,G#6,60874,125,50
78,F#6,60999,125,50
78,F#6,61124,500,50
76,E6,61624,500,50
75,D#6,62124,249,50
66,F#5,62373,995,50
76,E6,63624,250,50
64,E5,63874,249,50
76,E6,63874,250,50
64,E5,64124,251,50
78,F#6,64124,250,50
66,F#5,64374,250,50
68,G#5,64374,750,50
76,E6,65124,750,50
80,G#6,65124,750,50
71,B5,65124,250,111
35,B2,65374,1000,50
40,E3,66374,1000,50
80,G#6,66374,250,50
71,B5,66624,250,50
76,E6,66624,250,50
80,G#6,66624,250,50
80,G#6,66874,250,50
81,A6,67124,250,50
78,F#6,67374,250,50
71,B5,67374,250,50
71,B5,67374,250,50
78,F#6,67624,250,50
80,G#6,67624,250,50
76,E6,67874,250,50
78,F#6,67874,250,50
76,E6,68124,250,50
71,B5,68374,1000,50
76,E6,69374,1000,50
80,G#6,69374,1000,50
75,D#6,69374,1000,50
78,F#6,70374,1000,50
71,B5,70374,250,50
75,D#6,70624,250,50
80,G#6,70624,250,50
80,G#6,70624,250,50
80,G#6,70874,250,50
81,A6,71124,250,50
75,D#6,71374,250,50
71,B5,71374,250,50
71,B5,71374,250,50
75,D#6,71624,250,50
80,G#6,71624,250,50
78,F#6,71874,250,50
76,E6,72124,250,50
80,G#6,72374,1000,50
68,G#5,73374,1000,50
76,E6,73374,1000,50
66,F#5,73374,1000,50
75,D#6,74374,1000,50
78,F#6,74374,1000,50
78,F#6,74374,250,50
73,C#6,74624,250,50
80,G#6,74624,500,50
81,A6,75124,250,50
78,F#6,75374,250,50
73,C#6,75374,250,50
73,C#6,75374,250,50
78,F#6,75624,250,50
80,G#6,75624,250,50
78,F#6,75874,250,50
76,E6,76124,250,50
76,E6,76374,1734,50
75,D#6,78374,250,50
71,B5,78624,250,50
76,E6,78624,500,50
75,D#6,79124,250,50
71,B5,79374,250,50
69,A5,79374,250,50
69,A5,79374,250,50
71,B5,79624,250,50
76,E6,79624,500,50
68,G#5,80124,2250,50
76,E6,82374,2250,50
28,E2,82374,1000,50
68,G#5,83374,250,50
68,G#5,83624,250,50
66,F#5,83874,250,50
59,B4,84124,250,50
64,E5,84374,250,50
68,G#5,84374,250,50
64,E5,84374,2000,50
59,B4,86374,750,50
64,E5,87124,750,50
68,G#5,87124,250,50
68,G#5,87374,250,50
66,F#5,87624,250,50
68,G#5,87874,875,50
61,C#5,88749,875,50
64,E5,88749,875,50
66,F#5,88749,312,50
64,E5,89061,281,50
64,E5,89342,2032,50
64,E5,91374,250,50
64,E5,91624,250,50
66,F#5,91874,250,50
59,B4,92124,750,50
63,D#5,92874,750,50
63,D#5,92874,250,50
64,E5,93124,250,50
64,E5,93374,500,50
69,A5,93874,250,50
68,G#5,94124,250,50
68,G#5,94374,250,50
64,E5,94624,1000,50
61,C#5,95624,2744,50
76,E6,98874,250,50
68,G#5,99124,250,50
76,E6,99124,250,50
68,G#5,99374,250,50
80,G#6,99374,250,50
71,B5,99624,250,50
80,G#6,99624,250,50
71,B5,99874,250,50
78,F#6,99874,250,50
69,A5,100124,250,50
71,B5,100124,750,50
80,G#6,100874,750,50
78,F#6,100874,250,50
69,A5,101124,249,50
80,G#6,101124,250,50
71,B5,101374,251,50
71,B5,101374,750,50
76,E6,102124,250,50
76,E6,102374,249,50
76,E6,102623,251,50
76,E6,102874,250,50
76,E6,103124,249,50
85,C#7,103373,251,50
83,B6,103624,250,50
80,G#6,103874,250,50
78,F#6,104124,250,50
76,E6,104374,250,50
73,C#6,104624,750,50
76,E6,105374,750,50
76,E6,105374,1000,50
75,D#6,106374,250,50
66,F#5,106624,250,50
68,G#5,106624,750,50
76,E6,107374,750,50
76,E6,107374,250,50
68,G#5,107624,250,50
76,E6,107624,250,50
68,G#5,107874,250,50
78,F#6,107874,250,50
69,A5,108124,250,50
75,D#6,108124,250,50
66,F#5,108374,249,50
90,F#7,108374,1001,50
76,E6,109375,250,50
68,G#5,109625,250,50
68,G#5,109625,249,50
71,B5,109874,251,50
71,B5,110125,499,50
81,A6,110624,375,50
73,C#6,110999,375,50
80,G#6,110999,125,50
71,B5,111124,126,50
71,B5,111124,249,50
78,F#6,111373,250,50
69,A5,111623,251,50
76,E6,111623,250,50
68,G#5,111873,250,50
76,E6,111873,375,50
68,G#5,112248,375,50
78,F#6,112248,125,50
69,A5,112373,125,50
71,B5,112373,875,50
80,G#6,113248,875,50
78,F#6,113248,125,50
76,E6,113373,2250,50
47,B3,115623,250,50
40,E3,115873,250,50
75,D#6,115873,250,50
80,G#6,116123,250,50
40,E3,116123,250,50
66,F#5,116123,250,50
68,G#5,116123,250,50
76,E6,116373,249,50
45,A3,116373,495,50
76,E6,117040,333,50
68,G#5,117373,334,50
68,G#5,117373,250,50
76,E6,117623,250,50
76,E6,117623,250,50
68,G#5,117873,249,50
76,E6,117873,250,50
68,G#5,118123,251,50
78,F#6,118123,124,50
80,G#6,118247,120,50
71,B5,118873,750,50
80,G#6,119623,750,50
73,C#6,119623,1000,50
68,G#5,120623,250,50
71,B5,120873,250,50
71,B5,120873,250,50
76,E6,121123,250,50
68,G#5,121373,250,50
76,E6,121373,250,50
68,G#5,121623,250,50
76,E6,121623,250,50
68,G#5,121873,250,50
76,E6,121873,250,50
68,G#5,122123,250,50
76,E6,122123,250,50
68,G#5,122373,250,50
76,E6,122373,250,50
68,G#5,122623,250,50
78,F#6,122623,250,50
69,A5,122873,250,50
80,G#6,122873,250,50
71,B5,123123,250,50
71,B5,123123,500,50
80,G#6,123623,500,50
78,F#6,123623,250,50
69,A5,123873,250,50
69,A5,123873,499,50
76,E6,124372,126,50
78,F#6,124498,249,50
83,B6,124747,501,50
80,G#6,125248,125,50
80,G#6,125373,124,50
78,F#6,125497,126,50
78,F#6,125623,500,50
76,E6,126123,750,50
87,D#7,126873,375,50
83,B6,127248,375,50
80,G#6,127248,124,50
80,G#6,127372,126,50
78,F#6,127498,125,50
78,F#6,127623,500,50
76,E6,128123,750,50
83,B6,128873,750,50
87,D#7,129623,750,50
80,G#6,129623,125,50
80,G#6,129748,125,50
78,F#6,129873,125,50
78,F#6,129998,500,50
76,E6,130498,500,50
75,D#6,130998,250,50
66,F#5,131248,1250,50
57,A4,132498,1250,50
67,G5,132498,250,50
55,G4,132748,250,50
67,G5,132748,250,50
55,G4,132998,250,50
69,A5,132998,250,50
57,A4,133248,250,50
59,B4,133248,1000,50
67,G5,134248,1000,50
71,B5,134248,1000,50
62,D5,134248,1000,50
59,B4,135248,1000,50
71,B5,135248,250,50
62,D5,135498,250,50
67,G5,135498,250,50
71,B5,135498,250,50
71,B5,135748,250,50
73,C#6,135998,250,50
69,A5,136248,250,50
62,D5,136248,250,50
69,A5,136248,250,50
62,D5,136498,250,50
71,B5,136498,250,50
67,G5,136748,250,50
69,A5,136748,250,50
67,G5,136998,250,50
62,D5,137248,1000,50
67,G5,138248,1000,50
71,B5,138248,1000,50
66,F#5,138248,1000,50
69,A5,139248,1000,50
71,B5,139248,250,50
62,D5,139498,250,50
66,F#5,139498,250,50
71,B5,139498,250,50
71,B5,139748,250,50
62,D5,139998,250,50
73,C#6,140248,250,50
66,F#5,140248,250,50
62,D5,140248,250,50
66,F#5,140498,250,50
71,B5,140498,250,50
69,A5,140748,250,50
67,G5,140998,250,50
68,G#5,141248,1000,50
76,E6,142248,1000,50
80,G#6,142248,1000,50
66,F#5,142248,1000,50
75,D#6,143248,1000,50
78,F#6,143248,1000,50
78,F#6,143248,250,50
73,C#6,143498,250,50
80,G#6,143498,500,50
81,A6,143998,250,50
78,F#6,144248,250,50
73,C#6,144248,250,50
73,C#6,144248,250,50
78,F#6,144498,250,50
80,G#6,144498,250,50
78,F#6,144748,166,50
76,E6,144914,167,50
76,E6,145081,1167,50
76,E6,146248,125,50
78,F#6,146373,125,50
80,G#6,146498,750,50
71,B5,147248,750,50
69,A5,147998,750,50
73,C#6,147998,250,50
69,A5,148248,250,50
69,A5,148248,250,50
76,E6,148498,250,50
68,G#5,148748,250,50
76,E6,148748,250,50
68,G#5,148998,250,50
69,A5,148998,250,50
78,F#6,149248,250,50
68,G#5,149248,1000,50
76,E6,150248,1000,50
80,G#6,150248,1000,50
35,B2,150248,1000,50
40,E3,151248,1000,50
80,G#6,151248,250,50
71,B5,151498,250,50
76,E6,151498,250,50
80,G#6,151498,250,50
71,B5,151748,250,50
76,E6,151748,250,50
76,E6,151748,250,50
80,G#6,151998,250,50
71,B5,151998,250,50
81,A6,151998,250,50
78,F#6,152248,250,50
71,B5,152248,250,50
71,B5,152248,250,50
78,F#6,152498,250,50
80,G#6,152498,250,50
76,E6,152748,250,50
78,F#6,152748,250,50
76,E6,152998,250,50
71,B5,153248,1000,50
76,E6,154248,1000,50
80,G#6,154248,1000,50
75,D#6,154248,1000,50
78,F#6,155248,1000,50
80,G#6,155248,250,50
71,B5,155498,250,50
75,D#6,155498,250,50
80,G#6,155498,250,50
71,B5,155748,250,50
75,D#6,155748,250,50
80,G#6,155748,250,50
71,B5,155998,250,50
75,D#6,155998,250,50
75,D#6,155998,250,50
71,B5,156248,250,50
81,A6,156248,250,50
71,B5,156248,250,50
75,D#6,156498,250,50
80,G#6,156498,250,50
78,F#6,156748,250,50
76,E6,156998,250,50
87,D#7,157248,666,50
73,C#6,157914,666,50
76,E6,157914,666,50
49,C#4,157914,250,50
44,G#3,158164,250,50
44,G#3,158164,500,50
49,C#4,158664,583,50
44,G#3,159247,584,50
78,F#6,159247,250,50
73,C#6,159497,250,50
80,G#6,159497,500,50
81,A6,159997,250,50
78,F#6,160247,250,50
73,C#6,160247,250,50
73,C#6,160247,250,50
78,F#6,160497,250,50
80,G#6,160497,250,50
78,F#6,160747,250,50
76,E6,160997,250,50
76,E6,161247,2000,50
75,D#6,163247,250,50
66,F#5,163497,250,50
76,E6,163497,500,50
68,G#5,163997,500,50
75,D#6,163997,250,50
66,F#5,164247,250,50
75,D#6,164247,250,50
66,F#5,164497,250,50
76,E6,164497,250,50
68,G#5,164747,250,50
68,G#5,164747,250,50
68,G#5,164997,2250,50
76,E6,167247,2250,50
75,D#6,167247,250,50
66,F#5,167497,250,50
76,E6,167497,500,50
68,G#5,167997,500,50
49,C#4,167997,250,50
44,G#3,168247,250,50
44,G#3,168247,250,50
75,D#6,168497,250,50
66,F#5,168497,250,50
76,E6,168497,250,50
68,G#5,168747,250,50
44,G#3,168747,250,50
49,C#4,168997,250,50
68,G#5,168997,250,50
76,E6,168997,250,50
68,G#5,169247,250,50
76,E6,169247,2000,50
78,F#6,171247,250,50
75,D#6,171497,250,50
80,G#6,171497,500,50
76,E6,171997,500,50
78,F#6,171997,250,50
75,D#6,172247,250,50
75,D#6,172247,125,50
78,F#6,172372,125,50
75,D#6,172497,125,50
80,G#6,172497,250,50
76,E6,172747,250,50
76,E6,172747,250,50
76,E6,172997,375,50
80,G#6,173372,375,50
78,F#6,173372,125,50
76,E6,173497,1750,50
75,D#6,175247,250,50
76,E6,175497,500,50
68,G#5,175997,500,50
66,F#5,175997,500,50
75,D#6,176497,500,50
75,D#6,176497,250,50
68,G#5,176747,750,50
64,E5,177497,250,50
71,B5,177747,250,50
66,F#5,177747,250,50
66,F#5,177747,750,50
76,E6,178497,250,50
71,B5,178747,250,50
71,B5,178747,1000,50
78,F#6,179747,1000,50
71,B5,180747,1000,50
76,E6,180747,1000,50
78,F#6,180747,250,50
75,D#6,180997,250,50
71,B5,180997,250,50
71,B5,180997,250,50
75,D#6,181247,250,50
68,G#5,181247,250,50
76,E6,181497,250,50
76,E6,181497,250,50
68,G#5,181747,250,50
78,F#6,181747,250,50
69,A5,181997,250,50
71,B5,181997,802,50
76,E6,182799,802,50
80,G#6,182799,802,50
68,G#5,182799,198,50
40,E3,182997,1000,50
35,B2,183997,1000,50
80,G#6,183997,250,50
71,B5,184247,250,50
76,E6,184247,250,50
80,G#6,184247,250,50
71,B5,184497,250,50
76,E6,184497,250,50
80,G#6,184497,250,50
71,B5,184747,250,50
76,E6,184747,250,50
81,A6,184747,250,50
78,F#6,184997,250,50
71,B5,184997,250,50
71,B5,184997,250,50
78,F#6,185247,250,50
80,G#6,185247,250,50
76,E6,185497,250,50
78,F#6,185497,250,50
76,E6,185747,250,50
71,B5,185997,1000,50
76,E6,186997,1000,50
80,G#6,186997,1000,50
71,B5,186997,1000,50
75,D#6,187997,1000,50
78,F#6,187997,1000,50
80,G#6,187997,250,50
71,B5,188247,250,50
75,D#6,188247,250,50
80,G#6,188247,250,50
71,B5,188497,250,50
75,D#6,188497,250,50
80,G#6,188497,250,50
71,B5,188747,250,50
75,D#6,188747,250,50
81,A6,188747,250,50
75,D#6,188997,250,50
71,B5,188997,250,50
71,B5,188997,250,50
75,D#6,189247,250,50
80,G#6,189247,250,50
71,B5,189497,250,50
75,D#6,189497,250,50
78,F#6,189497,250,50
76,E6,189747,250,50
68,G#5,189997,1000,50
76,E6,190997,1000,50
80,G#6,190997,1000,50
66,F#5,190997,1000,50
75,D#6,191997,1000,50
78,F#6,191997,1000,50
73,C#6,191997,250,50
78,F#6,192247,250,50
80,G#6,192247,500,50
81,A6,192747,250,50
78,F#6,192997,250,50
73,C#6,192997,250,50
73,C#6,192997,250,50
78,F#6,193247,250,50
80,G#6,193247,250,50
78,F#6,193497,250,50
76,E6,193747,250,50
69,A5,193997,1000,50
73,C#6,194997,1000,50
76,E6,194997,1000,50
73,C#6,194997,125,50
76,E6,195122,125,50
78,F#6,195122,125,50
80,G#6,195247,1744,50
76,E6,197247,250,50
64,E5,197497,250,50
64,E5,197497,250,50
76,E6,197747,250,50
78,F#6,197747,250,50
66,F#5,197997,250,50
68,G#5,197997,1000,50
76,E6,198997,1000,50
80,G#6,198997,1000,50
68,G#5,198997,1000,50
71,B5,199997,999,50
80,G#6,199997,250,50
71,B5,200247,250,50
76,E6,200247,251,50
80,G#6,200247,250,50
71,B5,200497,250,50
76,E6,200497,250,50
80,G#6,200497,250,50
71,B5,200747,250,50
76,E6,200747,249,50
81,A6,200747,250,50
78,F#6,200997,250,50
71,B5,200997,251,50
71,B5,200997,250,50
78,F#6,201247,250,50
80,G#6,201247,250,50
76,E6,201497,249,50
78,F#6,201497,251,50
76,E6,201748,250,50
68,G#5,201998,1000,50
76,E6,202998,1000,50
80,G#6,202998,999,50
66,F#5,202998,1000,50
75,D#6,203998,1000,50
78,F#6,203998,1001,50
80,G#6,203998,250,50
71,B5,204248,250,50
75,D#6,204248,250,50
80,G#6,204248,250,50
71,B5,204498,250,50
75,D#6,204498,249,50
80,G#6,204498,250,50
71,B5,204748,250,50
75,D#6,204748,251,50
81,A6,204748,250,50
75,D#6,204998,250,50
71,B5,204998,250,50
71,B5,204998,250,50
75,D#6,205248,249,50
80,G#6,205248,251,50
78,F#6,205499,250,50
76,E6,205749,249,50
76,E6,205998,750,50
87,D#7,206748,750,50
80,G#6,206748,1250,50
73,C#6,207998,1251,50
78,F#6,207998,250,50
73,C#6,208248,250,50
80,G#6,208248,500,50
78,F#6,208748,250,50
73,C#6,208998,250,50
81,A6,208998,250,50
73,C#6,208998,250,50
78,F#6,209248,250,50
80,G#6,209248,250,50
78,F#6,209498,250,50
76,E6,209748,250,50
78,F#6,209998,500,50
73,C#6,210498,500,50
47,B3,210498,250,50
40,E3,210748,250,50
40,E3,210748,500,50
78,F#6,211248,124,50
80,G#6,211372,1751,50
64,E5,213123,250,50
64,E5,213373,249,50
68,G#5,213622,251,50
64,E5,213873,2250,50
68,G#5,216123,2250,50
68,G#5,216123,250,50
68,G#5,216373,250,50
68,G#5,216623,250,50
66,F#5,216873,250,50
69,A5,217123,250,50
69,A5,217123,250,50
68,G#5,217373,250,50
66,F#5,217623,250,50
64,E5,217873,250,50
64,E5,218123,1000,50
68,G#5,219123,1000,50
63,D#5,219123,1000,50
66,F#5,220123,1000,50
68,G#5,220123,250,50
63,D#5,220373,250,50
68,G#5,220373,250,50
68,G#5,220623,250,50
63,D#5,220873,250,50
69,A5,221123,250,50
69,A5,221123,250,50
68,G#5,221373,250,50
66,F#5,221623,250,50
64,E5,221873,250,50
64,E5,222123,1000,50
68,G#5,223123,1000,50
63,D#5,223123,1000,50
66,F#5,224123,1000,50
68,G#5,224123,250,50
64,E5,224373,249,50
68,G#5,224373,251,50
68,G#5,224624,250,50
69,A5,224874,250,50
66,F#5,225124,249,50
66,F#5,225124,250,50
69,A5,225374,251,50
68,G#5,225374,250,50
64,E5,225624,250,50
66,F#5,225624,249,50
64,E5,225873,251,50
64,E5,226124,1999,50
63,D#5,228123,250,50
59,B4,228373,251,50
64,E5,228373,499,50
57,A4,228872,250,50
63,D#5,229122,251,50
63,D#5,229122,125,50
63,D#5,229247,125,50
64,E5,229372,500,50
56,G#4,229872,250,50
64,E5,230122,250,50
16,E1,230122,1994,50
--end--
47,B3,0,750,80
40,E3,750,750,80
52,E4,750,250,80
47,B3,1000,250,80
47,B3,1000,500,80
52,E4,1500,500,80
47,B3,2000,500,80
40,E3,2000,750,80
47,B3,2750,750,80
52,E4,2750,250,80
47,B3,3000,250,80
47,B3,3000,500,80
52,E4,3500,500,80
47,B3,4000,500,80
44,G#3,4000,750,80
37,C#3,4750,750,80
49,C#4,4750,250,80
44,G#3,5000,250,80
44,G#3,5000,500,80
49,C#4,5500,500,80
44,G#3,6000,500,80
44,G#3,6000,750,80
37,C#3,6750,750,80
49,C#4,6750,250,80
44,G#3,7000,250,80
44,G#3,7000,500,80
49,C#4,7500,500,80
44,G#3,8000,500,80
42,F#3,8000,750,80
35,B2,8750,750,80
47,B3,8750,250,80
40,E3,9000,250,80
40,E3,9000,500,80
47,B3,9500,500,80
42,F#3,10000,500,80
42,F#3,10000,750,80
35,B2,10750,750,80
47,B3,10750,250,80
40,E3,11000,250,80
40,E3,11000,500,80
47,B3,11500,500,80
42,F#3,12000,500,80
40,E3,12000,750,80
33,A2,12750,750,80
47,B3,12750,250,80
40,E3,13000,250,80
40,E3,13000,500,80
45,A3,13500,500,80
40,E3,14000,500,80
40,E3,14000,2000,80
33,A2,16000,2000,80
47,B3,16000,750,50
40,E3,16750,750,50
52,E4,16750,250,50
47,B3,17000,250,50
47,B3,17000,500,50
52,E4,17500,500,50
47,B3,18000,500,50
47,B3,18000,750,50
40,E3,18750,750,50
52,E4,18750,250,50
47,B3,19000,250,50
47,B3,19000,500,50
52,E4,19500,500,50
47,B3,20000,500,50
37,C#3,20000,750,50
44,G#3,20750,750,50
49,C#4,20750,250,50
44,G#3,21000,250,50
44,G#3,21000,500,50
49,C#4,21500,500,50
44,G#3,22000,500,50
44,G#3,22000,750,50
37,C#3,22750,750,50
44,G#3,22750,250,50
49,C#4,23000,250,50
44,G#3,23000,500,50
49,C#4,23500,500,50
44,G#3,24000,500,50
35,B2,24000,750,50
42,F#3,24750,750,50
47,B3,24750,250,50
40,E3,25000,249,50
47,B3,25000,500,50
40,E3,25500,501,50
47,B3,25500,500,50
42,F#3,26000,500,50
35,B2,26000,750,50
42,F#3,26750,750,50
47,B3,26750,250,50
40,E3,27000,250,50
40,E3,27000,500,50
47,B3,27500,500,50
42,F#3,28000,500,50
40,E3,28000,750,50
33,A2,28750,750,50
47,B3,28750,250,50
40,E3,29000,249,50
40,E3,29000,501,50
40,E3,29501,500,50
45,A3,30001,500,50
40,E3,30001,750,50
33,A2,30751,750,50
47,B3,30751,250,50
40,E3,31001,250,50
40,E3,31001,500,50
45,A3,31501,500,50
40,E3,32001,500,50
35,B2,32001,1000,50
28,E2,33001,1000,50
40,E3,33001,500,50
35,B2,33501,500,50
35,B2,33501,500,50
40,E3,34001,500,50
28,E2,34001,1000,50
35,B2,35001,1000,50
40,E3,35001,500,50
35,B2,35501,500,50
40,E3,35501,500,50
35,B2,36001,500,50
25,C#2,36001,750,50
32,G#2,36751,750,50
37,C#3,36751,750,50
49,C#4,36751,250,50
44,G#3,37001,250,50
44,G#3,37001,500,50
49,C#4,37501,500,50
44,G#3,38001,500,50
37,C#3,38001,750,50
25,C#2,38751,750,50
32,G#2,38751,750,50
49,C#4,38751,250,50
44,G#3,39001,250,50
44,G#3,39001,500,50
49,C#4,39501,500,50
44,G#3,40001,500,50
23,B1,40001,750,50
35,B2,40751,750,50
47,B3,40751,250,50
40,E3,41001,250,50
40,E3,41001,500,50
42,F#3,41501,500,50
47,B3,42001,500,50
23,B1,42001,750,50
35,B2,42751,750,50
42,F#3,42751,750,50
47,B3,43501,750,50
47,B3,43501,500,50
42,F#3,44001,500,50
33,A2,44001,750,50
21,A1,44751,750,50
47,B3,44751,250,50
40,E3,45001,250,50
40,E3,45001,500,50
45,A3,45501,500,50
33,A2,46001,2000,50
37,C#3,48001,250,50
44,G#3,48251,166,50
68,G#5,48417,166,50
76,E6,48417,166,50
68,G#5,48417,83,50
76,E6,48500,84,50
51,D#4,48500,250,50
52,E4,48750,500,50
44,G#3,49250,250,50
49,C#4,49500,499,50
33,A2,49999,251,50
40,E3,50250,250,50
47,B3,50500,249,50
49,C#4,50749,501,50
52,E4,51250,249,50
57,A4,51499,501,50
28,E2,52000,250,50
35,B2,52250,250,50
40,E3,52500,250,50
42,F#3,52750,250,50
42,F#3,53000,250,50
40,E3,53250,250,50
35,B2,53500,500,50
35,B2,54000,250,50
42,F#3,54250,250,50
47,B3,54500,750,50
35,B2,55250,249,50
47,B3,55499,500,50
42,F#3,55999,501,50
37,C#3,55999,250,50
44,G#3,56249,250,50
51,D#4,56499,250,50
52,E4,56749,500,50
44,G#3,57249,250,50
49,C#4,57499,499,50
33,A2,57998,251,50
40,E3,58249,250,50
47,B3,58499,249,50
49,C#4,58748,501,50
52,E4,59249,249,50
57,A4,59498,501,50
28,E2,59999,250,50
35,B2,60249,250,50
40,E3,60499,250,50
42,F#3,60749,244,50
42,F#3,61249,250,50
40,E3,61499,250,50
35,B2,61749,494,50
42,F#3,62373,2000,50
35,B2,64373,2000,50
45,A3,64373,2001,50
28,E2,64373,750,50
35,B2,65123,750,50
71,B5,65123,1250,50
68,G#5,66373,1250,50
35,B2,66373,1250,50
40,E3,66373,1250,50
35,B2,66373,1000,50
28,E2,67373,1000,50
35,B2,67373,500,50
40,E3,67873,500,50
40,E3,67873,500,50
35,B2,68373,500,50
35,B2,68373,750,50
23,B1,69123,750,50
47,B3,69123,250,50
42,F#3,69373,250,50
42,F#3,69373,500,50
42,F#3,69873,500,50
47,B3,70373,500,50
35,B2,70373,750,50
23,B1,71123,750,50
47,B3,71123,250,50
42,F#3,71373,250,50
42,F#3,71373,500,50
47,B3,71873,500,50
42,F#3,72373,500,50
37,C#3,72373,750,50
25,C#2,73123,750,50
32,G#2,73123,750,50
49,C#4,73123,250,50
44,G#3,73373,250,50
44,G#3,73373,500,50
49,C#4,73873,500,50
44,G#3,74373,500,50
37,C#3,74373,750,50
25,C#2,75123,750,50
32,G#2,75123,750,50
49,C#4,75123,250,50
44,G#3,75373,250,50
44,G#3,75373,500,50
44,G#3,75873,500,50
49,C#4,76373,500,50
21,A1,76373,750,50
33,A2,77123,750,50
47,B3,77123,250,50
40,E3,77373,250,50
40,E3,77373,500,50
40,E3,77873,500,50
45,A3,78373,500,50
33,A2,78373,750,50
21,A1,79123,750,50
47,B3,79123,250,50
45,A3,79373,250,50
40,E3,79373,250,50
40,E3,79373,1000,50
45,A3,80373,1000,50
40,E3,80373,750,50
28,E2,81123,750,50
40,E3,81123,500,50
35,B2,81623,500,50
40,E3,81623,750,50
35,B2,82373,750,50
35,B2,82373,2000,50
40,E3,84373,2000,50
59,B4,84373,750,50
35,B2,85123,750,50
28,E2,85123,750,50
40,E3,85123,500,50
35,B2,85623,500,50
40,E3,85623,750,50
35,B2,86373,750,50
35,B2,86373,750,50
28,E2,87123,750,50
35,B2,87123,250,50
40,E3,87373,250,50
68,G#5,87373,250,50
68,G#5,87373,250,50
35,B2,87623,250,50
40,E3,87873,250,50
66,F#5,87873,250,50
61,C#5,87873,500,50
64,E5,88373,500,50
68,G#5,88373,500,50
37,C#3,88373,375,50
44,G#3,88748,375,50
66,F#5,88748,125,50
64,E5,88873,250,50
64,E5,89123,250,50
49,C#4,89373,250,50
44,G#3,89373,250,50
44,G#3,89373,500,50
49,C#4,89873,500,50
44,G#3,90373,500,50
37,C#3,90373,750,50
44,G#3,91123,750,50
49,C#4,91123,250,50
44,G#3,91373,250,50
44,G#3,91373,250,50
64,E5,91623,250,50
64,E5,91623,250,50
44,G#3,91873,250,50
49,C#4,92123,250,50
66,F#5,92123,250,50
59,B4,92123,250,50
63,D#5,92373,250,50
42,F#3,92373,500,50
35,B2,92873,500,50
63,D#5,92873,250,50
40,E3,93123,250,50
47,B3,93373,250,50
64,E5,93373,250,50
40,E3,93373,500,50
47,B3,93873,500,50
64,E5,93873,500,50
42,F#3,93873,250,50
47,B3,94123,250,50
69,A5,94123,250,50
68,G#5,94123,250,50
42,F#3,94373,750,50
35,B2,95123,750,50
47,B3,95123,250,50
40,E3,95373,250,50
40,E3,95373,500,50
47,B3,95873,500,50
42,F#3,96373,500,50
33,A2,96373,750,50
40,E3,97123,750,50
47,B3,97123,250,50
40,E3,97373,250,50
40,E3,97373,500,50
45,A3,97873,500,50
40,E3,98373,500,50
40,E3,98373,750,50
33,A2,99123,750,50
47,B3,99123,250,50
40,E3,99373,250,50
40,E3,99373,500,50
45,A3,99873,500,50
40,E3,100373,499,50
28,E2,100373,750,50
35,B2,101123,750,50
40,E3,101123,250,50
35,B2,101373,251,50
40,E3,101373,500,50
35,B2,101873,499,50
35,B2,101873,500,50
40,E3,102373,501,50
35,B2,102373,750,50
28,E2,103123,750,50
40,E3,103123,250,50
35,B2,103373,249,50
40,E3,103373,500,50
35,B2,103873,501,50
40,E3,103873,500,50
35,B2,104373,500,50
37,C#3,104373,750,50
25,C#2,105123,750,50
32,G#2,105123,750,50
49,C#4,105123,250,50
44,G#3,105373,250,50
44,G#3,105373,500,50
49,C#4,105873,500,50
44,G#3,106373,500,50
37,C#3,106373,750,50
25,C#2,107123,750,50
32,G#2,107123,750,50
49,C#4,107123,250,50
44,G#3,107373,250,50
44,G#3,107373,500,50
49,C#4,107873,500,50
44,G#3,108373,499,50
35,B2,108373,750,50
23,B1,109123,750,50
75,D#6,109123,250,50
66,F#5,109373,251,50
47,B3,109373,250,50
76,E6,109623,250,50
40,E3,109623,250,50
68,G#5,109623,250,50
40,E3,109623,250,50
68,G#5,109873,249,50
71,B5,109873,251,50
47,B3,110124,500,50
42,F#3,110624,499,50
35,B2,110624,1250,50
23,B1,111874,1251,50
47,B3,111874,500,50
42,F#3,112374,500,50
47,B3,112374,500,50
42,F#3,112874,500,50
21,A1,112874,750,50
33,A2,113624,750,50
40,E3,113624,250,50
47,B3,113874,250,50
40,E3,113874,500,50
45,A3,114374,500,50
33,A2,114874,1000,50
21,A1,115874,1000,50
75,D#6,115874,250,50
80,G#6,116124,250,50
66,F#5,116124,250,50
68,G#5,116124,750,50
76,E6,116874,750,50
37,C#3,116874,249,50
44,G#3,117123,166,50
68,G#5,117289,166,50
76,E6,117289,167,50
68,G#5,117289,83,50
76,E6,117372,84,50
51,D#4,117372,250,50
52,E4,117622,500,50
44,G#3,118122,250,50
49,C#4,118372,500,50
33,A2,118872,250,50
40,E3,119122,249,50
47,B3,119371,251,50
49,C#4,119622,500,50
52,E4,120122,250,50
57,A4,120372,500,50
28,E2,120872,250,50
35,B2,121122,250,50
40,E3,121372,250,50
42,F#3,121622,250,50
42,F#3,121872,250,50
40,E3,122122,250,50
35,B2,122372,500,50
35,B2,122872,250,50
42,F#3,123122,250,50
47,B3,123372,750,50
35,B2,124122,249,50
47,B3,124371,500,50
42,F#3,124871,501,50
37,C#3,124871,249,50
44,G#3,125120,251,50
51,D#4,125371,250,50
52,E4,125621,500,50
44,G#3,126121,250,50
49,C#4,126371,500,50
33,A2,126871,250,50
40,E3,127121,249,50
47,B3,127370,251,50
49,C#4,127621,500,50
52,E4,128121,250,50
57,A4,128371,500,50
28,E2,128871,250,50
35,B2,129121,250,50
40,E3,129371,250,50
42,F#3,129621,244,50
42,F#3,130121,250,50
40,E3,130371,250,50
35,B2,130621,494,50
35,B2,131246,2000,50
42,F#3,133246,2000,50
45,A3,133246,2000,50
28,E2,133246,750,50
35,B2,133996,750,50
35,B2,133996,250,50
40,E3,134246,250,50
40,E3,134246,500,50
40,E3,134746,500,50
35,B2,135246,500,50
35,B2,135246,1000,50
28,E2,136246,1000,50
35,B2,136246,500,50
40,E3,136746,500,50
40,E3,136746,500,50
35,B2,137246,500,50
23,B1,137246,750,50
35,B2,137996,750,50
47,B3,137996,250,50
42,F#3,138246,250,50
42,F#3,138246,500,50
47,B3,138746,500,50
42,F#3,139246,500,50
35,B2,139246,750,50
23,B1,139996,750,50
39,D#3,139996,750,50
42,F#3,140746,500,50
47,B3,141246,500,50
37,C#3,141246,750,50
25,C#2,141996,750,50
32,G#2,141996,750,50
49,C#4,141996,250,50
44,G#3,142246,250,50
44,G#3,142246,500,50
49,C#4,142746,500,50
44,G#3,143246,500,50
37,C#3,143246,750,50
25,C#2,143996,750,50
32,G#2,143996,750,50
49,C#4,143996,250,50
44,G#3,144246,250,50
44,G#3,144246,500,50
49,C#4,144746,500,50
44,G#3,145246,500,50
33,A2,145246,750,50
21,A1,145996,750,50
47,B3,145996,250,50
40,E3,146246,250,50
40,E3,146246,500,50
45,A3,146746,500,50
40,E3,147246,500,50
21,A1,147246,750,50
33,A2,147996,750,50
47,B3,147996,250,50
45,A3,148246,250,50
40,E3,148246,250,50
40,E3,148246,1000,50
45,A3,149246,1000,50
40,E3,149246,750,50
28,E2,149996,750,50
71,B5,149996,1250,50
68,G#5,151246,1250,50
35,B2,151246,1250,50
40,E3,151246,1250,50
35,B2,151246,750,50
28,E2,151996,750,50
40,E3,151996,250,50
35,B2,152246,250,50
40,E3,152246,500,50
40,E3,152746,500,50
35,B2,153246,500,50
35,B2,153246,750,50
23,B1,153996,750,50
47,B3,153996,250,50
42,F#3,154246,250,50
42,F#3,154246,500,50
42,F#3,154746,500,50
47,B3,155246,500,50
35,B2,155246,750,50
23,B1,155996,750,50
47,B3,155996,250,50
42,F#3,156246,250,50
42,F#3,156246,500,50
47,B3,156746,500,50
42,F#3,157246,500,50
37,C#3,157246,750,50
25,C#2,157996,750,50
32,G#2,157996,750,50
87,D#7,157996,750,50
76,E6,157996,1250,50
80,G#6,159246,1250,50
32,G#2,159246,750,50
37,C#3,159996,750,50
25,C#2,159996,750,50
49,C#4,159996,250,50
44,G#3,160246,250,50
44,G#3,160246,500,50
49,C#4,160746,500,50
44,G#3,161246,500,50
71,B5,161246,750,50
33,A2,161996,750,50
21,A1,161996,750,50
47,B3,161996,250,50
40,E3,162246,250,50
40,E3,162246,500,50
40,E3,162746,500,50
45,A3,163246,500,50
33,A2,163246,750,50
21,A1,163996,750,50
47,B3,163996,250,50
45,A3,164246,250,50
40,E3,164246,250,50
40,E3,164246,1000,50
45,A3,165246,1000,50
37,C#3,165246,750,50
25,C#2,165996,750,50
32,G#2,165996,750,50
76,E6,165996,750,50
49,C#4,165996,250,50
44,G#3,166246,250,50
44,G#3,166246,500,50
44,G#3,166746,500,50
49,C#4,167246,500,50
37,C#3,167246,1000,50
25,C#2,168246,1000,50
32,G#2,168246,1000,50
66,F#5,168246,1000,50
80,G#6,169246,1000,50
75,D#6,169246,1000,50
33,A2,169246,750,50
21,A1,169996,750,50
47,B3,169996,250,50
40,E3,170246,250,50
40,E3,170246,500,50
45,A3,170746,500,50
40,E3,171246,500,50
33,A2,171246,750,50
21,A1,171996,750,50
47,B3,171996,250,50
40,E3,172246,250,50
40,E3,172246,500,50
45,A3,172746,500,50
40,E3,173246,500,50
28,E2,173246,750,50
35,B2,173996,750,50
40,E3,173996,250,50
35,B2,174246,250,50
40,E3,174246,500,50
35,B2,174746,500,50
40,E3,174746,500,50
35,B2,175246,500,50
28,E2,175246,750,50
35,B2,175996,750,50
35,B2,175996,250,50
40,E3,176246,250,50
40,E3,176246,500,50
40,E3,176746,1000,50
35,B2,177746,1000,50
35,B2,177746,750,50
23,B1,178496,750,50
47,B3,178496,250,50
42,F#3,178746,250,50
42,F#3,178746,500,50
47,B3,179246,500,50
42,F#3,179746,500,50
42,F#3,179746,2250,50
45,A3,181996,2250,50
35,B2,181996,2250,50
35,B2,181996,750,50
28,E2,182746,750,50
68,G#5,182746,1250,50
71,B5,183996,1250,50
35,B2,183996,1250,50
40,E3,183996,1250,50
35,B2,183996,1000,50
28,E2,184996,1000,50
40,E3,184996,500,50
35,B2,185496,500,50
40,E3,185496,500,50
35,B2,185996,500,50
35,B2,185996,750,50
23,B1,186746,750,50
47,B3,186746,250,50
42,F#3,186996,250,50
42,F#3,186996,500,50
47,B3,187496,500,50
42,F#3,187996,500,50
35,B2,187996,750,50
23,B1,188746,750,50
47,B3,188746,250,50
42,F#3,188996,250,50
42,F#3,188996,500,50
47,B3,189496,500,50
42,F#3,189996,500,50
37,C#3,189996,750,50
25,C#2,190746,750,50
32,G#2,190746,750,50
49,C#4,190746,250,50
44,G#3,190996,250,50
44,G#3,190996,499,50
49,C#4,191495,500,50
44,G#3,191995,501,50
37,C#3,191995,750,50
25,C#2,192745,750,50
32,G#2,192745,750,50
49,C#4,192745,250,50
44,G#3,192995,250,50
44,G#3,192995,500,50
49,C#4,193495,500,50
44,G#3,193995,500,50
33,A2,193995,750,50
21,A1,194745,750,50
47,B3,194745,250,50
40,E3,194995,250,50
40,E3,194995,500,50
45,A3,195495,500,50
40,E3,195995,500,50
33,A2,195995,750,50
21,A1,196745,750,50
47,B3,196745,250,50
45,A3,196995,250,50
40,E3,196995,250,50
40,E3,196995,1000,50
45,A3,197995,1000,50
40,E3,197995,750,50
28,E2,198745,750,50
35,B2,198745,250,50
40,E3,198995,250,50
40,E3,198995,500,50
40,E3,199495,500,50
35,B2,199995,499,50
35,B2,199995,750,50
28,E2,200745,750,50
35,B2,200745,250,50
40,E3,200995,251,50
40,E3,200995,499,50
40,E3,201494,500,50
35,B2,201994,501,50
35,B2,201994,750,50
23,B1,202744,750,50
47,B3,202744,250,50
42,F#3,202994,249,50
42,F#3,202994,501,50
47,B3,203495,500,50
42,F#3,203995,500,50
35,B2,203995,750,50
23,B1,204745,750,50
47,B3,204745,250,50
42,F#3,204995,250,50
42,F#3,204995,500,50
47,B3,205495,500,50
42,F#3,205995,499,50
37,C#3,205995,666,50
25,C#2,206661,666,50
32,G#2,206661,666,50
87,D#7,206661,667,50
49,C#4,206661,250,50
44,G#3,206911,250,50
44,G#3,206911,500,50
49,C#4,207411,583,50
44,G#3,207994,584,50
37,C#3,207994,750,50
25,C#2,208744,750,50
32,G#2,208744,750,50
49,C#4,208744,250,50
44,G#3,208994,250,50
44,G#3,208994,500,50
49,C#4,209494,500,50
44,G#3,209994,500,50
33,A2,209994,1250,50
21,A1,211244,1250,50
45,A3,211244,875,50
40,E3,212119,874,50
33,A2,212119,750,50
21,A1,212869,750,50
47,B3,212869,250,50
45,A3,213119,250,50
40,E3,213119,251,50
40,E3,213119,1000,50
45,A3,214119,1000,50
47,B3,214119,2750,50
40,E3,216869,2750,50
44,G#3,216869,250,50
40,E3,217119,250,50
40,E3,217119,500,50
47,B3,217619,500,50
44,G#3,218119,500,50
42,F#3,218119,750,50
35,B2,218869,750,50
47,B3,218869,250,50
42,F#3,219119,250,50
42,F#3,219119,500,50
47,B3,219619,500,50
42,F#3,220119,500,50
42,F#3,220119,750,50
35,B2,220869,750,50
47,B3,220869,250,50
42,F#3,221119,250,50
42,F#3,221119,500,50
47,B3,221619,500,50
42,F#3,222119,500,50
37,C#3,222119,750,50
44,G#3,222869,750,50
49,C#4,222869,250,50
44,G#3,223119,250,50
44,G#3,223119,500,50
49,C#4,223619,500,50
44,G#3,224119,500,50
44,G#3,224119,750,50
37,C#3,224869,750,50
49,C#4,224869,250,50
44,G#3,225119,249,50
49,C#4,225119,500,50
44,G#3,225619,501,50
49,C#4,225619,500,50
44,G#3,226119,500,50
33,A2,226119,750,50
59,B4,226869,750,50
40,E3,226869,750,50
45,A3,226869,250,50
40,E3,227119,250,50
40,E3,227119,500,50
40,E3,227619,500,50
45,A3,228119,499,50
33,A2,228119,2000,50
40,E3,230119,2001,50
28,E2,230119,1994,50