38,D3,18600,600,126
50,D4,19200,300,126
48,C4,19500,300,126
50,D4,19800,600,126
50,D4,21300,300,126
50,D4,21600,300,126
48,C4,21900,300,126
48,C4,22200,1200,126
46,A#3,23550,150,126
46,A#3,23700,150,126
48,C4,23850,150,126
50,D4,24000,900,126
50,D4,24900,300,126
50,D4,25200,600,126
46,A#3,25800,600,126
43,G3,26400,1200,126
48,C4,28200,300,126
50,D4,28500,300,126
51,D#4,28800,600,126
51,D#4,29400,300,126
51,D#4,29700,600,126
50,D4,30300,600,126
48,C4,30900,1499,126
46,A#3,32699,300,126
46,A#3,32999,300,126
48,C4,33299,300,126
50,D4,33599,600,126
51,D#4,34199,300,126
50,D4,34499,600,126
48,C4,35099,300,126
48,C4,35399,749,126
46,A#3,36148,150,126
45,A3,36298,853,126
53,F4,37497,600,126
38,D3,38097,300,126
50,D4,38397,600,126
46,A#3,40197,300,126
50,D4,40497,600,126
51,D#4,41097,600,126
48,C4,41697,900,126
46,A#3,42897,150,126
48,C4,43047,150,126
50,D4,43197,600,126
50,D4,43797,600,126
50,D4,44397,600,126
53,F4,44997,600,126
46,A#3,45597,1200,126
48,C4,47397,300,126
50,D4,47697,300,126
51,D#4,47997,900,126
53,F4,48897,900,126
51,D#4,49797,300,126
50,D4,50097,300,126
48,C4,50397,1200,126
46,A#3,51897,300,126
46,A#3,52197,300,126
48,C4,52497,300,126
50,D4,52797,600,126
50,D4,53397,300,126
50,D4,53697,900,126
50,D4,54597,300,126
50,D4,54897,900,126
50,D4,55797,300,126
50,D4,56097,1499,126
50,D4,58496,300,126
50,D4,58796,300,126
51,D#4,59096,150,126
50,D4,59246,150,126
48,C4,59396,300,126
48,C4,59696,300,126
48,C4,59996,1200,126
50,D4,62096,300,126
50,D4,62396,600,126
55,G4,62996,300,126
55,G4,63296,900,126
57,A4,64196,300,126
57,A4,64496,900,126
58,A#4,65396,300,126
58,A#4,65696,900,126
51,D#4,66896,300,126
51,D#4,67196,600,126
55,G4,67796,300,126
55,G4,68096,900,126
57,A4,68996,300,126
57,A4,69296,900,126
58,A#4,70196,300,126
58,A#4,70496,900,126
53,F4,71696,300,126
53,F4,71996,600,126
58,A#4,72596,300,126
58,A#4,72896,1499,126
58,A#4,75295,300,126
58,A#4,75595,300,126
60,C5,75895,600,126
58,A#4,76495,300,126
58,A#4,76795,600,126
57,A4,77395,300,126
57,A4,77695,900,126
55,G4,78895,300,126
55,G4,79195,600,126
54,F#4,79795,300,126
54,F#4,80095,900,126
50,D4,81295,300,126
50,D4,81595,600,126
55,G4,82195,300,126
55,G4,82495,900,126
57,A4,83395,600,126
57,A4,83995,600,126
58,A#4,84595,300,126
58,A#4,84895,900,126
51,D#4,86095,300,126
51,D#4,86395,600,126
55,G4,86995,300,126
55,G4,87295,600,126
57,A4,87895,600,126
57,A4,88495,600,126
58,A#4,89095,600,126
58,A#4,89695,900,126
53,F4,90895,300,126
53,F4,91195,600,126
58,A#4,91795,300,126
58,A#4,92095,600,126
60,C5,92695,600,126
60,C5,93295,900,126
58,A#4,94495,300,126
58,A#4,94795,300,126
60,C5,95095,900,126
58,A#4,95995,300,126
57,A4,96295,2100,126
58,A#4,99595,600,126
57,A4,100195,300,126
57,A4,100495,600,126
55,G4,101095,2700,126
53,F4,109495,900,126
50,D4,110395,300,126
48,C4,110695,300,126
50,D4,110995,600,126
50,D4,112495,300,126
50,D4,112795,300,126
48,C4,113095,300,126
48,C4,113395,1200,126
46,A#3,114745,150,126
46,A#3,114895,150,126
48,C4,115045,150,126
50,D4,115195,900,126
50,D4,116095,300,126
50,D4,116395,600,126
46,A#3,116995,600,126
43,G3,117595,1200,126
48,C4,119395,300,126
50,D4,119695,300,126
51,D#4,119995,600,126
51,D#4,120595,300,126
51,D#4,120895,600,126
50,D4,121495,600,126
48,C4,122095,1499,126
46,A#3,123894,300,126
46,A#3,124194,300,126
48,C4,124494,300,126
50,D4,124794,600,126
51,D#4,125394,300,126
50,D4,125694,600,126
48,C4,126294,300,126
48,C4,126594,749,126
46,A#3,127343,150,126
45,A3,127493,853,126
53,F4,128692,600,126
38,D3,129292,300,126
50,D4,129592,600,126
46,A#3,131392,300,126
50,D4,131692,600,126
51,D#4,132292,600,126
48,C4,132892,900,126
46,A#3,134092,150,126
48,C4,134242,150,126
50,D4,134392,600,126
50,D4,134992,600,126
50,D4,135592,600,126
53,F4,136192,600,126
46,A#3,136792,1200,126
48,C4,138592,300,126
50,D4,138892,300,126
51,D#4,139192,900,126
53,F4,140092,900,126
51,D#4,140992,300,126
50,D4,141292,300,126
48,C4,141592,1200,126
46,A#3,143092,300,126
46,A#3,143392,300,126
48,C4,143692,300,126
50,D4,143992,600,126
50,D4,144592,300,126
50,D4,144892,900,126
50,D4,145792,300,126
50,D4,146092,900,126
50,D4,146992,300,126
50,D4,147292,1499,126
50,D4,149691,300,126
50,D4,149991,300,126
51,D#4,150291,150,126
50,D4,150441,150,126
48,C4,150591,300,126
48,C4,150891,300,126
48,C4,151191,1200,126
50,D4,153291,300,126
50,D4,153591,600,126
55,G4,154191,300,126
55,G4,154491,900,126
57,A4,155391,300,126
57,A4,155691,900,126
58,A#4,156591,300,126
58,A#4,156891,900,126
51,D#4,158091,300,126
51,D#4,158391,600,126
55,G4,158991,300,126
55,G4,159291,900,126
57,A4,160191,300,126
57,A4,160491,900,126
58,A#4,161391,300,126
58,A#4,161691,900,126
53,F4,162891,300,126
53,F4,163191,600,126
58,A#4,163791,300,126
58,A#4,164091,1499,126
58,A#4,166490,300,126
58,A#4,166790,300,126
60,C5,167090,600,126
58,A#4,167690,300,126
58,A#4,167990,600,126
57,A4,168590,300,126
57,A4,168890,900,126
55,G4,170090,300,126
55,G4,170390,600,126
54,F#4,170990,300,126
54,F#4,171290,900,126
50,D4,172490,300,126
50,D4,172790,600,126
55,G4,173390,300,126
55,G4,173690,900,126
57,A4,174590,600,126
57,A4,175190,600,126
58,A#4,175790,300,126
58,A#4,176090,900,126
51,D#4,177290,300,126
51,D#4,177590,600,126
55,G4,178190,300,126
55,G4,178490,600,126
57,A4,179090,600,126
57,A4,179690,600,126
58,A#4,180290,600,126
58,A#4,180890,900,126
53,F4,182090,300,126
53,F4,182390,600,126
58,A#4,182990,300,126
58,A#4,183290,600,126
60,C5,183890,600,126
60,C5,184490,900,126
58,A#4,185690,300,126
58,A#4,185990,300,126
60,C5,186290,900,126
58,A#4,187190,300,126
57,A4,187490,2100,126
58,A#4,190790,600,126
57,A4,191390,300,126
57,A4,191690,600,126
55,G4,192290,2100,126
58,A#4,194390,2100,126
60,C5,194390,2400,126
62,D5,196790,398,126
62,D5,197188,400,126
62,D5,197588,400,126
62,D5,197988,900,126
62,D5,198888,150,126
60,C5,199038,150,126
58,A#4,199188,150,126
55,G4,199338,600,126
53,F4,199938,150,126
50,D4,200088,300,126
55,G4,200388,300,126
57,A4,200688,300,126
58,A#4,200988,600,126
58,A#4,201588,600,126
58,A#4,203088,300,126
55,G4,203388,300,126
58,A#4,203688,600,126
60,C5,204288,900,126
55,G4,205488,300,126
58,A#4,205788,600,126
62,D5,206688,900,126
60,C5,207588,300,126
60,C5,207888,300,126
58,A#4,208188,300,126
60,C5,208488,300,126
58,A#4,208788,150,126
58,A#4,208938,749,126
58,A#4,209687,300,126
58,A#4,210587,600,126
58,A#4,211187,398,126
55,G4,211585,400,126
55,G4,211985,400,126
55,G4,212385,600,126
55,G4,213435,150,126
56,G#4,213585,398,126
56,G#4,213983,400,126
56,G#4,214383,400,126
56,G#4,214783,600,126
57,A4,215983,600,126
57,A4,216583,300,126
57,A4,216883,600,126
57,A4,217483,600,126
57,A4,218083,2100,126
57,A4,220783,600,126
57,A4,221383,300,126
57,A4,221683,600,126
57,A4,222283,900,126
58,A#4,223183,3600,126
47,B3,226783,600,126
44,G#3,227383,600,126
51,D#4,227383,600,126
56,G#4,227383,300,126
51,D#4,227683,300,126
47,B3,227683,300,126
56,G#4,227683,900,126
51,D#4,228583,900,126
47,B3,228583,900,126
58,A#4,228583,300,126
54,F#4,228883,300,126
49,C#4,228883,300,126
58,A#4,228883,900,126
54,F#4,229783,900,126
49,C#4,229783,900,126
59,B4,229783,300,126
56,G#4,230083,300,126
49,C#4,230083,300,126
56,G#4,230083,300,126
49,C#4,230383,300,126
59,B4,230383,300,126
61,C#5,230683,600,126
52,E4,231283,150,126
59,B4,231433,150,126
56,G#4,231433,150,126
44,G#3,231583,300,126
52,E4,231883,300,126
47,B3,231883,300,126
61,C#5,231883,300,126
59,B4,231883,300,126
52,E4,232183,300,126
47,B3,232483,300,126
56,G#4,232483,300,126
56,G#4,232483,900,126
52,E4,233383,900,126
47,B3,233383,900,126
58,A#4,233383,300,126
54,F#4,233683,300,126
49,C#4,233683,300,126
58,A#4,233683,900,126
54,F#4,234583,900,126
49,C#4,234583,900,126
59,B4,234583,300,126
56,G#4,234883,300,126
52,E4,234883,300,126
56,G#4,234883,1200,126
52,E4,236083,1200,126
59,B4,236083,1200,126
54,F#4,236083,300,126
54,F#4,236383,600,126
59,B4,236983,300,126
59,B4,237283,1499,126
59,B4,239682,300,126
59,B4,239982,300,126
61,C#5,240282,600,126
59,B4,240882,300,126
59,B4,241182,600,126
58,A#4,241782,300,126
58,A#4,242082,900,126
56,G#4,243282,300,126
56,G#4,243582,600,126
55,G4,244182,300,126
55,G4,244482,900,126
51,D#4,245682,300,126
51,D#4,245982,600,126
56,G#4,246582,300,126
56,G#4,246882,900,126
58,A#4,247782,600,126
58,A#4,248382,600,126
59,B4,248982,300,126
59,B4,249282,900,126
52,E4,250482,300,126
52,E4,250782,600,126
56,G#4,251382,300,126
56,G#4,251682,600,126
58,A#4,252282,600,126
58,A#4,252882,600,126
59,B4,253482,600,126
59,B4,254082,900,126
54,F#4,255282,300,126
54,F#4,255582,600,126
59,B4,256182,300,126
59,B4,256482,600,126
61,C#5,257082,600,126
61,C#5,257682,300,126
59,B4,257982,569,126
59,B4,258881,300,126
59,B4,259181,300,126
61,C#5,259481,600,126
63,D#5,260081,600,126
58,A#4,260681,2100,126
59,B4,263981,600,126
58,A#4,264581,300,126
58,A#4,264881,600,126
56,G#4,265481,2100,126
56,G#4,267581,900,126
51,D#4,268481,300,126
49,C#4,268781,150,126
51,D#4,268931,150,126
49,C#4,269081,150,126
47,B3,269231,150,126
44,G#3,269381,300,126
47,B3,269681,853,126
59,B4,274180,600,126
59,B4,274780,600,126
59,B4,276280,600,126
59,B4,276880,900,126
59,B4,278680,900,126
59,B4,279580,600,126
59,B4,280180,300,126
59,B4,280480,600,126
61,C#5,281080,600,126
59,B4,281680,600,126
58,A#4,282280,300,126
58,A#4,282580,600,126
56,G#4,283180,600,126
58,A#4,283780,600,126
59,B4,284380,600,126
59,B4,285880,600,126
59,B4,286480,900,126
59,B4,288280,900,126
59,B4,289180,300,126
56,G#4,289480,600,126
54,F#4,290080,900,126
59,B4,290980,300,126
59,B4,291280,300,126
59,B4,291580,600,126
58,A#4,292180,600,126
56,G#4,292780,600,126
58,A#4,293380,600,126
59,B4,293980,600,126
59,B4,295480,600,126
59,B4,296080,900,126
59,B4,297880,900,126
59,B4,298780,600,126
59,B4,299380,300,126
59,B4,299680,600,126
61,C#5,300280,600,126
59,B4,300880,600,126
58,A#4,301480,300,126
58,A#4,301780,600,126
56,G#4,302380,600,126
58,A#4,302980,600,126
59,B4,303580,600,126
59,B4,305080,600,126
59,B4,305680,900,126
59,B4,307480,900,126
59,B4,308380,300,126
56,G#4,308680,600,126
54,F#4,309280,900,126
59,B4,310180,300,126
59,B4,310480,300,126
59,B4,310780,600,126
58,A#4,311380,600,126
56,G#4,311980,600,126
58,A#4,312580,600,126
--end--
31,G2,0,600,126
38,D3,600,600,126
43,G3,600,300,126
43,G3,900,300,126
38,D3,1200,600,126
45,A3,1800,300,126
45,A3,2100,300,126
31,G2,2400,300,126
38,D3,2700,300,126
43,G3,3000,300,126
46,A#3,3300,300,126
46,A#3,3300,600,126
38,D3,3900,300,126
38,D3,4200,300,126
39,D#3,4500,300,126
31,G2,4800,600,126
43,G3,5400,300,126
43,G3,5700,300,126
39,D#3,6000,300,126
39,D#3,6300,300,126
45,A3,6600,300,126
45,A3,6900,300,126
31,G2,7200,300,126
39,D#3,7500,300,126
46,A#3,7800,300,126
46,A#3,8100,300,126
39,D#3,8400,300,126
31,G2,8700,300,126
39,D#3,9000,300,126
38,D3,9300,300,126
31,G2,9600,600,126
43,G3,10200,300,126
43,G3,10500,300,126
38,D3,10800,600,126
45,A3,11400,300,126
45,A3,11700,300,126
31,G2,12000,300,126
38,D3,12300,300,126
43,G3,12600,300,126
46,A#3,12900,300,126
46,A#3,12900,300,126
38,D3,13200,300,126
31,G2,13500,300,126
48,C4,13800,300,126
50,D4,14100,300,126
45,A3,14400,300,126
43,G3,14400,300,126
26,D2,14400,1200,126
43,G3,15600,1200,126
42,F#3,16800,1800,126
38,D3,18600,600,126
43,G3,19200,300,126
31,G2,19500,300,126
50,D4,19500,300,126
48,C4,19500,300,126
50,D4,19800,300,126
45,A3,20100,600,126
46,A#3,20700,300,126
31,G2,21000,300,126
50,D4,21300,300,126
33,A2,21600,300,126
41,F3,21900,300,126
50,D4,21900,300,126
48,C4,21900,300,126
48,C4,22200,600,126
41,F3,22800,300,126
29,F2,23100,300,126
26,D2,23400,300,126
46,A#3,23700,300,126
33,A2,23700,300,126
48,C4,24000,300,126
41,F3,24000,900,126
34,A#2,24900,900,126
50,D4,24900,900,126
50,D4,24900,300,126
50,D4,25200,600,126
41,F3,25800,600,126
34,A#2,25800,600,126
46,A#3,26400,600,126
41,F3,26400,600,126
31,G2,26400,1200,126
46,A#3,27600,1200,126
39,D#3,27600,1200,126
39,D#3,27600,300,126
46,A#3,27900,300,126
31,G2,27900,300,126
48,C4,28200,300,126
50,D4,28500,300,126
36,C3,28800,600,126
51,D#4,29400,600,126
43,G3,29400,600,126
51,D#4,29400,300,126
51,D#4,29700,600,126
43,G3,30300,600,126
50,D4,30300,300,126
41,F3,30600,300,126
36,C3,30600,300,126
48,C4,30900,600,126
39,D#3,31500,600,126
39,D#3,31500,300,126
44,G#3,31800,1200,126
46,A#3,33000,300,126
48,C4,33300,300,126
32,G#2,33600,300,126
50,D4,33600,600,126
45,A3,34200,600,126
43,G3,34200,600,126
51,D#4,34200,300,126
50,D4,34500,600,126
45,A3,35100,600,126
43,G3,35100,600,126
48,C4,35100,300,126
43,G3,35400,600,126
48,C4,36000,600,126
45,A3,36000,600,126
26,D2,36000,600,126
45,A3,36000,900,126
42,F#3,36900,900,126
26,D2,36900,900,126
26,D2,36900,300,126
27,D#2,37200,300,126
45,A3,37500,300,126
29,F2,37800,300,126
50,D4,38100,300,126
48,C4,38100,300,126
46,A#3,38400,600,126
31,G2,39000,600,126
43,G3,39000,600,126
50,D4,39000,600,126
50,D4,39000,600,126
50,D4,39600,600,126
31,G2,40200,300,126
46,A#3,40500,300,126
50,D4,40500,300,126
41,F3,40800,300,126
33,A2,40800,300,126
51,D#4,41100,600,126
48,C4,41700,600,126
48,C4,41700,300,126
45,A3,42000,300,126
41,F3,42000,600,126
31,G2,42600,300,126
46,A#3,42900,300,126
48,C4,42900,300,126
33,A2,43200,300,126
46,A#3,43200,600,126
34,A#2,43800,600,126
41,F3,43800,600,126
50,D4,43800,600,126
50,D4,43800,600,126
50,D4,44400,600,126
53,F4,45000,600,126
50,D4,45600,600,126
34,A#2,45600,600,126
46,A#3,45600,600,126
39,D#3,45600,900,126
31,G2,46500,900,126
46,A#3,46500,900,126
45,A3,46500,300,126
29,F2,46800,300,126
27,D#2,46800,300,126
43,G3,47100,300,126
48,C4,47400,300,126
38,D3,47700,300,126
50,D4,48000,300,126
51,D#4,48000,900,126
48,C4,48900,900,126
43,G3,48900,900,126
36,C3,48900,900,126
53,F4,48900,900,126
48,C4,49800,900,126
43,G3,49800,900,126
36,C3,49800,300,126
51,D#4,50100,300,126
50,D4,50100,300,126
48,C4,50400,300,126
39,D#3,50700,300,126
32,G#2,50700,300,126
34,A#2,50700,300,126
36,C3,51000,600,126
44,G#3,51600,600,126
44,G#3,51600,300,126
39,D#3,51900,300,126
46,A#3,51900,300,126
46,A#3,52200,300,126
24,C2,52500,300,126
26,D2,52800,600,126
50,D4,53400,600,126
45,A3,53400,600,126
43,G3,53400,600,126
50,D4,53400,300,126
43,G3,53700,900,126
50,D4,54600,900,126
45,A3,54600,900,126
26,D2,54600,300,126
50,D4,54900,300,126
50,D4,54900,300,126
45,A3,55200,300,126
43,G3,55200,300,126
26,D2,55200,600,126
50,D4,55800,300,126
50,D4,56100,300,126
48,C4,56400,300,126
24,C2,56700,300,126
46,A#3,57000,300,126
26,D2,57000,300,126
45,A3,57300,300,126
24,C2,57300,300,126
43,G3,57600,300,126
26,D2,57600,900,126
45,A3,58500,900,126
42,F#3,58500,900,126
50,D4,58500,300,126
45,A3,58800,600,126
42,F#3,59400,600,126
50,D4,59400,600,126
48,C4,59400,600,126
48,C4,60000,2100,126
45,A3,62100,2100,126
42,F#3,62100,2100,126
50,D4,62100,300,126
31,G2,62400,600,126
50,D4,63000,600,126
46,A#3,63000,600,126
43,G3,63000,600,126
55,G4,63000,300,126
50,D4,63300,300,126
46,A#3,63300,300,126
55,G4,63300,900,126
50,D4,64200,900,126
46,A#3,64200,900,126
31,G2,64200,300,126
57,A4,64500,300,126
53,F4,64500,300,126
48,C4,64500,300,126
57,A4,64500,300,126
53,F4,64800,300,126
48,C4,64800,300,126
31,G2,64800,600,126
55,G4,65400,300,126
50,D4,65700,300,126
58,A#4,65700,300,126
58,A#4,65700,600,126
55,G4,66300,600,126
50,D4,66300,600,126
26,D2,66300,300,126
31,G2,66600,300,126
29,F2,66900,300,126
51,D#4,67200,300,126
27,D#2,67200,600,126
51,D#4,67800,600,126
46,A#3,67800,600,126
43,G3,67800,600,126
55,G4,67800,300,126
51,D#4,68100,300,126
46,A#3,68100,300,126
55,G4,68100,900,126
51,D#4,69000,900,126
46,A#3,69000,900,126
27,D#2,69000,300,126
57,A4,69300,300,126
53,F4,69300,300,126
48,C4,69300,300,126
48,C4,69300,300,126
57,A4,69600,300,126
53,F4,69600,300,126
27,D#2,69600,600,126
58,A#4,70200,300,126
55,G4,70500,300,126
51,D#4,70500,300,126
58,A#4,70500,1200,126
55,G4,71700,1200,126
51,D#4,71700,1200,126
29,F2,71700,300,126
53,F4,72000,300,126
22,A#1,72000,600,126
53,F4,72600,600,126
50,D4,72600,600,126
46,A#3,72600,600,126
58,A#4,72600,300,126
53,F4,72900,300,126
50,D4,72900,300,126
58,A#4,72900,900,126
53,F4,73800,900,126
50,D4,73800,900,126
22,A#1,73800,300,126
53,F4,74100,300,126
51,D#4,74400,300,126
60,C5,74400,300,126
22,A#1,74400,900,126
60,C5,75300,900,126
53,F4,75300,900,126
51,D#4,75300,900,126
58,A#4,75300,300,126
53,F4,75600,300,126
50,D4,75900,300,126
58,A#4,75900,300,126
60,C5,75900,300,126
24,C2,76200,300,126
26,D2,76200,300,126
58,A#4,76500,300,126
27,D#2,76800,300,126
29,F2,76800,600,126
58,A#4,77400,600,126
53,F4,77400,600,126
48,C4,77400,600,126
57,A4,77400,300,126
57,A4,77700,900,126
53,F4,78600,900,126
48,C4,78600,900,126
29,F2,78600,300,126
55,G4,78900,300,126
55,G4,79200,600,126
50,D4,79800,600,126
48,C4,79800,600,126
26,D2,79800,600,126
54,F#4,79800,300,126
54,F#4,80100,600,126
48,C4,80700,600,126
45,A3,80700,600,126
26,D2,80700,600,126
26,D2,80700,300,126
26,D2,81000,300,126
50,D4,81300,300,126
31,G2,81600,600,126
50,D4,82200,600,126
46,A#3,82200,600,126
43,G3,82200,600,126
55,G4,82200,300,126
50,D4,82500,300,126
46,A#3,82500,300,126
55,G4,82500,900,126
50,D4,83400,900,126
46,A#3,83400,900,126
31,G2,83400,600,126
48,C4,84000,600,126
57,A4,84000,600,126
53,F4,84000,600,126
31,G2,84000,600,126
57,A4,84600,600,126
53,F4,84600,600,126
48,C4,84600,600,126
58,A#4,84600,300,126
55,G4,84900,300,126
50,D4,84900,300,126
58,A#4,84900,600,126
55,G4,85500,600,126
50,D4,85500,600,126
26,D2,85500,300,126
31,G2,85800,300,126
26,D2,86100,300,126
51,D#4,86400,300,126
27,D#2,86400,600,126
51,D#4,87000,600,126
46,A#3,87000,600,126
43,G3,87000,600,126
55,G4,87000,300,126
51,D#4,87300,300,126
46,A#3,87300,300,126
51,D#4,87300,600,126
46,A#3,87900,600,126
55,G4,87900,600,126
57,A4,87900,300,126
53,F4,88200,300,126
48,C4,88200,300,126
27,D#2,88200,300,126
57,A4,88500,300,126
53,F4,88800,300,126
48,C4,88800,300,126
27,D#2,88800,300,126
58,A#4,89100,600,126
55,G4,89700,600,126
51,D#4,89700,600,126
58,A#4,89700,600,126
55,G4,90300,600,126
51,D#4,90300,600,126
26,D2,90300,300,126
24,C2,90600,300,126
29,F2,90900,300,126
53,F4,91200,300,126
22,A#1,91200,600,126
53,F4,91800,600,126
50,D4,91800,600,126
46,A#3,91800,600,126
50,D4,91800,300,126
58,A#4,92100,300,126
53,F4,92100,300,126
58,A#4,92100,600,126
53,F4,92700,600,126
50,D4,92700,600,126
60,C5,92700,300,126
53,F4,93000,300,126
50,D4,93000,300,126
22,A#1,93000,300,126
60,C5,93300,300,126
53,F4,93600,300,126
50,D4,93600,300,126
22,A#1,93600,900,126
58,A#4,94500,300,126
53,F4,94800,300,126
50,D4,95100,300,126
58,A#4,95100,300,126
60,C5,95100,300,126
24,C2,95400,300,126
26,D2,95400,300,126
27,D#2,95700,300,126
48,C4,96000,300,126
58,A#4,96300,300,126
29,F2,96300,300,126
53,F4,96300,300,126
57,A4,96300,900,126
57,A4,97200,600,126
53,F4,97800,600,126
48,C4,97800,600,126
29,F2,97800,600,126
57,A4,98400,1200,126
53,F4,99600,1200,126
29,F2,99600,1200,126
48,C4,99600,1200,126
58,A#4,99600,600,126
50,D4,100200,600,126
57,A4,100200,600,126
48,C4,100800,600,126
30,F#2,100800,600,126
31,G2,100800,600,126
38,D3,101400,600,126
55,G4,101400,600,126
46,A#3,101400,600,126
43,G3,101400,300,126
43,G3,101700,300,126
38,D3,102000,600,126
45,A3,102600,300,126
45,A3,102900,300,126
31,G2,103200,600,126
38,D3,103800,600,126
46,A#3,103800,300,126
46,A#3,104100,900,126
38,D3,105000,300,126
39,D#3,105300,900,126
43,G3,106200,300,126
43,G3,106500,300,126
39,D#3,106800,600,126
45,A3,107400,300,126
45,A3,107700,300,126
43,G3,108000,300,126
31,G2,108300,300,126
29,F2,108300,300,126
41,F3,108600,300,126
27,D#2,108600,300,126
39,D#3,108900,300,126
33,A2,108900,300,126
45,A3,109200,300,126
34,A#2,109200,300,126
46,A#3,109500,300,126
36,C3,109500,300,126
48,C4,109800,300,126
53,F4,109800,300,126
50,D4,110100,300,126
38,D3,110100,300,126
29,F2,110100,300,126
43,G3,110400,300,126
31,G2,110700,300,126
50,D4,110700,300,126
48,C4,110700,300,126
50,D4,111000,300,126
45,A3,111300,600,126
46,A#3,111900,300,126
31,G2,112200,300,126
50,D4,112500,300,126
33,A2,112800,300,126
41,F3,113100,300,126
50,D4,113100,300,126
48,C4,113100,300,126
48,C4,113400,600,126
41,F3,114000,300,126
29,F2,114300,300,126
26,D2,114600,300,126
46,A#3,114900,300,126
33,A2,114900,300,126
48,C4,115200,300,126
34,A#2,115200,900,126
50,D4,116100,900,126
41,F3,116100,900,126
50,D4,116100,300,126
50,D4,116400,600,126
41,F3,117000,600,126
34,A#2,117000,600,126
46,A#3,117600,600,126
41,F3,117600,600,126
31,G2,117600,1200,126
46,A#3,118800,1200,126
39,D#3,118800,1200,126
39,D#3,118800,300,126
46,A#3,119100,300,126
31,G2,119100,300,126
48,C4,119400,300,126
50,D4,119700,300,126
36,C3,120000,600,126
51,D#4,120600,600,126
43,G3,120600,600,126
51,D#4,120600,300,126
51,D#4,120900,600,126
43,G3,121500,600,126
41,F3,121500,300,126
50,D4,121800,300,126
36,C3,121800,300,126
48,C4,122100,600,126
39,D#3,122700,600,126
39,D#3,122700,300,126
44,G#3,123000,1200,126
46,A#3,124200,300,126
48,C4,124500,300,126
32,G#2,124800,300,126
50,D4,124800,600,126
45,A3,125400,600,126
43,G3,125400,600,126
51,D#4,125400,300,126
50,D4,125700,600,126
45,A3,126300,600,126
43,G3,126300,600,126
48,C4,126300,300,126
43,G3,126600,600,126
48,C4,127200,600,126
45,A3,127200,600,126
26,D2,127200,600,126
45,A3,127200,900,126
42,F#3,128100,900,126
26,D2,128100,900,126
26,D2,128100,300,126
27,D#2,128400,300,126
45,A3,128700,300,126
29,F2,129000,300,126
50,D4,129300,300,126
48,C4,129300,300,126
46,A#3,129600,600,126
31,G2,130200,600,126
43,G3,130200,600,126
50,D4,130200,600,126
50,D4,130200,600,126
50,D4,130800,600,126
31,G2,131400,300,126
46,A#3,131700,300,126
50,D4,131700,300,126
41,F3,132000,300,126
33,A2,132000,300,126
51,D#4,132300,600,126
48,C4,132900,600,126
48,C4,132900,300,126
45,A3,133200,300,126
41,F3,133200,600,126
31,G2,133800,300,126
46,A#3,134100,300,126
33,A2,134100,300,126
48,C4,134400,300,126
46,A#3,134400,600,126
34,A#2,135000,600,126
41,F3,135000,600,126
50,D4,135000,600,126
50,D4,135000,600,126
50,D4,135600,600,126
53,F4,136200,600,126
50,D4,136800,600,126
34,A#2,136800,600,126
46,A#3,136800,600,126
39,D#3,136800,900,126
31,G2,137700,900,126
46,A#3,137700,900,126
45,A3,137700,300,126
29,F2,138000,300,126
27,D#2,138000,300,126
43,G3,138300,300,126
48,C4,138600,300,126
38,D3,138900,300,126
50,D4,139200,300,126
48,C4,139200,900,126
43,G3,140100,900,126
36,C3,140100,900,126
51,D#4,140100,900,126
53,F4,140100,900,126
48,C4,141000,900,126
43,G3,141000,900,126
36,C3,141000,300,126
51,D#4,141300,300,126
50,D4,141300,300,126
48,C4,141600,300,126
39,D#3,141900,300,126
32,G#2,141900,300,126
34,A#2,141900,300,126
36,C3,142200,600,126
44,G#3,142800,600,126
44,G#3,142800,300,126
39,D#3,143100,300,126
46,A#3,143100,300,126
46,A#3,143400,300,126
24,C2,143700,300,126
26,D2,144000,600,126
50,D4,144600,600,126
45,A3,144600,600,126
43,G3,144600,600,126
50,D4,144600,300,126
43,G3,144900,900,126
50,D4,145800,900,126
45,A3,145800,900,126
26,D2,145800,300,126
50,D4,146100,300,126
50,D4,146100,300,126
45,A3,146400,300,126
43,G3,146400,300,126
26,D2,146400,600,126
50,D4,147000,300,126
50,D4,147300,300,126
48,C4,147600,300,126
24,C2,147900,300,126
46,A#3,148200,300,126
26,D2,148200,300,126
45,A3,148500,300,126
24,C2,148500,300,126
43,G3,148800,300,126
26,D2,148800,900,126
45,A3,149700,900,126
42,F#3,149700,900,126
50,D4,149700,300,126
45,A3,150000,600,126
42,F#3,150600,600,126
50,D4,150600,600,126
48,C4,150600,600,126
48,C4,151200,2100,126
45,A3,153300,2100,126
42,F#3,153300,2100,126
50,D4,153300,300,126
31,G2,153600,600,126
50,D4,154200,600,126
46,A#3,154200,600,126
43,G3,154200,600,126
55,G4,154200,300,126
50,D4,154500,300,126
46,A#3,154500,300,126
55,G4,154500,900,126
50,D4,155400,900,126
46,A#3,155400,900,126
31,G2,155400,300,126
57,A4,155700,300,126
53,F4,155700,300,126
48,C4,155700,300,126
57,A4,155700,300,126
53,F4,156000,300,126
48,C4,156000,300,126
31,G2,156000,600,126
50,D4,156600,300,126
58,A#4,156900,300,126
55,G4,156900,300,126
58,A#4,156900,600,126
55,G4,157500,600,126
50,D4,157500,600,126
26,D2,157500,300,126
31,G2,157800,300,126
29,F2,158100,300,126
51,D#4,158400,300,126
27,D#2,158400,600,126
51,D#4,159000,600,126
46,A#3,159000,600,126
43,G3,159000,600,126
55,G4,159000,300,126
51,D#4,159300,300,126
46,A#3,159300,300,126
55,G4,159300,900,126
51,D#4,160200,900,126
46,A#3,160200,900,126
27,D#2,160200,300,126
57,A4,160500,300,126
53,F4,160500,300,126
48,C4,160500,300,126
57,A4,160500,300,126
53,F4,160800,300,126
48,C4,160800,300,126
27,D#2,160800,600,126
58,A#4,161400,300,126
55,G4,161700,300,126
51,D#4,161700,300,126
58,A#4,161700,1200,126
55,G4,162900,1200,126
51,D#4,162900,1200,126
29,F2,162900,300,126
53,F4,163200,300,126
22,A#1,163200,600,126
53,F4,163800,600,126
50,D4,163800,600,126
46,A#3,163800,600,126
58,A#4,163800,300,126
53,F4,164100,300,126
50,D4,164100,300,126
58,A#4,164100,900,126
53,F4,165000,900,126
50,D4,165000,900,126
22,A#1,165000,300,126
51,D#4,165300,300,126
60,C5,165600,300,126
53,F4,165600,300,126
22,A#1,165600,900,126
60,C5,166500,900,126
53,F4,166500,900,126
51,D#4,166500,900,126
58,A#4,166500,300,126
53,F4,166800,300,126
50,D4,167100,300,126
58,A#4,167100,300,126
60,C5,167100,300,126
24,C2,167400,300,126
26,D2,167400,300,126
58,A#4,167700,300,126
27,D#2,168000,300,126
29,F2,168000,600,126
58,A#4,168600,600,126
53,F4,168600,600,126
48,C4,168600,600,126
57,A4,168600,300,126
57,A4,168900,900,126
53,F4,169800,900,126
48,C4,169800,900,126
29,F2,169800,300,126
55,G4,170100,300,126
55,G4,170400,600,126
50,D4,171000,600,126
48,C4,171000,600,126
26,D2,171000,600,126
54,F#4,171000,300,126
54,F#4,171300,600,126
48,C4,171900,600,126
45,A3,171900,600,126
26,D2,171900,600,126
26,D2,171900,300,126
26,D2,172200,300,126
50,D4,172500,300,126
31,G2,172800,600,126
50,D4,173400,600,126
46,A#3,173400,600,126
43,G3,173400,600,126
55,G4,173400,300,126
50,D4,173700,300,126
46,A#3,173700,300,126
55,G4,173700,900,126
50,D4,174600,900,126
46,A#3,174600,900,126
48,C4,174600,600,126
57,A4,175200,600,126
53,F4,175200,600,126
31,G2,175200,600,126
31,G2,175200,600,126
57,A4,175800,600,126
53,F4,175800,600,126
48,C4,175800,600,126
58,A#4,175800,300,126
55,G4,176100,300,126
50,D4,176100,300,126
58,A#4,176100,600,126
55,G4,176700,600,126
50,D4,176700,600,126
26,D2,176700,300,126
31,G2,177000,300,126
26,D2,177300,300,126
51,D#4,177600,300,126
27,D#2,177600,600,126
51,D#4,178200,600,126
46,A#3,178200,600,126
43,G3,178200,600,126
55,G4,178200,300,126
51,D#4,178500,300,126
46,A#3,178500,300,126
46,A#3,178500,600,126
55,G4,179100,600,126
51,D#4,179100,600,126
57,A4,179100,300,126
53,F4,179400,300,126
48,C4,179400,300,126
27,D#2,179400,300,126
57,A4,179700,300,126
53,F4,180000,300,126
48,C4,180000,300,126
27,D#2,180000,300,126
58,A#4,180300,600,126
55,G4,180900,600,126
51,D#4,180900,600,126
58,A#4,180900,600,126
55,G4,181500,600,126
51,D#4,181500,600,126
26,D2,181500,300,126
24,C2,181800,300,126
29,F2,182100,300,126
53,F4,182400,300,126
53,F4,182400,600,126
50,D4,183000,600,126
46,A#3,183000,600,126
22,A#1,183000,600,126
58,A#4,183000,300,126
53,F4,183300,300,126
50,D4,183300,300,126
58,A#4,183300,600,126
53,F4,183900,600,126
50,D4,183900,600,126
60,C5,183900,300,126
53,F4,184200,300,126
50,D4,184200,300,126
22,A#1,184200,300,126
60,C5,184500,300,126
53,F4,184800,300,126
50,D4,184800,300,126
22,A#1,184800,900,126
58,A#4,185700,300,126
53,F4,186000,300,126
50,D4,186300,300,126
58,A#4,186300,300,126
60,C5,186300,300,126
24,C2,186600,300,126
26,D2,186600,300,126
27,D#2,186900,300,126
58,A#4,187200,300,126
29,F2,187500,300,126
53,F4,187500,300,126
48,C4,187500,300,126
57,A4,187500,900,126
57,A4,188400,600,126
53,F4,189000,600,126
48,C4,189000,600,126
29,F2,189000,600,126
57,A4,189600,1200,126
53,F4,190800,1200,126
29,F2,190800,1200,126
48,C4,190800,1200,126
50,D4,190800,600,126
46,A#3,191400,600,126
45,A3,191400,600,126
30,F#2,192000,600,126
43,G3,192000,150,126
45,A3,192150,150,126
43,G3,192300,150,126
45,A3,192450,150,126
43,G3,192600,150,126
45,A3,192750,150,126
43,G3,192900,150,126
45,A3,193050,150,126
43,G3,193200,150,126
45,A3,193350,150,126
43,G3,193500,150,126
45,A3,193650,150,126
43,G3,193800,150,126
31,G2,193950,150,126
45,A3,193950,150,126
43,G3,194100,150,126
45,A3,194250,150,126
43,G3,194400,150,126
31,G2,194550,150,126
45,A3,194550,150,126
43,G3,194700,150,126
45,A3,194850,150,126
43,G3,195000,150,126
45,A3,195150,150,126
43,G3,195300,150,126
45,A3,195450,150,126
43,G3,195600,150,126
45,A3,195750,150,126
43,G3,195900,150,126
45,A3,196050,150,126
43,G3,196200,150,126
45,A3,196350,150,126
43,G3,196500,150,126
31,G2,196650,150,126
45,A3,196650,150,126
43,G3,196800,150,126
31,G2,196950,150,126
45,A3,196950,150,126
43,G3,197100,150,126
45,A3,197250,150,126
43,G3,197400,150,126
45,A3,197550,150,126
43,G3,197700,150,126
45,A3,197850,150,126
43,G3,198000,150,126
45,A3,198150,150,126
43,G3,198300,150,126
45,A3,198450,150,126
43,G3,198600,150,126
31,G2,198750,150,126
45,A3,198750,150,126
43,G3,198900,150,126
45,A3,199050,150,126
43,G3,199200,300,126
31,G2,199500,300,126
46,A#3,199500,300,126
34,A#2,199800,300,126
33,A2,199800,300,126
48,C4,200100,300,126
29,F2,200100,300,126
50,D4,200400,300,126
31,G2,200400,300,126
50,D4,200700,300,126
55,G4,200700,300,126
57,A4,200700,300,126
26,D2,201000,600,126
58,A#4,201600,600,126
53,F4,201600,600,126
58,A#4,201600,1200,126
55,G4,202800,1200,126
51,D#4,202800,1200,126
48,C4,202800,1200,126
51,D#4,202800,300,126
48,C4,203100,300,126
55,G4,203100,300,126
58,A#4,203100,300,126
55,G4,203400,300,126
24,C2,203700,300,126
50,D4,203700,300,126
58,A#4,204000,300,126
55,G4,204000,300,126
26,D2,204000,300,126
60,C5,204300,900,126
26,D2,205200,300,126
48,C4,205500,300,126
54,F#4,205500,300,126
55,G4,205500,300,126
58,A#4,205800,600,126
58,A#4,206400,300,126
55,G4,206700,300,126
31,G2,206700,300,126
62,D5,206700,600,126
31,G2,207300,300,126
57,A4,207600,300,126
29,F2,207900,300,126
53,F4,207900,300,126
60,C5,207900,300,126
60,C5,207900,600,126
60,C5,208500,300,126
55,G4,208800,300,126
27,D#2,209100,300,126
51,D#4,209100,300,126
58,A#4,209100,300,126
58,A#4,209100,600,126
53,F4,209700,900,126
46,A#3,210600,900,126
26,D2,210600,900,126
58,A#4,210600,900,126
58,A#4,210600,600,126
53,F4,211200,600,126
26,D2,211200,600,126
46,A#3,211200,600,126
24,C2,211200,398,126
58,A#4,211598,398,126
55,G4,211598,398,126
51,D#4,211598,398,126
46,A#3,211598,398,126
55,G4,211598,400,126
51,D#4,211998,400,126
46,A#3,211998,400,126
55,G4,211998,400,126
51,D#4,212398,400,126
46,A#3,212398,400,126
55,G4,212398,398,126
46,A#3,212796,398,126
51,D#4,212796,398,126
48,C4,212796,201,126
36,C3,212997,199,126
50,D4,213196,400,126
24,C2,213596,398,126
56,G#4,213994,398,126
51,D#4,213994,398,126
48,C4,213994,398,126
56,G#4,213994,400,126
51,D#4,214394,400,126
48,C4,214394,400,126
56,G#4,214394,400,126
51,D#4,214794,400,126
48,C4,214794,400,126
56,G#4,214794,398,126
48,C4,215192,398,126
51,D#4,215192,398,126
53,F4,215192,201,126
24,C2,215393,199,126
51,D#4,215592,400,126
26,D2,215992,600,126
57,A4,216592,600,126
55,G4,216592,600,126
50,D4,216592,600,126
57,A4,216592,300,126
55,G4,216892,600,126
50,D4,217492,600,126
57,A4,217492,600,126
57,A4,217492,300,126
55,G4,217792,300,126
50,D4,217792,300,126
24,C2,217792,300,126
26,D2,217792,300,126
57,A4,218092,300,126
55,G4,218392,300,126
50,D4,218392,300,126
24,C2,218392,300,126
26,D2,218392,900,126
55,G4,219292,600,126
50,D4,219892,600,126
45,A3,219892,600,126
24,C2,219892,300,126
54,F#4,220192,300,126
26,D2,220192,300,126
50,D4,220492,300,126
24,C2,220492,300,126
45,A3,220792,300,126
26,D2,220792,600,126
57,A4,221392,600,126
55,G4,221392,600,126
50,D4,221392,600,126
57,A4,221392,300,126
57,A4,221692,600,126
55,G4,222292,600,126
50,D4,222292,600,126
57,A4,222292,300,126
55,G4,222592,300,126
50,D4,222592,300,126
26,D2,222592,300,126
26,D2,222592,300,126
26,D2,222892,300,126
58,A#4,223192,1200,126
56,G#4,224392,1200,126
27,D#2,224392,1200,126
51,D#4,224392,1200,126
58,A#4,224392,398,126
55,G4,224790,398,126
39,D#3,224790,398,126
51,D#4,224790,398,126
58,A#4,224790,400,126
53,F4,225190,400,126
34,A#2,225190,400,126
51,D#4,225190,400,126
39,D#3,225190,1600,126
51,D#4,226790,1600,126
58,A#4,226790,1600,126
55,G4,226790,1600,126
32,G#2,226790,600,126
59,B4,227390,600,126
56,G#4,227390,600,126
51,D#4,227390,600,126
56,G#4,227390,300,126
51,D#4,227690,300,126
47,B3,227690,300,126
56,G#4,227690,600,126
51,D#4,228290,600,126
47,B3,228290,600,126
30,F#2,228290,300,126
58,A#4,228590,300,126
54,F#4,228890,300,126
32,G#2,228890,300,126
49,C#4,228890,300,126
58,A#4,228890,300,126
54,F#4,229190,300,126
49,C#4,229190,300,126
30,F#2,229190,300,126
32,G#2,229190,300,126
32,G#2,229490,300,126
56,G#4,229790,300,126
51,D#4,230090,300,126
59,B4,230090,300,126
59,B4,230090,600,126
56,G#4,230690,600,126
51,D#4,230690,600,126
30,F#2,230690,300,126
32,G#2,230990,300,126
30,F#2,231290,300,126
52,E4,231590,300,126
28,E2,231590,600,126
52,E4,232190,600,126
47,B3,232190,600,126
44,G#3,232190,600,126
56,G#4,232190,300,126
52,E4,232490,300,126
47,B3,232490,300,126
56,G#4,232490,600,126
52,E4,233090,600,126
47,B3,233090,600,126
27,D#2,233090,300,126
58,A#4,233390,300,126
54,F#4,233690,300,126
28,E2,233690,300,126
49,C#4,233690,300,126
58,A#4,233690,300,126
54,F#4,233990,300,126
49,C#4,233990,300,126
27,D#2,233990,300,126
28,E2,233990,300,126
28,E2,234290,300,126
59,B4,234590,300,126
56,G#4,234890,300,126
52,E4,234890,300,126
59,B4,234890,600,126
56,G#4,235490,600,126
52,E4,235490,600,126
27,D#2,235490,300,126
25,C#2,235790,300,126
54,F#4,236090,300,126
23,B1,236390,600,126
54,F#4,236990,600,126
51,D#4,236990,600,126
47,B3,236990,600,126
59,B4,236990,300,126
54,F#4,237290,300,126
51,D#4,237290,300,126
59,B4,237290,600,126
54,F#4,237890,600,126
51,D#4,237890,600,126
23,B1,237890,300,126
61,C#5,238490,300,126
54,F#4,238790,300,126
52,E4,238790,300,126
61,C#5,238790,300,126
54,F#4,239090,300,126
52,E4,239090,300,126
23,B1,239090,300,126
23,B1,239090,600,126
59,B4,239690,300,126
54,F#4,239990,300,126
51,D#4,240290,300,126
59,B4,240290,300,126
61,C#5,240290,300,126
25,C#2,240590,300,126
27,D#2,240590,300,126
59,B4,240890,300,126
28,E2,241190,300,126
30,F#2,241190,600,126
59,B4,241790,600,126
54,F#4,241790,600,126
49,C#4,241790,600,126
58,A#4,241790,300,126
58,A#4,242090,600,126
54,F#4,242690,600,126
49,C#4,242690,600,126
30,F#2,242690,300,126
22,A#1,242990,300,126
25,C#2,243290,300,126
56,G#4,243590,300,126
56,G#4,243590,300,126
51,D#4,243890,300,126
49,C#4,243890,300,126
27,D#2,243890,300,126
27,D#2,243890,300,126
55,G4,244190,300,126
55,G4,244490,300,126
49,C#4,244790,300,126
46,A#3,244790,300,126
27,D#2,244790,600,126
27,D#2,245390,300,126
51,D#4,245690,300,126
32,G#2,245990,600,126
51,D#4,246590,600,126
47,B3,246590,600,126
44,G#3,246590,600,126
51,D#4,246590,300,126
47,B3,246890,300,126
56,G#4,246890,300,126
56,G#4,246890,600,126
51,D#4,247490,600,126
47,B3,247490,600,126
32,G#2,247490,300,126
58,A#4,247790,600,126
54,F#4,248390,600,126
32,G#2,248390,600,126
49,C#4,248390,600,126
58,A#4,248390,300,126
54,F#4,248690,300,126
49,C#4,248690,300,126
32,G#2,248690,300,126
32,G#2,248690,300,126
59,B4,248990,300,126
56,G#4,249290,300,126
51,D#4,249290,300,126
59,B4,249290,600,126
56,G#4,249890,600,126
51,D#4,249890,600,126
32,G#2,249890,300,126
30,F#2,250190,300,126
52,E4,250490,300,126
28,E2,250790,600,126
52,E4,251390,600,126
47,B3,251390,600,126
44,G#3,251390,600,126
56,G#4,251390,300,126
52,E4,251690,300,126
47,B3,251690,300,126
56,G#4,251690,600,126
52,E4,252290,600,126
47,B3,252290,600,126
58,A#4,252290,300,126
54,F#4,252590,300,126
49,C#4,252590,300,126
40,E3,252590,300,126
58,A#4,252890,300,126
54,F#4,253190,300,126
49,C#4,253190,300,126
47,B3,253190,300,126
59,B4,253490,150,126
56,G#4,253640,150,126
52,E4,253640,150,126
46,A#3,253640,150,126
44,G#3,253640,150,126
42,F#3,253790,300,126
59,B4,254090,300,126
56,G#4,254390,300,126
52,E4,254390,300,126
40,E3,254390,300,126
37,C#3,254390,300,126
35,B2,254690,150,126
32,G#2,254840,150,126
30,F#2,254990,300,126
54,F#4,255290,300,126
23,B1,255590,600,126
54,F#4,256190,600,126
51,D#4,256190,600,126
47,B3,256190,600,126
59,B4,256190,300,126
54,F#4,256490,300,126
51,D#4,256490,300,126
59,B4,256490,600,126
54,F#4,257090,600,126
51,D#4,257090,600,126
61,C#5,257090,300,126
54,F#4,257390,300,126
52,E4,257390,300,126
23,B1,257390,300,126
52,E4,257690,300,126
61,C#5,257990,300,126
54,F#4,257990,300,126
59,B4,257990,900,126
54,F#4,258890,900,126
51,D#4,258890,900,126
23,B1,258890,900,126
59,B4,258890,300,126
54,F#4,259190,300,126
51,D#4,259490,300,126
59,B4,259490,300,126
23,B1,259490,300,126
61,C#5,259490,600,126
59,B4,260090,300,126
54,F#4,260390,300,126
63,D#5,260390,300,126
23,B1,260390,300,126
30,F#2,260390,300,126
58,A#4,260690,900,126
54,F#4,261590,900,126
49,C#4,261590,900,126
58,A#4,261590,600,126
54,F#4,262190,600,126
49,C#4,262190,600,126
30,F#2,262190,600,126
58,A#4,262790,1200,126
54,F#4,263990,1200,126
30,F#2,263990,1200,126
49,C#4,263990,1200,126
59,B4,263990,600,126
51,D#4,264590,600,126
58,A#4,264590,600,126
49,C#4,265190,600,126
31,G2,265190,600,126
32,G#2,265190,600,126
39,D#3,265790,600,126
56,G#4,265790,600,126
47,B3,265790,600,126
44,G#3,265790,300,126
44,G#3,266090,300,126
39,D#3,266390,600,126
46,A#3,266990,300,126
46,A#3,267290,300,126
32,G#2,267590,600,126
39,D#3,268190,600,126
47,B3,268190,300,126
47,B3,268490,900,126
39,D#3,269390,300,126
40,E3,269690,300,126
32,G#2,269990,600,126
44,G#3,270590,300,126
44,G#3,270890,300,126
40,E3,271190,300,126
46,A#3,271490,300,126
47,B3,271790,300,126
49,C#4,272090,300,126
51,D#4,272390,300,126
46,A#3,272690,300,126
44,G#3,272690,300,126
51,D#4,272690,1499,126
46,A#3,274189,1499,126
44,G#3,274189,1499,126
39,D#3,274189,1499,126
27,D#2,274189,1499,126
59,B4,274189,600,126
56,G#4,274789,600,126
51,D#4,274789,600,126
32,G#2,274789,600,126
59,B4,275389,600,126
56,G#4,275389,600,126
51,D#4,275389,600,126
59,B4,275389,300,126
51,D#4,275689,300,126
51,D#4,275689,600,126
56,G#4,276289,600,126
59,B4,276289,300,126
56,G#4,276589,300,126
51,D#4,276589,300,126
32,G#2,276589,300,126
59,B4,276889,300,126
56,G#4,277189,300,126
52,E4,277189,300,126
28,E2,277189,600,126
59,B4,277789,300,126
52,E4,278089,300,126
56,G#4,278089,600,126
52,E4,278689,600,126
59,B4,278689,300,126
56,G#4,278989,300,126
52,E4,278989,300,126
28,E2,278989,600,126
35,B2,279589,600,126
59,B4,280189,600,126
54,F#4,280189,600,126
51,D#4,280189,600,126
59,B4,280189,300,126
54,F#4,280489,300,126
51,D#4,280489,300,126
59,B4,280489,600,126
54,F#4,281089,600,126
51,D#4,281089,600,126
61,C#5,281089,300,126
54,F#4,281389,300,126
51,D#4,281389,300,126
35,B2,281389,300,126
59,B4,281689,600,126
54,F#4,282289,600,126
49,C#4,282289,600,126
58,A#4,282289,300,126
58,A#4,282589,600,126
54,F#4,283189,600,126
49,C#4,283189,600,126
56,G#4,283189,600,126
54,F#4,283789,600,126
49,C#4,283789,600,126
58,A#4,283789,600,126
54,F#4,284389,600,126
49,C#4,284389,600,126
30,F#2,284389,600,126
56,G#4,284389,600,126
51,D#4,284989,600,126
32,G#2,284989,600,126
59,B4,284989,600,126
59,B4,284989,300,126
51,D#4,285289,300,126
56,G#4,285289,600,126
51,D#4,285889,600,126
59,B4,285889,300,126
56,G#4,286189,300,126
51,D#4,286189,300,126
32,G#2,286189,300,126
59,B4,286489,300,126
56,G#4,286789,300,126
52,E4,286789,300,126
28,E2,286789,600,126
59,B4,287389,300,126
52,E4,287689,300,126
56,G#4,287689,600,126
52,E4,288289,600,126
59,B4,288289,300,126
56,G#4,288589,300,126
52,E4,288589,300,126
28,E2,288589,600,126
54,F#4,289189,300,126
51,D#4,289489,300,126
35,B2,289489,300,126
59,B4,289489,300,126
56,G#4,289489,600,126
52,E4,290089,600,126
47,B3,290089,600,126
54,F#4,290089,900,126
51,D#4,290989,900,126
47,B3,290989,900,126
35,B2,290989,300,126
59,B4,291289,300,126
54,F#4,291289,300,126
51,D#4,291289,300,126
59,B4,291289,300,126
54,F#4,291589,300,126
51,D#4,291589,300,126
30,F#2,291589,600,126
59,B4,292189,600,126
54,F#4,292189,600,126
49,C#4,292189,600,126
58,A#4,292189,600,126
54,F#4,292789,600,126
49,C#4,292789,600,126
54,F#4,292789,600,126
49,C#4,293389,600,126
56,G#4,293389,600,126
58,A#4,293389,600,126
51,D#4,293989,600,126
31,G2,293989,600,126
49,C#4,293989,600,126
32,G#2,293989,600,126
59,B4,294589,600,126
56,G#4,294589,600,126
51,D#4,294589,600,126
59,B4,294589,300,126
51,D#4,294889,300,126
56,G#4,294889,600,126
51,D#4,295489,600,126
59,B4,295489,300,126
56,G#4,295789,300,126
51,D#4,295789,300,126
32,G#2,295789,300,126
59,B4,296089,300,126
56,G#4,296389,300,126
52,E4,296389,300,126
28,E2,296389,600,126
59,B4,296989,300,126
52,E4,297289,300,126
56,G#4,297289,600,126
52,E4,297889,600,126
59,B4,297889,300,126
56,G#4,298189,300,126
52,E4,298189,300,126
28,E2,298189,600,126
35,B2,298789,600,126
59,B4,299389,600,126
54,F#4,299389,600,126
51,D#4,299389,600,126
59,B4,299389,300,126
54,F#4,299689,300,126
51,D#4,299689,300,126
59,B4,299689,600,126
54,F#4,300289,600,126
51,D#4,300289,600,126
61,C#5,300289,300,126
54,F#4,300589,300,126
51,D#4,300589,300,126
35,B2,300589,300,126
59,B4,300889,300,126
54,F#4,301189,300,126
49,C#4,301189,300,126
30,F#2,301189,300,126
58,A#4,301489,300,126
49,C#4,301789,600,126
58,A#4,302389,600,126
54,F#4,302389,600,126
56,G#4,302389,600,126
54,F#4,302989,600,126
49,C#4,302989,600,126
58,A#4,302989,600,126
54,F#4,303589,600,126
30,F#2,303589,600,126
49,C#4,303589,600,126
32,G#2,303589,600,126
59,B4,304189,600,126
56,G#4,304189,600,126
51,D#4,304189,600,126
59,B4,304189,300,126
51,D#4,304489,300,126
56,G#4,304489,600,126
51,D#4,305089,600,126
59,B4,305089,300,126
56,G#4,305389,300,126
51,D#4,305389,300,126
32,G#2,305389,300,126
56,G#4,305689,300,126
52,E4,305989,300,126
59,B4,305989,300,126
28,E2,305989,600,126
59,B4,306589,300,126
52,E4,306889,300,126
56,G#4,306889,600,126
52,E4,307489,600,126
59,B4,307489,300,126
56,G#4,307789,300,126
52,E4,307789,300,126
28,E2,307789,600,126
35,B2,308389,300,126
59,B4,308689,300,126
54,F#4,308689,300,126
51,D#4,308689,300,126
56,G#4,308689,600,126
52,E4,309289,600,126
47,B3,309289,600,126
54,F#4,309289,900,126
51,D#4,310189,900,126
47,B3,310189,900,126
35,B2,310189,300,126
59,B4,310489,300,126
54,F#4,310489,300,126
51,D#4,310489,300,126
51,D#4,310489,300,126
59,B4,310789,300,126
54,F#4,310789,300,126
30,F#2,310789,600,126
59,B4,311389,600,126
54,F#4,311389,600,126
49,C#4,311389,600,126
58,A#4,311389,600,126
54,F#4,311989,600,126
49,C#4,311989,600,126
56,G#4,311989,600,126
54,F#4,312589,600,126
49,C#4,312589,600,126
58,A#4,312589,600,126
51,D#4,313189,600,126
31,G2,313189,600,126
49,C#4,313189,600,126