62,D5,15454,409,126
55,G4,15908,227,126
57,A4,16135,1454,126
57,A4,17725,227,126
59,B4,17952,227,126
60,C5,18179,409,126
59,B4,18633,227,126
60,C5,18860,636,126
62,D5,19541,409,126
59,B4,19995,1636,126
59,B4,22721,409,126
52,E4,23175,227,126
57,A4,23402,1454,126
52,E4,24992,227,126
54,F#4,25219,227,126
55,G4,25446,409,126
54,F#4,25900,227,126
55,G4,26127,636,126
57,A4,26808,409,126
57,A4,27262,818,126
62,D5,29989,409,126
55,G4,30443,227,126
57,A4,30670,1454,126
57,A4,32260,227,126
59,B4,32487,227,126
60,C5,32714,409,126
59,B4,33168,227,126
60,C5,33395,636,126
62,D5,34076,409,126
62,D5,34530,227,126
60,C5,34757,227,126
59,B4,34984,1272,126
59,B4,37255,409,126
64,E5,37709,227,126
59,B4,37936,227,126
57,A4,38163,1227,126
52,E4,39526,227,126
54,F#4,39753,227,126
55,G4,39980,409,126
54,F#4,40434,227,126
55,G4,40661,636,126
57,A4,41342,409,126
57,A4,41796,1636,126
55,G4,44522,409,126
57,A4,44976,409,126
59,B4,45430,409,126
62,D5,45884,409,126
62,D5,46338,613,126
64,E5,47019,227,126
62,D5,47246,409,126
64,E5,47700,409,126
60,C5,48154,227,126
62,D5,48381,613,126
62,D5,49062,227,126
60,C5,49289,227,126
59,B4,49516,863,126
64,E5,50424,227,126
66,F#5,50651,227,126
67,G5,50878,409,126
66,F#5,51332,227,126
67,G5,51559,636,126
59,B4,52240,409,126
57,A4,52694,409,126
64,E5,53148,227,126
64,E5,53375,840,126
64,E5,54283,227,126
64,E5,54510,409,126
64,E5,54964,227,126
64,E5,55191,636,126
62,D5,55872,409,126
62,D5,56326,1636,126
50,D4,60416,409,126
55,G4,60870,409,126
62,D5,61324,409,126
60,C5,61778,409,126
59,B4,62232,227,126
60,C5,62459,454,126
64,E5,62913,613,126
62,D5,63594,818,126
55,G4,64502,409,126
67,G5,64956,409,126
66,F#5,65410,818,126
64,E5,66318,818,126
62,D5,67226,409,126
64,E5,67680,409,126
60,C5,68134,409,126
59,B4,68588,227,126
60,C5,68815,454,126
52,E4,69269,613,126
54,F#4,69950,409,126
55,G4,70404,409,126
60,C5,70858,409,126
62,D5,71312,409,126
64,E5,71766,409,126
62,D5,72220,227,126
59,B4,72447,636,126
57,A4,73128,1227,126
50,D4,74945,409,126
55,G4,75399,409,126
62,D5,75853,409,126
60,C5,76307,409,126
59,B4,76761,227,126
60,C5,76988,454,126
64,E5,77442,613,126
62,D5,78123,818,126
62,D5,79713,227,126
63,D#5,79940,409,126
63,D#5,80394,227,126
64,E5,80621,636,126
66,F#5,81302,409,126
66,F#5,81756,409,126
67,G5,82210,227,126
67,G5,82437,1045,126
67,G5,84254,227,126
66,F#5,84481,409,126
67,G5,84935,409,126
66,F#5,85389,409,126
64,E5,85843,227,126
64,E5,86070,1863,126
64,E5,89023,409,126
59,B4,89477,409,126
57,A4,89931,409,126
55,G4,90385,409,126
62,D5,90839,1522,126
59,B4,92429,227,126
60,C5,92656,409,126
59,B4,93110,409,126
52,E4,93564,409,126
53,F4,94018,409,126
54,F#4,94472,818,126
59,B4,95380,818,126
55,G4,96288,818,126
64,E5,97878,227,126
64,E5,98105,409,126
64,E5,98559,227,126
66,F#5,98786,636,126
64,E5,99467,409,126
63,D#5,99921,409,126
63,D#5,100375,227,126
64,E5,100602,636,126
66,F#5,101283,681,126
64,E5,101964,227,126
63,D#5,102191,863,126
59,B4,104008,409,126
64,E5,104462,409,126
67,G5,104916,409,126
66,F#5,105370,409,126
62,D5,105824,227,126
62,D5,106051,636,126
59,B4,106732,227,126
64,E5,106959,1749,126
64,E5,108776,227,126
64,E5,109003,409,126
65,F5,109457,227,126
64,E5,109684,636,126
62,D5,110365,409,126
60,C5,110819,818,126
64,E5,111727,409,126
62,D5,112181,1272,126
62,D5,114225,227,126
63,D#5,114452,409,126
63,D#5,114906,227,126
64,E5,115133,636,126
66,F#5,115814,409,126
66,F#5,116268,409,126
67,G5,116722,227,126
67,G5,116949,1045,126
55,G4,118766,227,126
67,G5,118993,409,126
65,F5,119447,227,126
65,F5,119674,636,126
63,D#5,120355,227,126
62,D5,120582,636,126
60,C5,121263,227,126
62,D5,121490,1863,126
50,D4,125807,409,126
55,G4,126261,409,126
62,D5,126715,409,126
60,C5,127169,409,126
59,B4,127623,227,126
60,C5,127850,454,126
64,E5,128304,613,126
62,D5,128985,818,126
55,G4,129893,409,126
67,G5,130347,409,126
66,F#5,130801,818,126
64,E5,131709,818,126
62,D5,132617,409,126
64,E5,133071,409,126
60,C5,133525,409,126
59,B4,133979,227,126
60,C5,134206,454,126
52,E4,134660,613,126
54,F#4,135341,409,126
55,G4,135795,409,126
60,C5,136249,409,126
62,D5,136703,409,126
64,E5,137157,409,126
62,D5,137611,227,126
59,B4,137838,636,126
57,A4,138519,1227,126
50,D4,140336,409,126
55,G4,140790,409,126
62,D5,141244,409,126
60,C5,141698,409,126
59,B4,142152,227,126
60,C5,142379,454,126
64,E5,142833,613,126
62,D5,143514,818,126
62,D5,145104,227,126
63,D#5,145331,409,126
63,D#5,145785,227,126
64,E5,146012,636,126
66,F#5,146693,409,126
66,F#5,147147,409,126
67,G5,147601,227,126
67,G5,147828,1045,126
67,G5,149645,227,126
66,F#5,149872,409,126
67,G5,150326,409,126
66,F#5,150780,409,126
64,E5,151234,227,126
64,E5,151461,1863,126
64,E5,154414,409,126
59,B4,154868,409,126
57,A4,155322,409,126
55,G4,155776,409,126
62,D5,156230,1522,126
59,B4,157820,227,126
60,C5,158047,409,126
59,B4,158501,409,126
52,E4,158955,409,126
53,F4,159409,409,126
54,F#4,159863,818,126
59,B4,160771,818,126
55,G4,161679,1636,126
59,B4,168724,227,126
60,C5,168951,409,126
59,B4,169405,409,126
52,E4,169859,409,126
53,F4,170313,409,126
54,F#4,170767,818,126
59,B4,171675,818,126
55,G4,172583,3272,126
--end--
71,B5,0,454,126
67,G5,454,454,126
76,E6,454,454,126
71,B5,454,409,126
69,A5,908,409,126
67,G5,1362,409,126
74,D6,1816,1636,126
72,C6,3633,409,126
71,B5,4087,409,126
64,E5,4541,409,126
65,F5,4995,409,126
66,F#5,5449,818,126
71,B5,6357,818,126
59,B4,7265,1818,126
67,G5,9083,1818,126
60,C5,9083,909,126
55,G4,9992,909,126
52,E4,9992,909,126
62,D5,9992,454,126
54,F#4,10446,454,126
50,D4,10446,409,126
59,B4,10900,818,126
60,C5,11808,409,126
62,D5,12262,409,126
60,C5,12716,1818,126
55,G4,14534,1818,126
52,E4,14534,1818,126
50,D4,14534,1818,126
59,B4,16352,1818,126
57,A4,16352,1818,126
54,F#4,18170,1818,126
50,D4,18170,1818,126
52,E4,18170,1818,126
60,C5,19988,1818,126
59,B4,19988,818,126
59,B4,20896,454,126
51,D#4,21350,454,126
57,A4,21350,454,126
55,G4,21804,818,126
59,B4,22712,818,126
57,A4,23620,1363,126
49,C#4,24983,1363,126
52,E4,24983,227,126
54,F#4,25210,227,126
55,G4,25437,1818,126
51,D#4,27255,1818,126
57,A4,27255,1227,126
48,C4,28618,409,126
47,B3,29072,1636,126
57,A4,30889,1363,126
54,F#4,32252,1363,126
50,D4,32252,1363,126
57,A4,32252,227,126
59,B4,32479,227,126
52,E4,32706,909,126
60,C5,33615,909,126
62,D5,33615,818,126
59,B4,34523,909,126
50,D4,35432,909,126
59,B4,35432,227,126
51,D#4,35659,227,126
54,F#4,35886,227,126
57,A4,36113,227,126
55,G4,36340,1818,126
47,B3,38158,1818,126
57,A4,38158,1818,126
49,C#4,39976,1818,126
55,G4,39976,909,126
51,D#4,40885,909,126
55,G4,40885,909,126
51,D#4,41794,909,126
57,A4,41794,1818,126
52,E4,43612,1818,126
55,G4,43612,1818,126
50,D4,45430,1818,126
59,B4,45430,909,126
50,D4,46339,909,126
62,D5,46339,818,126
62,D5,47247,909,126
55,G4,48156,909,126
52,E4,48156,909,126
60,C5,48156,909,126
55,G4,49065,909,126
52,E4,49065,909,126
59,B4,49065,1363,126
50,D4,50428,1363,126
64,E5,50428,227,126
66,F#5,50655,227,126
59,B4,50882,909,126
67,G5,51791,909,126
59,B4,51791,909,126
67,G5,52700,909,126
57,A4,52700,1818,126
64,E5,54518,1818,126
60,C5,54518,1818,126
55,G4,56336,1818,126
64,E5,56336,1818,126
62,D5,56336,1647,126
57,A4,57983,1647,126
55,G4,57983,1647,126
57,A4,57983,41,126
62,D5,58024,43,126
64,E5,58067,41,126
69,A5,58108,1636,126
59,B4,59969,454,126
50,D4,60423,454,126
50,D4,60423,409,126
55,G4,60877,409,126
62,D5,61331,409,126
60,C5,61785,909,126
55,G4,62694,909,126
52,E4,62694,909,126
60,C5,62694,909,126
55,G4,63603,909,126
52,E4,63603,909,126
55,G4,63603,909,126
62,D5,64512,909,126
55,G4,64512,409,126
67,G5,64966,409,126
59,B4,65420,909,126
56,G#4,66329,909,126
66,F#5,66329,909,126
59,B4,66329,909,126
56,G#4,67238,909,126
64,E5,67238,909,126
59,B4,67238,454,126
55,G4,67692,454,126
62,D5,67692,454,126
64,E5,67692,409,126
60,C5,68146,409,126
59,B4,68600,409,126
60,C5,69054,909,126
56,G#4,69963,909,126
52,E4,69963,909,126
60,C5,69963,909,126
56,G#4,70872,909,126
52,E4,70872,909,126
60,C5,70872,909,126
55,G4,71781,909,126
52,E4,71781,909,126
60,C5,71781,909,126
55,G4,72690,909,126
52,E4,72690,909,126
57,A4,72690,909,126
55,G4,73599,909,126
50,D4,73599,909,126
54,F#4,73599,454,126
50,D4,74053,454,126
52,E4,74053,409,126
50,D4,74507,818,126
55,G4,75415,409,126
62,D5,75869,409,126
60,C5,76323,909,126
55,G4,77232,909,126
52,E4,77232,909,126
60,C5,77232,909,126
55,G4,78141,909,126
52,E4,78141,909,126
62,D5,78141,909,126
57,A4,79050,909,126
50,D4,79050,909,126
62,D5,79050,909,126
57,A4,79959,909,126
50,D4,79959,909,126
63,D#5,79959,909,126
59,B4,80868,909,126
54,F#4,80868,909,126
63,D#5,80868,909,126
59,B4,81777,909,126
54,F#4,81777,909,126
59,B4,81777,909,126
66,F#5,82686,909,126
59,B4,82686,1818,126
67,G5,84504,1818,126
59,B4,84504,454,126
66,F#5,84958,454,126
67,G5,84958,409,126
57,A4,85412,909,126
66,F#5,86321,909,126
64,E5,86321,409,126
57,A4,86775,409,126
69,A5,87229,1636,126
59,B4,89046,909,126
55,G4,89955,909,126
64,E5,89955,909,126
59,B4,89955,909,126
55,G4,90864,909,126
64,E5,90864,909,126
57,A4,90864,909,126
62,D5,91773,909,126
57,A4,91773,909,126
62,D5,92682,909,126
60,C5,92682,909,126
55,G4,93591,909,126
52,E4,93591,909,126
52,E4,93591,909,126
60,C5,94500,909,126
55,G4,94500,909,126
54,F#4,94500,909,126
48,C4,95409,909,126
59,B4,95409,909,126
54,F#4,96318,909,126
50,D4,96318,909,126
55,G4,96318,909,126
52,E4,97227,909,126
50,D4,97227,909,126
55,G4,97227,909,126
52,E4,98136,909,126
50,D4,98136,909,126
55,G4,98136,909,126
64,E5,99045,909,126
60,C5,99045,909,126
55,G4,99954,909,126
64,E5,99954,909,126
63,D#5,99954,909,126
59,B4,100863,909,126
54,F#4,100863,909,126
59,B4,100863,909,126
54,F#4,101772,909,126
63,D#5,101772,909,126
59,B4,101772,681,126
54,F#4,102453,681,126
63,D#5,102453,681,126
64,E5,102453,681,126
59,B4,103134,681,126
59,B4,103134,454,126
67,G5,103588,454,126
64,E5,103588,909,126
59,B4,104497,909,126
67,G5,104497,909,126
64,E5,104497,909,126
59,B4,105406,909,126
67,G5,105406,909,126
62,D5,105406,909,126
59,B4,106315,909,126
66,F#5,106315,909,126
62,D5,106315,909,126
59,B4,107224,909,126
66,F#5,107224,909,126
62,D5,107224,909,126
55,G4,108133,909,126
64,E5,108133,909,126
60,C5,108133,909,126
55,G4,109042,909,126
64,E5,109042,909,126
59,B4,109042,909,126
56,G#4,109951,909,126
64,E5,109951,909,126
59,B4,109951,909,126
56,G#4,110860,909,126
64,E5,110860,909,126
64,E5,110860,909,126
60,C5,111769,909,126
55,G4,111769,909,126
60,C5,111769,909,126
55,G4,112678,909,126
64,E5,112678,909,126
62,D5,112678,909,126
57,A4,113587,909,126
54,F#4,113587,909,126
62,D5,113587,909,126
57,A4,114496,909,126
54,F#4,114496,909,126
63,D#5,114496,909,126
59,B4,115405,909,126
54,F#4,115405,909,126
59,B4,115405,909,126
54,F#4,116314,909,126
63,D#5,116314,909,126
59,B4,116314,909,126
66,F#5,117223,909,126
59,B4,117223,909,126
67,G5,118132,909,126
58,A#4,118132,909,126
55,G4,119041,909,126
62,D5,119041,909,126
58,A#4,119041,909,126
55,G4,119950,909,126
67,G5,119950,909,126
55,G4,119950,909,126
65,F5,120859,909,126
58,A#4,120859,909,126
58,A#4,120859,909,126
55,G4,121768,909,126
62,D5,121768,909,126
62,D5,121768,1136,126
57,A4,122904,1136,126
55,G4,122904,1136,126
50,D4,122904,227,126
55,G4,123131,227,126
62,D5,123358,227,126
54,F#4,123585,681,126
48,C4,124266,681,126
55,G4,124266,681,126
48,C4,124947,681,126
57,A4,124947,454,126
54,F#4,125401,454,126
48,C4,125401,454,126
59,B4,125401,454,126
50,D4,125855,454,126
50,D4,125855,409,126
55,G4,126309,409,126
62,D5,126763,409,126
60,C5,127217,909,126
55,G4,128126,909,126
52,E4,128126,909,126
55,G4,128126,909,126
52,E4,129035,909,126
60,C5,129035,909,126
55,G4,129035,909,126
62,D5,129944,909,126
55,G4,129944,409,126
67,G5,130398,409,126
59,B4,130852,909,126
56,G#4,131761,909,126
66,F#5,131761,909,126
59,B4,131761,909,126
56,G#4,132670,909,126
64,E5,132670,909,126
59,B4,132670,454,126
55,G4,133124,454,126
62,D5,133124,454,126
64,E5,133124,409,126
60,C5,133578,409,126
59,B4,134032,409,126
60,C5,134486,909,126
56,G#4,135395,909,126
52,E4,135395,909,126
60,C5,135395,909,126
56,G#4,136304,909,126
52,E4,136304,909,126
60,C5,136304,909,126
55,G4,137213,909,126
52,E4,137213,909,126
55,G4,137213,909,126
52,E4,138122,909,126
60,C5,138122,909,126
57,A4,138122,909,126
55,G4,139031,909,126
50,D4,139031,909,126
54,F#4,139031,454,126
50,D4,139485,454,126
52,E4,139485,409,126
50,D4,139939,818,126
55,G4,140847,409,126
62,D5,141301,409,126
60,C5,141755,909,126
55,G4,142664,909,126
52,E4,142664,909,126
60,C5,142664,909,126
55,G4,143573,909,126
52,E4,143573,909,126
62,D5,143573,909,126
57,A4,144482,909,126
50,D4,144482,909,126
62,D5,144482,909,126
57,A4,145391,909,126
50,D4,145391,909,126
63,D#5,145391,909,126
59,B4,146300,909,126
54,F#4,146300,909,126
59,B4,146300,909,126
54,F#4,147209,909,126
63,D#5,147209,909,126
59,B4,147209,909,126
66,F#5,148118,909,126
59,B4,148118,1818,126
67,G5,149936,1818,126
59,B4,149936,454,126
66,F#5,150390,454,126
67,G5,150390,409,126
57,A4,150844,909,126
66,F#5,151753,909,126
64,E5,151753,409,126
57,A4,152207,409,126
69,A5,152661,1636,126
59,B4,154478,909,126
55,G4,155387,909,126
64,E5,155387,909,126
59,B4,155387,909,126
55,G4,156296,909,126
64,E5,156296,909,126
57,A4,156296,909,126
62,D5,157205,909,126
57,A4,157205,909,126
62,D5,158114,909,126
60,C5,158114,909,126
55,G4,159023,909,126
52,E4,159023,909,126
60,C5,159023,909,126
55,G4,159932,909,126
52,E4,159932,909,126
54,F#4,159932,909,126
48,C4,160841,909,126
59,B4,160841,909,126
54,F#4,161750,909,126
50,D4,161750,909,126
55,G4,161750,909,126
47,B3,162659,909,126
57,A4,162659,409,126
59,B4,163113,409,126
57,A4,163567,1818,126
52,E4,165385,1818,126
49,C#4,165385,1818,126
64,E5,165385,454,126
59,B4,165839,454,126
55,G4,165839,454,126
59,B4,165839,409,126
57,A4,166293,409,126
55,G4,166747,409,126
57,A4,167201,1818,126
62,D5,169019,1818,126
60,C5,169019,454,126
55,G4,169473,454,126
52,E4,169473,454,126
59,B4,169473,409,126
52,E4,169927,409,126
53,F4,170381,409,126
54,F#4,170835,1590,126
48,C4,172425,1590,126
47,B3,172425,227,126
55,G4,172652,1818,126
50,D4,174470,1818,126
47,B3,174470,1818,126
60,C5,174470,909,126
55,G4,175379,909,126
52,E4,175379,909,126
62,D5,175379,454,126
54,F#4,175833,454,126
50,D4,175833,409,126
59,B4,176287,1818,126
50,D4,178105,1818,126
60,C5,178105,909,126
55,G4,179014,909,126
52,E4,179014,909,126
62,D5,179014,909,126
54,F#4,179923,909,126
50,D4,179923,909,126
59,B4,179923,1363,126
57,A4,181286,1363,126
50,D4,181286,1363,126
67,G5,181286,454,126
74,D6,181740,1636,126