61,C#5,0,537,67
69,A5,600,806,92
71,B5,1500,300,84
69,A5,1800,537,72
68,G#5,2400,1081,73
61,C#5,3600,537,61
68,G#5,4200,806,91
69,A5,5100,300,82
68,G#5,5400,450,75
69,A5,5850,75,77
68,G#5,5925,75,72
66,F#5,6000,1681,73
66,F#5,7800,537,77
64,E5,8400,806,71
62,D5,9300,300,69
62,D5,9600,537,78
61,C#5,10200,537,72
59,B4,10800,537,71
59,B4,11400,537,78
61,C#5,12000,1737,80
61,C#5,13800,537,76
66,F#5,14400,537,87
73,C#6,14999,1082,93
73,C#6,16200,537,78
71,B5,16800,537,75
71,B5,17400,537,76
76,E6,18000,537,86
68,G#5,18600,806,66
69,A5,19500,300,79
68,G#5,19800,537,74
69,A5,20400,1081,82
69,A5,21600,300,79
69,A5,21900,150,75
68,G#5,22050,150,73
66,F#5,22200,537,71
68,G#5,22800,537,80
68,G#5,23400,300,79
69,A5,23700,300,79
68,G#5,24000,806,77
64,E5,24900,300,69
61,C#5,25200,537,68
66,F#5,25800,1081,86
57,A4,27000,300,64
56,G#4,27300,300,69
54,F#4,27600,2606,71
57,A4,30300,300,84
56,G#4,30600,450,77
57,A4,31050,74,79
56,G#4,31124,76,73
54,F#4,31200,1081,74
49,C#4,32400,537,66
57,A4,33000,806,93
57,A4,33900,300,79
57,A4,34200,537,76
56,G#4,34800,1500,75
56,G#4,36300,300,75
56,G#4,36600,537,78
56,G#4,37200,537,76
59,B4,37800,537,82
54,F#4,38400,1081,71
54,F#4,39600,537,73
54,F#4,40200,806,77
56,G#4,41100,300,79
57,A4,41400,537,78
57,A4,42000,537,80
56,G#4,42600,537,70
54,F#4,43200,537,68
56,G#4,43800,1081,84
54,F#4,45000,537,72
53,F4,45600,1081,73
49,C#4,46800,537,66
57,A4,47400,806,91
57,A4,48300,300,79
57,A4,48600,300,80
57,A4,48900,300,77
56,G#4,49200,1500,74
56,G#4,50700,300,77
56,G#4,51000,537,81
56,G#4,51600,537,76
59,B4,52200,537,81
61,C#5,52800,1081,84
61,C#5,54000,300,77
61,C#5,54300,300,77
61,C#5,54600,1081,77
61,C#5,55800,537,76
59,B4,56400,537,74
59,B4,57000,537,73
56,G#4,57600,537,71
54,F#4,58200,1081,72
57,A4,59400,300,84
56,G#4,59700,299,72
54,F#4,59999,2607,73
57,A4,62699,301,81
56,G#4,63000,300,75
57,A4,63300,150,80
56,G#4,63450,150,72
54,F#4,63600,1081,74
49,C#4,64800,537,67
57,A4,65400,806,91
57,A4,66300,300,76
57,A4,66600,537,75
56,G#4,67200,1081,74
56,G#4,68400,537,74
56,G#4,69000,537,78
57,A4,69600,537,78
59,B4,70200,537,82
54,F#4,70800,1081,68
54,F#4,72000,537,74
54,F#4,72600,806,77
56,G#4,73500,300,81
57,A4,73800,537,81
57,A4,74400,537,78
56,G#4,75000,537,73
54,F#4,75600,537,69
56,G#4,76200,1081,81
54,F#4,77400,537,70
53,F4,78000,1081,73
49,C#4,79200,537,66
57,A4,79800,537,92
57,A4,80400,537,78
57,A4,81000,537,78
56,G#4,81600,1500,77
56,G#4,83100,300,78
56,G#4,83400,537,79
57,A4,84000,537,80
59,B4,84600,537,82
61,C#5,85200,1081,85
61,C#5,86400,537,76
61,C#5,87000,300,80
61,C#5,87300,806,77
61,C#5,88200,537,76
59,B4,88800,537,76
54,F#4,89400,537,67
56,G#4,90000,537,77
61,C#5,90600,2881,88
59,B4,93600,300,73
61,C#5,93900,300,82
62,D5,94200,537,82
62,D5,94800,537,77
62,D5,95400,537,75
62,D5,96000,537,80
61,C#5,96600,537,73
59,B4,97200,537,70
61,C#5,97800,1081,84
59,B4,99000,537,70
57,A4,99600,1081,72
59,B4,100800,300,84
61,C#5,101100,300,82
62,D5,101400,537,81
62,D5,102000,537,76
62,D5,102600,537,78
62,D5,103200,537,78
64,E5,103800,1081,82
59,B4,105000,537,68
61,C#5,105600,2281,80
61,C#5,108000,537,75
66,F#5,108600,537,89
66,F#5,109200,537,77
61,C#5,109800,537,65
59,B4,110400,1081,71
56,G#4,111600,300,70
57,A4,111900,300,79
59,B4,112200,537,83
59,B4,112800,537,76
61,C#5,113400,537,81
57,A4,114000,1081,71
54,F#4,115200,537,68
57,A4,115799,1082,85
56,G#4,117000,537,73
59,B4,117600,537,87
61,C#5,118200,537,81
62,D5,118800,537,80
61,C#5,119400,2337,75
54,F#4,121799,538,63
57,A4,122400,537,82
61,C#5,123000,1081,86
61,C#5,124200,537,76
61,C#5,124800,537,79
64,E5,125399,538,82
59,B4,126000,537,69
61,C#5,126600,1081,82
59,B4,127800,537,69
57,A4,128400,1081,74
54,F#4,129600,300,69
57,A4,129900,300,81
61,C#5,130200,806,89
61,C#5,131100,300,78
61,C#5,131400,300,80
61,C#5,131700,300,75
61,C#5,132000,537,80
64,E5,132600,537,81
59,B4,133200,900,68
61,C#5,134100,2581,82
61,C#5,136800,537,75
66,F#5,137400,806,91
66,F#5,138300,300,77
61,C#5,138600,537,66
59,B4,139200,1081,74
56,G#4,140400,300,69
57,A4,140700,300,76
59,B4,141000,537,83
59,B4,141600,537,75
61,C#5,142200,537,81
57,A4,142800,1081,72
54,F#4,144000,537,68
57,A4,144600,300,85
57,A4,144900,300,77
57,A4,145200,537,78
61,C#5,145800,537,84
59,B4,146400,1081,75
56,G#4,147600,537,67
54,F#4,148200,600,77
57,A4,148800,600,83
54,F#4,148800,600,67
59,B4,149400,300,86
57,A4,149700,300,71
56,G#4,150000,1681,74
56,G#4,151800,1081,78
57,A4,153000,300,83
56,G#4,153300,300,72
54,F#4,153600,1681,75
54,F#4,155400,537,79
56,G#4,156000,537,79
57,A4,156600,537,81
59,B4,157200,1081,82
61,C#5,158400,300,85
62,D5,158700,300,79
61,C#5,159000,2881,76
61,C#5,162000,537,76
66,F#5,162600,1081,90
61,C#5,163800,537,66
59,B4,164400,1081,74
56,G#4,165600,300,73
57,A4,165900,300,80
59,B4,166200,1081,81
59,B4,167400,300,79
61,C#5,167700,300,82
57,A4,168000,1681,70
54,F#4,169800,537,70
57,A4,170400,537,79
61,C#5,171000,537,86
59,B4,171600,1081,73
56,G#4,172800,300,72
52,E4,173100,300,65
54,F#4,173400,1081,82
57,A4,174600,300,85
56,G#4,174900,300,72
54,F#4,175200,2606,75
57,A4,177900,300,82
56,G#4,178200,450,74
57,A4,178650,75,78
56,G#4,178725,75,74
54,F#4,178800,1081,73
49,C#4,180000,537,65
57,A4,180600,806,93
57,A4,181500,300,78
57,A4,181800,537,77
56,G#4,182400,1081,75
56,G#4,183600,537,75
56,G#4,184200,537,80
57,A4,184800,537,79
59,B4,185400,537,79
54,F#4,186000,1081,67
54,F#4,187200,537,75
54,F#4,187800,806,79
56,G#4,188700,300,81
57,A4,189000,537,81
57,A4,189600,537,77
56,G#4,190200,537,71
54,F#4,190800,537,71
56,G#4,191400,1081,85
54,F#4,192600,537,73
53,F4,193200,1081,73
49,C#4,194400,537,66
57,A4,195000,537,93
57,A4,195600,537,79
57,A4,196200,537,74
56,G#4,196800,1500,74
56,G#4,198300,300,77
56,G#4,198600,537,77
57,A4,199200,537,79
59,B4,199800,537,80
61,C#5,200400,1081,83
61,C#5,201600,537,75
61,C#5,202200,300,80
61,C#5,202500,806,74
61,C#5,203400,537,75
59,B4,204000,537,72
54,F#4,204600,537,65
56,G#4,205200,537,77
61,C#5,205800,2881,89
59,B4,208800,300,75
61,C#5,209100,300,79
62,D5,209400,537,81
62,D5,210000,537,75
62,D5,210600,537,76
62,D5,211200,537,80
61,C#5,211800,537,71
59,B4,212400,537,70
61,C#5,213000,1081,85
59,B4,214200,537,73
57,A4,214800,1081,73
59,B4,216000,300,85
61,C#5,216300,300,80
62,D5,216600,537,84
62,D5,217200,537,77
62,D5,217800,537,75
62,D5,218400,537,80
64,E5,219000,1081,79
59,B4,220200,537,69
61,C#5,220800,2281,77
61,C#5,223200,537,77
66,F#5,223800,537,88
66,F#5,224400,537,75
61,C#5,225000,537,64
59,B4,225600,1081,74
56,G#4,226800,300,72
57,A4,227100,300,77
59,B4,227400,537,84
59,B4,228000,537,76
61,C#5,228600,537,82
57,A4,229200,1081,70
54,F#4,230400,537,70
57,A4,231000,1081,83
56,G#4,232200,537,73
59,B4,232800,537,84
61,C#5,233400,537,82
62,D5,234000,537,78
61,C#5,234600,2337,74
54,F#4,237000,537,61
57,A4,237600,537,79
61,C#5,238200,1081,87
61,C#5,239400,537,76
61,C#5,239999,538,80
64,E5,240600,537,83
59,B4,241200,537,68
61,C#5,241799,1082,81
59,B4,243000,537,69
57,A4,243599,1082,73
54,F#4,244800,300,72
57,A4,245100,299,80
61,C#5,245399,807,86
61,C#5,246299,301,79
61,C#5,246600,300,78
61,C#5,246900,299,77
61,C#5,247199,538,78
64,E5,247800,537,82
59,B4,248400,900,67
61,C#5,249300,2581,82
61,C#5,252000,537,75
66,F#5,252600,806,90
66,F#5,253500,300,76
61,C#5,253800,537,64
59,B4,254400,1081,71
56,G#4,255600,300,70
57,A4,255900,300,77
59,B4,256200,537,84
59,B4,256800,537,74
61,C#5,257400,537,79
57,A4,258000,1081,71
54,F#4,259200,537,67
57,A4,259800,299,85
57,A4,260099,301,78
57,A4,260400,537,75
61,C#5,260999,538,83
59,B4,261600,1081,76
56,G#4,262800,537,69
54,F#4,263400,600,77
57,A4,264000,600,80
54,F#4,264000,600,70
59,B4,264600,300,86
57,A4,264900,300,72
56,G#4,265200,1681,76
56,G#4,267000,1081,77
57,A4,268200,300,83
56,G#4,268500,300,75
54,F#4,268800,1681,73
54,F#4,270600,537,79
56,G#4,271200,537,79
57,A4,271800,537,81
59,B4,272400,1081,85
61,C#5,273600,300,84
62,D5,273900,300,80
61,C#5,274200,2881,74
61,C#5,277200,537,77
66,F#5,277800,1081,87
61,C#5,279000,537,68
59,B4,279600,1081,73
56,G#4,280800,300,70
57,A4,281100,300,78
59,B4,281400,1081,85
59,B4,282600,300,78
61,C#5,282900,300,82
57,A4,283200,1681,71
54,F#4,285000,537,73
57,A4,285600,537,81
61,C#5,286200,537,85
59,B4,286800,1081,76
56,G#4,288000,300,71
52,E4,288300,300,64
54,F#4,288600,1081,80
57,A4,289800,300,84
56,G#4,290100,300,74
54,F#4,290400,2606,76
57,A4,293100,300,83
56,G#4,293400,450,77
57,A4,293850,75,80
56,G#4,293925,75,71
54,F#4,294000,1081,74
49,C#4,295200,537,65
66,F#5,295800,2881,96
55,G4,298800,300,61
57,A4,299100,300,78
58,A#4,299400,537,81
62,D5,300000,806,84
70,A#5,300900,300,91
69,A5,301200,943,80
70,A#5,302250,75,80
69,A5,302325,75,71
67,G5,302400,300,74
65,F5,302700,300,71
67,G5,303000,806,84
65,F5,303900,300,71
63,D#5,304200,537,71
65,F5,304800,1081,85
62,D5,306000,300,71
60,C5,306300,300,70
58,A#4,306600,537,74
67,G5,307200,806,90
74,D6,308100,300,93
72,C6,308400,806,76
70,A#5,309300,300,72
72,C6,309600,300,83
70,A#5,309900,300,70
67,G5,310200,300,72
74,D6,310500,300,87
74,D6,310800,300,80
70,A#5,311100,300,67
70,A#5,311400,300,76
67,G5,311700,300,67
67,G5,312000,300,79
62,D5,312300,300,63
62,D5,312600,300,75
58,A#4,312900,300,69
58,A#4,313200,300,77
55,G4,313500,300,70
55,G4,313800,2881,76
55,G4,316800,300,78
58,A#4,317100,300,82
62,D5,317400,1081,86
62,D5,318600,537,77
62,D5,319200,537,79
65,F5,319800,537,83
60,C5,320400,537,67
62,D5,321000,1081,83
60,C5,322200,537,70
58,A#4,322800,1081,74
55,G4,324000,300,72
58,A#4,324300,300,83
62,D5,324600,806,86
62,D5,325500,300,76
62,D5,325800,300,78
62,D5,326100,300,76
62,D5,326400,537,80
65,F5,327000,1081,80
60,C5,328200,537,72
62,D5,328800,2281,77
62,D5,331200,537,75
67,G5,331800,806,89
67,G5,332700,300,77
62,D5,333000,537,64
60,C5,333600,1081,73
57,A4,334800,300,71
58,A#4,335100,300,79
60,C5,335400,537,81
60,C5,336000,537,76
62,D5,336600,537,79
58,A#4,337200,1081,71
55,G4,338400,537,69
58,A#4,339000,300,85
58,A#4,339300,300,76
58,A#4,339600,537,76
62,D5,340200,537,84
60,C5,340800,537,75
65,F5,341400,537,84
62,D5,342000,537,69
67,G5,342600,2337,89
55,G4,345000,537,55
58,A#4,345600,537,78
62,D5,346200,1081,87
62,D5,347400,537,77
62,D5,348000,537,80
65,F5,348600,537,83
60,C5,349200,537,67
62,D5,349800,1081,81
60,C5,351000,537,72
58,A#4,351600,1081,72
55,G4,352800,300,72
58,A#4,353100,300,83
62,D5,353400,806,88
62,D5,354300,300,75
62,D5,354600,300,78
62,D5,354900,300,78
62,D5,355200,537,81
65,F5,355800,1081,80
60,C5,357000,537,71
62,D5,357600,2281,79
62,D5,360000,537,76
67,G5,360600,806,88
67,G5,361500,300,79
62,D5,361800,537,64
60,C5,362400,1081,71
57,A4,363600,300,71
58,A#4,363900,300,78
60,C5,364200,537,82
60,C5,364800,537,74
62,D5,365400,537,81
58,A#4,366000,1081,71
55,G4,367200,537,70
58,A#4,367800,300,82
58,A#4,368100,300,76
58,A#4,368400,537,76
62,D5,369000,537,82
60,C5,369600,537,76
65,F5,370200,537,87
62,D5,370800,537,72
67,G5,371400,2337,88
55,G4,373800,537,54
58,A#4,374400,537,79
58,A#4,375000,300,80
58,A#4,375300,300,77
58,A#4,375600,537,75
62,D5,376200,537,86
60,C5,376800,537,76
57,A4,377400,537,67
55,G4,378000,537,68
55,G4,378600,2881,79
62,D5,381600,537,87
67,G5,382200,1081,92
62,D5,383400,537,65
60,C5,384000,1081,72
57,A4,385200,300,70
58,A#4,385500,300,80
60,C5,385800,537,82
60,C5,386400,537,77
62,D5,387000,537,81
58,A#4,387600,1081,73
55,G4,388800,537,68
58,A#4,389400,300,82
58,A#4,389700,806,78
60,C5,390600,537,81
62,D5,391200,537,83
60,C5,391800,300,69
60,C5,392100,806,76
57,A4,393000,537,73
58,A#4,393600,806,78
62,D5,394500,300,83
67,G5,394800,537,89
67,G5,395400,537,77
62,D5,396000,537,65
60,C5,396600,806,74
58,A#4,397500,300,70
57,A4,397800,300,76
58,A#4,398100,300,78
60,C5,398400,806,83
60,C5,399300,300,74
62,D5,399600,300,83
60,C5,399900,300,70
58,A#4,400200,1081,75
55,G4,401400,537,69
58,A#4,402000,537,83
60,C5,402600,537,83
60,C5,403200,300,80
62,D5,403500,300,82
60,C5,403800,537,74
65,F5,404400,537,84
62,D5,405000,537,72
46,A#3,407400,1200,80
67,G5,408600,1200,79
50,D4,408600,300,56
55,G4,408900,268,84
--end--
42,F#3,600,300,70
49,C#4,900,300,89
54,F#4,1200,300,92
56,G#4,1500,300,83
57,A4,1800,300,82
56,G#4,2100,300,74
37,C#3,2400,300,59
44,G#3,2700,300,87
49,C#4,3000,1081,87
40,E3,4200,300,63
47,B3,4500,300,85
52,E4,4800,300,89
54,F#4,5100,300,81
56,G#4,5400,300,84
54,F#4,5700,300,70
38,D3,6000,300,57
45,A3,6300,300,87
50,D4,6600,1081,86
38,D3,7800,300,62
45,A3,8100,300,88
50,D4,8400,300,91
52,E4,8700,300,83
54,F#4,9000,300,84
52,E4,9300,300,72
35,B2,9600,300,55
42,F#3,9900,300,87
47,B3,10200,300,88
49,C#4,10500,300,82
50,D4,10800,300,81
49,C#4,11100,300,72
35,B2,11400,300,56
42,F#3,11700,300,85
47,B3,12000,300,90
49,C#4,12300,300,80
50,D4,12600,300,82
49,C#4,12900,300,72
52,E4,13200,1681,84
38,D3,14999,301,59
45,A3,15300,300,84
54,F#4,15600,1081,96
40,E3,16800,300,60
47,B3,17100,300,88
52,E4,17400,1081,85
40,E3,18600,300,58
47,B3,18900,300,87
52,E4,19200,537,86
47,B3,19800,537,66
38,D3,20400,300,62
45,A3,20700,300,87
50,D4,21000,537,86
45,A3,21600,537,66
35,B2,22200,537,59
42,F#3,22800,537,86
47,B3,23400,537,87
37,C#3,24000,300,62
44,G#3,24300,300,85
49,C#4,24600,537,89
44,G#3,25200,537,69
30,F#2,25800,300,55
37,C#3,26100,300,87
42,F#3,26400,300,88
45,A3,26700,300,85
49,C#4,27000,537,87
30,F#2,27600,300,61
37,C#3,27900,300,88
42,F#3,28200,300,88
45,A3,28500,300,84
49,C#4,28800,537,86
30,F#2,29400,300,61
37,C#3,29700,299,86
42,F#3,29999,301,89
45,A3,30300,300,84
49,C#4,30600,537,85
30,F#2,31200,300,61
37,C#3,31500,300,85
42,F#3,31800,1081,85
30,F#2,33000,537,61
37,C#3,33600,537,87
42,F#3,34200,537,86
37,C#3,34800,537,71
44,G#3,35400,537,90
49,C#4,36000,537,87
28,E2,36600,537,61
35,B2,37200,537,84
40,E3,37800,537,85
26,D2,38400,537,59
33,A2,39000,537,84
38,D3,39600,537,89
26,D2,40200,537,61
33,A2,40800,537,86
38,D3,41400,537,87
26,D2,42000,537,60
33,A2,42600,537,86
38,D3,43200,537,86
28,E2,43800,537,61
35,B2,44400,537,85
40,E3,45000,537,89
37,C#3,45600,300,76
44,G#3,45900,300,89
49,C#4,46200,1081,90
30,F#2,47400,537,61
37,C#3,48000,537,88
42,F#3,48600,537,86
37,C#3,49200,537,70
44,G#3,49800,537,87
49,C#4,50400,537,87
28,E2,51000,537,59
35,B2,51600,537,84
40,E3,52200,537,87
33,A2,52800,537,68
40,E3,53400,537,87
45,A3,54000,537,86
26,D2,54600,537,62
33,A2,55200,537,84
38,D3,55800,537,86
28,E2,56400,537,60
35,B2,57000,537,87
40,E3,57600,537,88
30,F#2,58200,300,64
37,C#3,58500,300,86
42,F#3,58800,300,92
49,C#4,59100,300,92
54,F#4,59400,537,87
30,F#2,59999,301,62
37,C#3,60300,300,84
42,F#3,60600,299,88
49,C#4,60899,301,91
42,F#3,61200,537,62
30,F#2,61799,301,56
37,C#3,62100,300,86
42,F#3,62400,299,89
49,C#4,62699,301,89
42,F#3,63000,537,63
30,F#2,63600,300,58
37,C#3,63900,300,85
42,F#3,64200,1081,88
30,F#2,65400,300,62
37,C#3,65700,300,85
42,F#3,66000,537,86
37,C#3,66600,537,65
37,C#3,67200,300,76
44,G#3,67500,300,89
49,C#4,67800,537,89
44,G#3,68400,537,67
28,E2,69000,300,58
35,B2,69300,300,87
40,E3,69600,537,86
35,B2,70200,537,67
26,D2,70800,300,61
33,A2,71100,300,84
38,D3,71400,537,85
33,A2,72000,537,69
26,D2,72600,300,63
33,A2,72900,300,87
38,D3,73200,537,88
32,G#2,73800,537,67
26,D2,74400,300,67
33,A2,74700,300,89
38,D3,75000,537,85
33,A2,75600,537,66
28,E2,76200,300,69
35,B2,76500,300,88
40,E3,76800,537,87
35,B2,77400,537,69
37,C#3,78000,300,82
44,G#3,78300,300,88
49,C#4,78600,1081,90
30,F#2,79800,300,61
37,C#3,80100,300,85
42,F#3,80400,537,89
37,C#3,81000,537,66
37,C#3,81600,300,76
44,G#3,81900,300,89
49,C#4,82200,537,89
44,G#3,82800,537,65
28,E2,83400,300,57
35,B2,83700,300,87
40,E3,84000,537,88
35,B2,84600,537,66
33,A2,85200,300,71
40,E3,85500,300,88
45,A3,85800,537,87
40,E3,86400,537,68
26,D2,87000,300,57
33,A2,87300,300,87
38,D3,87600,537,87
33,A2,88200,537,67
26,D2,88800,300,64
33,A2,89100,300,85
38,D3,89400,537,89
33,A2,90000,537,67
37,C#3,90600,300,85
44,G#3,90900,300,89
49,C#4,91200,300,92
53,F4,91500,300,87
56,G#4,91800,537,85
37,C#3,92400,300,57
44,G#3,92700,300,86
49,C#4,93000,300,90
53,F4,93300,300,88
56,G#4,93600,537,83
35,B2,94200,300,60
42,F#3,94500,300,84
47,B3,94800,300,90
42,F#3,95100,300,68
47,B3,95400,300,88
42,F#3,95700,300,67
35,B2,96000,300,63
42,F#3,96300,300,87
47,B3,96600,300,89
42,F#3,96900,300,68
47,B3,97200,300,85
42,F#3,97500,300,65
30,F#2,97800,300,57
37,C#3,98100,300,86
42,F#3,98400,300,91
37,C#3,98700,300,67
42,F#3,99000,300,86
37,C#3,99300,300,68
30,F#2,99600,300,64
37,C#3,99900,300,87
42,F#3,100200,537,85
37,C#3,100800,537,66
35,B2,101400,300,74
42,F#3,101700,300,90
47,B3,102000,300,92
42,F#3,102300,300,67
47,B3,102600,300,86
42,F#3,102900,300,66
35,B2,103200,300,64
42,F#3,103500,300,89
47,B3,103800,300,91
42,F#3,104100,300,68
47,B3,104400,300,87
42,F#3,104700,300,65
30,F#2,105000,300,58
37,C#3,105300,300,87
42,F#3,105600,300,89
37,C#3,105900,300,65
42,F#3,106200,300,87
37,C#3,106500,300,65
30,F#2,106800,300,65
37,C#3,107100,300,86
42,F#3,107400,300,90
45,A3,107700,300,86
49,C#4,108000,300,88
45,A3,108300,300,70
35,B2,108600,300,59
42,F#3,108900,300,85
47,B3,109200,537,87
42,F#3,109800,537,68
28,E2,110400,300,56
35,B2,110700,300,85
40,E3,111000,537,86
35,B2,111600,537,68
28,E2,112200,300,63
35,B2,112500,300,88
40,E3,112800,537,86
35,B2,113400,537,65
26,D2,114000,300,61
33,A2,114300,300,84
38,D3,114600,537,88
33,A2,115200,537,66
26,D2,115799,301,65
33,A2,116100,300,89
38,D3,116400,537,86
33,A2,117000,537,69
28,E2,117600,300,65
35,B2,117900,300,87
40,E3,118200,537,87
35,B2,118800,537,68
33,A2,119400,300,74
40,E3,119700,299,90
45,A3,119999,301,91
49,C#4,120300,300,84
52,E4,120600,299,85
49,C#4,120899,301,71
33,A2,121200,300,56
40,E3,121500,299,85
45,A3,121799,301,90
49,C#4,122100,300,85
52,E4,122400,299,85
49,C#4,122699,301,72
30,F#2,123000,300,57
37,C#3,123300,299,86
42,F#3,123599,301,91
45,A3,123900,300,85
49,C#4,124200,299,87
45,A3,124499,301,68
30,F#2,124800,300,57
37,C#3,125100,299,85
42,F#3,125399,301,91
45,A3,125700,300,83
49,C#4,126000,300,88
45,A3,126300,300,68
33,A2,126600,300,57
40,E3,126900,300,88
45,A3,127200,300,89
49,C#4,127500,300,87
52,E4,127800,300,87
49,C#4,128100,300,68
33,A2,128400,300,57
40,E3,128700,300,86
45,A3,129000,300,90
49,C#4,129300,300,85
52,E4,129600,300,88
49,C#4,129900,300,68
30,F#2,130200,299,55
37,C#3,130499,301,87
42,F#3,130800,300,89
45,A3,131100,300,83
49,C#4,131400,300,89
45,A3,131700,300,68
30,F#2,132000,300,56
37,C#3,132300,300,87
42,F#3,132600,300,89
45,A3,132900,300,85
49,C#4,133200,300,87
45,A3,133500,300,69
33,A2,133800,300,56
40,E3,134100,300,88
45,A3,134400,300,91
49,C#4,134700,300,86
52,E4,135000,300,88
49,C#4,135300,300,69
33,A2,135600,300,58
40,E3,135900,300,85
45,A3,136200,537,87
40,E3,136800,537,67
26,D2,137400,300,55
33,A2,137700,300,87
38,D3,138000,537,89
33,A2,138600,537,67
28,E2,139200,300,69
35,B2,139500,300,86
40,E3,139800,537,89
35,B2,140400,537,67
28,E2,141000,300,62
35,B2,141300,300,86
40,E3,141600,537,86
35,B2,142200,537,68
26,D2,142800,300,62
33,A2,143100,300,86
38,D3,143400,537,88
33,A2,144000,537,67
35,B2,144600,300,84
42,F#3,144900,300,92
47,B3,145200,537,89
42,F#3,145800,537,67
37,C#3,146400,300,69
44,G#3,146700,300,88
49,C#4,147000,537,86
44,G#3,147600,537,66
49,C#4,148200,1800,87
42,F#3,150000,1800,87
45,A3,150000,1800,87
25,C#2,150000,300,58
32,G#2,150300,300,86
37,C#3,150600,300,90
40,E3,150900,300,83
44,G#3,151200,300,87
40,E3,151500,300,67
28,E2,151800,300,58
35,B2,152100,300,87
40,E3,152400,300,90
44,G#3,152700,300,86
47,B3,153000,300,87
44,G#3,153300,300,68
26,D2,153600,300,56
33,A2,153900,300,84
38,D3,154200,300,92
42,F#3,154500,300,87
45,A3,154800,300,88
42,F#3,155100,300,72
26,D2,155400,300,58
33,A2,155700,300,86
38,D3,156000,300,89
42,F#3,156300,300,88
45,A3,156600,300,85
42,F#3,156900,300,69
28,E2,157200,300,57
35,B2,157500,300,87
40,E3,157800,300,89
44,G#3,158100,300,87
47,B3,158400,300,88
44,G#3,158700,300,71
33,A2,159000,300,59
40,E3,159300,300,84
45,A3,159600,300,90
49,C#4,159900,300,85
52,E4,160200,300,87
49,C#4,160500,300,68
33,A2,160800,300,59
40,E3,161100,300,84
45,A3,161400,1081,88
35,B2,162600,300,63
42,F#3,162900,300,85
47,B3,163200,300,88
50,D4,163500,300,84
54,F#4,163800,300,89
50,D4,164100,300,68
28,E2,164400,300,59
35,B2,164700,300,85
40,E3,165000,300,90
44,G#3,165300,300,86
47,B3,165600,300,88
44,G#3,165900,300,71
25,C#2,166200,300,58
32,G#2,166500,300,85
37,C#3,166800,300,88
40,E3,167100,300,85
44,G#3,167400,300,90
40,E3,167700,300,70
26,D2,168000,300,56
33,A2,168300,300,86
38,D3,168600,300,91
42,F#3,168900,300,85
45,A3,169200,300,86
42,F#3,169500,300,72
26,D2,169800,300,57
33,A2,170100,300,87
38,D3,170400,300,90
42,F#3,170700,300,87
45,A3,171000,300,86
42,F#3,171300,300,70
28,E2,171600,300,57
35,B2,171900,300,85
40,E3,172200,300,90
44,G#3,172500,300,84
47,B3,172800,300,88
44,G#3,173100,300,69
30,F#2,173400,300,56
37,C#3,173700,300,86
42,F#3,174000,300,90
49,C#4,174300,300,90
54,F#4,174600,300,92
49,C#4,174900,300,67
30,F#2,175200,300,55
37,C#3,175500,300,87
42,F#3,175800,300,89
45,A3,176100,300,84
49,C#4,176400,537,83
30,F#2,177000,300,60
37,C#3,177300,300,84
42,F#3,177600,300,90
45,A3,177900,300,83
49,C#4,178200,537,87
30,F#2,178800,300,61
37,C#3,179100,300,85
42,F#3,179400,1081,85
30,F#2,180600,300,60
37,C#3,180900,300,86
42,F#3,181200,537,88
37,C#3,181800,537,69
37,C#3,182400,300,78
44,G#3,182700,300,91
49,C#4,183000,537,89
44,G#3,183600,537,66
28,E2,184200,300,57
35,B2,184500,300,85
40,E3,184800,537,88
35,B2,185400,537,67
26,D2,186000,300,62
33,A2,186300,300,85
38,D3,186600,537,88
33,A2,187200,537,68
26,D2,187800,300,63
33,A2,188100,300,85
38,D3,188400,537,88
32,G#2,189000,537,66
26,D2,189600,300,67
33,A2,189900,300,86
38,D3,190200,537,86
33,A2,190800,537,69
28,E2,191400,300,66
35,B2,191700,300,88
40,E3,192000,537,87
35,B2,192600,537,65
37,C#3,193200,300,83
44,G#3,193500,300,92
49,C#4,193800,1081,86
30,F#2,195000,300,58
37,C#3,195300,300,85
42,F#3,195600,537,87
37,C#3,196200,537,67
37,C#3,196800,300,79
44,G#3,197100,300,88
49,C#4,197400,537,90
44,G#3,198000,537,65
28,E2,198600,300,58
35,B2,198900,300,85
40,E3,199200,537,86
35,B2,199800,537,67
33,A2,200400,300,73
40,E3,200700,300,87
45,A3,201000,537,89
40,E3,201600,537,66
26,D2,202200,300,58
33,A2,202500,300,85
38,D3,202800,537,88
33,A2,203400,537,65
26,D2,204000,300,64
33,A2,204300,300,85
38,D3,204600,537,87
33,A2,205200,537,66
37,C#3,205800,300,88
44,G#3,206100,300,90
49,C#4,206400,300,89
53,F4,206700,300,85
56,G#4,207000,537,83
37,C#3,207600,300,60
44,G#3,207900,300,85
49,C#4,208200,300,89
53,F4,208500,300,85
56,G#4,208800,537,84
35,B2,209400,300,58
42,F#3,209700,300,87
47,B3,210000,300,92
42,F#3,210300,300,67
47,B3,210600,300,87
42,F#3,210900,300,66
35,B2,211200,300,64
42,F#3,211500,300,89
47,B3,211800,300,88
42,F#3,212100,300,66
47,B3,212400,300,86
42,F#3,212700,300,66
30,F#2,213000,300,55
37,C#3,213300,300,87
42,F#3,213600,300,89
37,C#3,213900,300,66
42,F#3,214200,300,87
37,C#3,214500,300,68
30,F#2,214800,300,65
37,C#3,215100,300,86
42,F#3,215400,537,87
37,C#3,216000,537,68
35,B2,216600,300,74
42,F#3,216900,300,90
47,B3,217200,300,92
42,F#3,217500,300,66
47,B3,217800,300,85
42,F#3,218100,300,66
35,B2,218400,300,65
42,F#3,218700,300,86
47,B3,219000,300,90
42,F#3,219300,300,66
47,B3,219600,300,87
42,F#3,219900,300,69
30,F#2,220200,300,58
37,C#3,220500,300,88
42,F#3,220800,300,89
37,C#3,221100,300,66
42,F#3,221400,300,87
37,C#3,221700,300,66
30,F#2,222000,300,66
37,C#3,222300,300,85
42,F#3,222600,300,89
45,A3,222900,300,82
49,C#4,223200,300,86
45,A3,223500,300,68
35,B2,223800,300,61
42,F#3,224100,300,84
47,B3,224400,537,88
42,F#3,225000,537,67
28,E2,225600,300,56
35,B2,225900,300,86
40,E3,226200,537,86
35,B2,226800,537,67
28,E2,227400,300,64
35,B2,227700,300,86
40,E3,228000,537,85
35,B2,228600,537,68
26,D2,229200,300,61
33,A2,229500,299,88
38,D3,229799,538,87
33,A2,230400,537,68
26,D2,231000,300,63
33,A2,231300,299,87
38,D3,231599,538,88
33,A2,232200,537,68
28,E2,232800,300,66
35,B2,233100,300,85
40,E3,233400,537,86
35,B2,234000,537,69
33,A2,234600,300,72
40,E3,234900,300,87
45,A3,235200,300,92
49,C#4,235500,300,87
52,E4,235800,300,86
49,C#4,236100,300,71
33,A2,236400,300,57
40,E3,236700,300,88
45,A3,237000,300,91
49,C#4,237300,300,87
52,E4,237600,300,86
49,C#4,237900,300,70
30,F#2,238200,300,55
37,C#3,238500,300,87
42,F#3,238800,300,92
45,A3,239100,300,84
49,C#4,239400,300,87
45,A3,239700,299,70
30,F#2,239999,301,58
37,C#3,240300,300,87
42,F#3,240600,299,90
45,A3,240899,301,85
49,C#4,241200,300,86
45,A3,241500,299,70
33,A2,241799,301,59
40,E3,242100,300,88
45,A3,242400,299,90
49,C#4,242699,301,85
52,E4,243000,300,87
49,C#4,243300,299,71
33,A2,243599,301,59
40,E3,243900,300,86
45,A3,244200,299,89
49,C#4,244499,301,86
52,E4,244800,300,88
49,C#4,245100,299,69
30,F#2,245399,301,57
37,C#3,245700,300,85
42,F#3,246000,299,91
45,A3,246299,301,85
49,C#4,246600,300,88
45,A3,246900,299,68
30,F#2,247199,301,58
37,C#3,247500,300,88
42,F#3,247800,299,89
45,A3,248099,301,83
49,C#4,248400,300,88
45,A3,248700,299,67
33,A2,248999,301,59
40,E3,249300,300,86
45,A3,249600,299,88
49,C#4,249899,301,85
52,E4,250200,300,89
49,C#4,250500,299,68
33,A2,250799,301,59
40,E3,251100,300,86
45,A3,251400,537,89
40,E3,252000,537,69
26,D2,252600,300,56
33,A2,252900,300,86
38,D3,253200,537,88
33,A2,253800,537,69
28,E2,254400,300,68
35,B2,254700,300,86
40,E3,255000,537,88
35,B2,255600,537,68
28,E2,256200,300,64
35,B2,256500,300,89
40,E3,256800,537,87
35,B2,257400,537,67
26,D2,258000,300,61
33,A2,258300,300,86
38,D3,258600,537,88
33,A2,259200,537,69
35,B2,259800,299,83
42,F#3,260099,301,90
47,B3,260400,537,89
42,F#3,260999,538,67
37,C#3,261600,299,65
44,G#3,261899,301,89
49,C#4,262200,537,87
44,G#3,262800,537,67
49,C#4,263400,1800,88
42,F#3,265200,1800,88
45,A3,265200,1800,88
25,C#2,265200,300,58
32,G#2,265500,300,84
37,C#3,265800,300,90
40,E3,266100,300,86
44,G#3,266400,300,89
40,E3,266700,300,67
28,E2,267000,300,56
35,B2,267300,300,87
40,E3,267600,300,90
44,G#3,267900,300,87
47,B3,268200,300,88
44,G#3,268500,300,69
26,D2,268800,300,57
33,A2,269100,300,87
38,D3,269400,300,91
42,F#3,269700,300,86
45,A3,270000,300,87
42,F#3,270300,300,72
26,D2,270600,300,57
33,A2,270900,300,88
38,D3,271200,300,90
42,F#3,271500,300,88
45,A3,271800,300,86
42,F#3,272100,300,72
28,E2,272400,300,56
35,B2,272700,300,86
40,E3,273000,300,92
44,G#3,273300,300,86
47,B3,273600,300,85
44,G#3,273900,300,69
33,A2,274200,300,58
40,E3,274500,300,85
45,A3,274800,300,91
49,C#4,275100,300,87
52,E4,275400,300,87
49,C#4,275700,300,69
33,A2,276000,300,58
40,E3,276300,300,85
45,A3,276600,1081,85
35,B2,277800,300,64
42,F#3,278100,300,85
47,B3,278400,300,91
50,D4,278700,300,82
54,F#4,279000,300,89
50,D4,279300,300,70
28,E2,279600,300,56
35,B2,279900,300,85
40,E3,280200,300,90
44,G#3,280500,300,85
47,B3,280800,300,86
44,G#3,281100,300,69
25,C#2,281400,300,55
32,G#2,281700,300,86
37,C#3,282000,300,91
40,E3,282300,300,85
44,G#3,282600,300,87
40,E3,282900,300,68
26,D2,283200,300,58
33,A2,283500,300,85
38,D3,283800,300,91
42,F#3,284100,300,86
45,A3,284400,300,88
42,F#3,284700,300,71
26,D2,285000,300,59
33,A2,285300,300,87
38,D3,285600,300,92
42,F#3,285900,300,86
45,A3,286200,300,87
42,F#3,286500,300,69
28,E2,286800,300,59
35,B2,287100,300,85
40,E3,287400,300,91
44,G#3,287700,300,87
47,B3,288000,300,86
44,G#3,288300,300,71
30,F#2,288600,300,59
37,C#3,288900,300,87
42,F#3,289200,300,88
49,C#4,289500,300,91
54,F#4,289800,300,90
49,C#4,290100,300,68
30,F#2,290400,300,57
37,C#3,290700,300,88
42,F#3,291000,300,91
45,A3,291300,300,85
49,C#4,291600,537,84
30,F#2,292200,300,58
37,C#3,292500,300,84
42,F#3,292800,300,89
45,A3,293100,300,83
49,C#4,293400,537,86
30,F#2,294000,300,62
37,C#3,294300,300,86
42,F#3,294600,1081,86
30,F#2,295800,300,59
37,C#3,296100,300,85
42,F#3,296400,300,89
49,C#4,296700,300,92
54,F#4,297000,300,92
49,C#4,297300,300,68
30,F#2,297600,300,56
37,C#3,297900,300,87
42,F#3,298200,1081,89
31,G2,299400,300,61
38,D3,299700,300,88
43,G3,300000,300,91
46,A#3,300300,300,83
50,D4,300600,300,88
46,A#3,300900,300,70
29,F2,301200,300,57
36,C3,301500,300,85
41,F3,301800,300,89
45,A3,302100,300,85
48,C4,302400,300,85
45,A3,302700,300,69
27,D#2,303000,300,55
34,A#2,303300,300,84
39,D#3,303600,300,90
43,G3,303900,300,85
46,A#3,304200,300,85
43,G3,304500,300,71
26,D2,304800,300,59
33,A2,305100,300,85
38,D3,305400,300,92
41,F3,305700,300,85
45,A3,306000,300,88
41,F3,306300,300,70
27,D#2,306600,300,55
34,A#2,306900,300,84
39,D#3,307200,300,89
43,G3,307500,300,86
46,A#3,307800,300,86
43,G3,308100,300,68
29,F2,308400,300,57
36,C3,308700,300,88
41,F3,309000,300,88
45,A3,309300,300,88
48,C4,309600,300,85
45,A3,309900,300,68
38,D3,310200,3600,80
46,A#3,313800,3600,80
31,G2,313800,3600,80
31,G2,313800,300,57
38,D3,314100,300,88
43,G3,314400,300,89
46,A#3,314700,300,85
50,D4,315000,537,85
31,G2,315600,300,60
38,D3,315900,300,84
43,G3,316200,1081,87
31,G2,317400,300,60
38,D3,317700,300,85
43,G3,318000,300,89
46,A#3,318300,300,84
50,D4,318600,300,86
46,A#3,318900,300,70
31,G2,319200,300,58
38,D3,319500,300,85
43,G3,319800,300,92
46,A#3,320100,300,84
50,D4,320400,300,87
46,A#3,320700,300,69
34,A#2,321000,300,55
41,F3,321300,300,86
46,A#3,321600,300,92
50,D4,321900,300,86
53,F4,322200,300,88
50,D4,322500,300,70
34,A#2,322800,300,56
41,F3,323100,300,86
46,A#3,323400,300,89
50,D4,323700,300,86
53,F4,324000,300,87
50,D4,324300,300,68
31,G2,324600,300,56
38,D3,324900,300,84
43,G3,325200,300,89
46,A#3,325500,300,83
50,D4,325800,300,87
46,A#3,326100,300,69
31,G2,326400,300,58
38,D3,326700,300,88
43,G3,327000,300,88
46,A#3,327300,300,83
50,D4,327600,300,89
46,A#3,327900,300,68
34,A#2,328200,300,57
41,F3,328500,300,86
46,A#3,328800,300,91
50,D4,329100,300,85
53,F4,329400,300,86
50,D4,329700,300,70
34,A#2,330000,300,56
41,F3,330300,300,85
46,A#3,330600,300,90
50,D4,330900,300,87
53,F4,331200,300,88
50,D4,331500,300,69
27,D#2,331800,300,59
34,A#2,332100,300,85
39,D#3,332400,300,89
43,G3,332700,300,88
46,A#3,333000,300,86
43,G3,333300,300,70
29,F2,333600,300,55
36,C3,333900,300,86
41,F3,334200,300,88
45,A3,334500,300,88
48,C4,334800,300,85
45,A3,335100,300,71
29,F2,335400,300,59
36,C3,335700,300,85
41,F3,336000,300,92
45,A3,336300,300,86
48,C4,336600,300,86
45,A3,336900,300,69
27,D#2,337200,300,57
34,A#2,337500,300,86
39,D#3,337800,300,89
43,G3,338100,300,84
46,A#3,338400,300,86
43,G3,338700,300,70
27,D#2,339000,300,57
34,A#2,339300,300,86
39,D#3,339600,300,90
43,G3,339900,300,86
46,A#3,340200,300,88
43,G3,340500,300,69
29,F2,340800,300,58
36,C3,341100,300,87
41,F3,341400,300,90
45,A3,341700,300,86
48,C4,342000,300,89
45,A3,342300,300,68
31,G2,342600,300,59
38,D3,342900,300,84
43,G3,343200,300,88
46,A#3,343500,300,85
50,D4,343800,300,86
46,A#3,344100,300,69
31,G2,344400,300,55
38,D3,344700,300,84
43,G3,345000,1081,88
31,G2,346200,300,61
38,D3,346500,300,87
43,G3,346800,300,89
46,A#3,347100,300,83
50,D4,347400,300,87
46,A#3,347700,300,69
31,G2,348000,300,58
38,D3,348300,300,85
43,G3,348600,300,91
46,A#3,348900,300,86
50,D4,349200,300,86
46,A#3,349500,300,69
34,A#2,349800,300,58
41,F3,350100,300,85
46,A#3,350400,300,90
50,D4,350700,300,85
53,F4,351000,300,86
50,D4,351300,300,71
34,A#2,351600,300,59
41,F3,351900,300,85
46,A#3,352200,300,89
50,D4,352500,300,86
53,F4,352800,300,88
50,D4,353100,300,70
31,G2,353400,300,56
38,D3,353700,300,86
43,G3,354000,300,88
46,A#3,354300,300,85
50,D4,354600,300,89
46,A#3,354900,300,67
31,G2,355200,300,57
38,D3,355500,300,86
43,G3,355800,300,89
46,A#3,356100,300,83
50,D4,356400,300,86
46,A#3,356700,300,71
34,A#2,357000,300,59
41,F3,357300,300,87
46,A#3,357600,300,89
50,D4,357900,300,86
53,F4,358200,300,87
50,D4,358500,300,69
34,A#2,358800,300,55
41,F3,359100,300,87
46,A#3,359400,300,89
50,D4,359700,300,87
53,F4,360000,300,88
50,D4,360300,300,70
27,D#2,360600,300,56
34,A#2,360900,300,88
39,D#3,361200,300,91
43,G3,361500,300,84
46,A#3,361800,300,86
43,G3,362100,300,71
29,F2,362400,300,57
36,C3,362700,300,88
41,F3,363000,300,91
45,A3,363300,300,85
48,C4,363600,300,85
45,A3,363900,300,70
29,F2,364200,300,57
36,C3,364500,300,88
41,F3,364800,300,92
45,A3,365100,300,85
48,C4,365400,300,86
45,A3,365700,300,70
27,D#2,366000,300,59
34,A#2,366300,300,85
39,D#3,366600,300,90
43,G3,366900,300,85
46,A#3,367200,300,86
43,G3,367500,300,69
27,D#2,367800,300,56
34,A#2,368100,300,87
39,D#3,368400,300,89
43,G3,368700,300,87
46,A#3,369000,300,88
43,G3,369300,300,70
29,F2,369600,300,57
36,C3,369900,300,86
41,F3,370200,300,91
45,A3,370500,300,85
48,C4,370800,300,89
45,A3,371100,300,69
31,G2,371400,300,58
38,D3,371700,300,87
43,G3,372000,300,91
46,A#3,372300,300,83
50,D4,372600,300,89
46,A#3,372900,300,68
31,G2,373200,300,59
38,D3,373500,300,84
43,G3,373800,1081,85
27,D#2,375000,537,62
34,A#2,375600,537,85
39,D#3,376200,537,86
29,F2,376800,537,61
36,C3,377400,537,85
41,F3,378000,537,89
31,G2,378600,300,62
38,D3,378900,300,85
43,G3,379200,300,92
46,A#3,379500,300,83
50,D4,379800,300,87
46,A#3,380100,300,71
31,G2,380400,300,59
38,D3,380700,300,84
43,G3,381000,1081,88
27,D#2,382200,300,60
34,A#2,382500,300,88
39,D#3,382800,300,91
43,G3,383100,300,87
46,A#3,383400,300,86
43,G3,383700,300,71
29,F2,384000,300,59
36,C3,384300,300,86
41,F3,384600,300,91
45,A3,384900,300,86
48,C4,385200,300,88
45,A3,385500,300,69
26,D2,385800,300,57
33,A2,386100,300,88
38,D3,386400,300,91
41,F3,386700,300,86
45,A3,387000,300,87
41,F3,387300,300,71
31,G2,387600,300,61
38,D3,387900,300,85
43,G3,388200,300,88
46,A#3,388500,300,85
50,D4,388800,300,86
46,A#3,389100,300,68
27,D#2,389400,300,58
34,A#2,389700,300,88
39,D#3,390000,300,90
43,G3,390300,300,86
46,A#3,390600,300,88
43,G3,390900,300,72
29,F2,391200,300,55
36,C3,391500,300,87
41,F3,391800,300,90
45,A3,392100,300,87
48,C4,392400,300,86
45,A3,392700,300,71
31,G2,393000,300,56
38,D3,393300,300,86
43,G3,393600,300,90
46,A#3,393900,300,82
55,G4,394200,537,92
27,D#2,394800,300,59
34,A#2,395100,300,86
39,D#3,395400,300,88
43,G3,395700,300,87
46,A#3,396000,300,88
43,G3,396300,300,69
29,F2,396600,300,56
36,C3,396900,300,85
41,F3,397200,300,92
45,A3,397500,300,88
48,C4,397800,300,87
45,A3,398100,300,70
26,D2,398400,300,58
33,A2,398700,300,85
38,D3,399000,300,91
41,F3,399300,300,83
45,A3,399600,300,87
41,F3,399900,300,70
27,D#2,400200,300,56
34,A#2,400500,300,87
39,D#3,400800,300,92
43,G3,401100,300,86
46,A#3,401400,300,88
43,G3,401700,300,70
27,D#2,402000,300,56
34,A#2,402300,300,86
39,D#3,402600,300,89
43,G3,402900,300,87
46,A#3,403200,300,85
43,G3,403500,300,70
29,F2,403800,300,58
36,C3,404100,300,88
41,F3,404400,300,89
45,A3,404700,300,88
48,C4,405000,300,88
45,A3,405300,300,70
31,G2,405600,300,55
38,D3,405900,300,87
43,G3,406200,300,88
46,A#3,406500,300,85
50,D4,406800,300,90
55,G4,407100,268,86