47,B3,0,289,50
50,D4,306,289,50
45,A3,612,306,50
57,A4,918,306,50
50,D4,918,580,50
50,D4,1530,290,50
45,A3,1836,306,50
49,C#4,2142,306,50
57,A4,2142,306,50
50,D4,2142,290,50
47,B3,2448,290,50
50,D4,2755,289,50
57,A4,3061,289,50
50,D4,3367,289,50
50,D4,3673,290,50
45,A3,3979,306,50
50,D4,4285,306,50
49,C#4,4285,290,50
50,D4,4591,290,56
47,B3,4897,290,64
50,D4,5204,289,64
57,A4,5510,289,64
50,D4,5816,289,64
49,C#4,6122,306,64
45,A3,6428,306,64
50,D4,6428,290,64
57,A4,6734,290,64
50,D4,7040,290,64
45,A3,7346,290,64
50,D4,7653,289,64
57,A4,7959,289,64
50,D4,8265,289,64
50,D4,8571,289,64
50,D4,8877,290,64
45,A3,9183,306,64
49,C#4,9489,306,64
50,D4,9489,290,64
45,A3,9795,918,64
47,B3,10713,919,64
45,A3,10713,306,64
50,D4,11019,306,64
50,D4,11019,289,64
50,D4,11325,290,64
45,A3,11631,306,64
52,E4,11937,306,64
49,C#4,11937,290,64
47,B3,12243,918,64
50,D4,13161,919,64
50,D4,13161,289,64
50,D4,13467,289,64
50,D4,13773,290,64
45,A3,14079,306,64
49,C#4,14385,306,64
50,D4,14385,290,64
45,A3,14691,918,64
47,B3,15609,918,64
50,D4,15609,919,64
50,D4,15609,289,64
50,D4,15915,289,64
50,D4,16221,290,64
45,A3,16527,306,64
49,C#4,16833,306,64
54,F#4,16833,306,64
50,D4,16833,290,64
45,A3,17139,918,64
50,D4,18057,919,64
49,C#4,18057,289,64
50,D4,18363,289,64
45,A3,18669,306,64
54,F#4,18975,306,64
45,A3,18975,306,64
54,F#4,19281,306,64
45,A3,19281,306,64
54,F#4,19587,306,64
45,A3,19587,918,64
50,D4,20505,918,64
55,G4,20505,919,64
50,D4,20505,306,64
52,E4,20811,306,64
45,A3,20811,306,64
52,E4,20811,289,64
52,E4,21117,290,64
45,A3,21423,306,64
49,C#4,21729,306,64
52,E4,21729,306,64
54,F#4,21729,290,64
45,A3,22035,918,64
50,D4,22953,918,64
54,F#4,22953,919,64
49,C#4,22953,289,64
50,D4,23259,289,64
45,A3,23565,290,64
50,D4,23871,290,64
54,F#4,24177,290,64
50,D4,24483,306,64
54,F#4,24789,306,64
45,A3,24789,306,64
52,E4,24789,290,64
45,A3,25096,306,64
52,E4,25402,306,64
45,A3,25402,306,64
52,E4,25708,306,64
45,A3,25708,306,64
52,E4,26014,306,64
45,A3,26014,306,64
52,E4,26320,306,64
45,A3,26320,306,64
49,C#4,26626,306,64
52,E4,26626,306,64
50,D4,26626,290,64
45,A3,26932,612,64
50,D4,27544,613,64
45,A3,27544,306,68
50,D4,27850,306,68
45,A3,27850,306,70
50,D4,28156,306,70
45,A3,28156,306,72
50,D4,28462,306,72
54,F#4,28462,306,72
57,A4,28462,306,74
45,A3,28768,306,74
50,D4,28768,306,74
45,A3,28768,306,76
50,D4,29074,306,76
57,A4,29074,306,76
50,D4,29074,306,78
57,A4,29380,306,78
45,A3,29380,306,78
47,B3,29380,459,80
50,D4,29839,459,80
55,G4,29839,459,80
59,B4,29839,459,80
47,B3,29839,459,80
50,D4,30298,460,80
47,B3,30298,306,80
50,D4,30604,306,80
59,B4,30604,306,80
50,D4,30604,306,80
59,B4,30910,306,80
47,B3,30910,306,80
47,B3,30910,306,80
50,D4,31216,306,80
57,A4,31216,306,80
57,A4,31216,306,80
50,D4,31522,306,80
52,E4,31522,306,80
55,G4,31522,290,80
45,A3,31828,459,80
50,D4,32287,459,80
54,F#4,32287,459,80
45,A3,32287,459,80
50,D4,32746,460,80
50,D4,32746,306,80
54,F#4,33052,306,80
45,A3,33052,306,80
50,D4,33358,306,80
54,F#4,33358,306,80
45,A3,33358,306,80
50,D4,33664,306,80
54,F#4,33664,306,80
45,A3,33664,306,80
50,D4,33970,306,80
54,F#4,33970,306,80
45,A3,33970,306,80
57,A4,34276,306,80
45,A3,34276,306,80
50,D4,34582,306,80
57,A4,34582,306,80
45,A3,34582,306,80
52,E4,34888,307,80
45,A3,34888,306,80
52,E4,35194,306,80
45,A3,35194,306,80
52,E4,35500,306,80
45,A3,35500,306,80
52,E4,35806,306,80
45,A3,35806,306,80
52,E4,36112,306,80
45,A3,36112,306,80
50,D4,36418,306,80
55,G4,36418,306,80
50,D4,36418,306,80
54,F#4,36724,306,80
45,A3,36724,612,80
50,D4,37336,612,80
54,F#4,37336,613,80
45,A3,37336,306,80
50,D4,37642,306,80
45,A3,37642,306,80
50,D4,37948,306,80
50,D4,37948,306,80
54,F#4,38254,306,80
45,A3,38254,306,80
45,A3,38254,306,80
50,D4,38560,306,80
57,A4,38560,306,80
45,A3,38560,306,80
50,D4,38866,306,80
57,A4,38866,306,80
45,A3,38866,306,80
50,D4,39172,306,80
57,A4,39172,306,80
47,B3,39172,459,80
50,D4,39631,459,80
55,G4,39631,459,80
59,B4,39631,459,80
47,B3,39631,459,80
50,D4,40090,460,80
47,B3,40090,306,80
50,D4,40396,306,80
59,B4,40396,306,80
47,B3,40396,306,80
50,D4,40702,306,80
59,B4,40702,306,80
50,D4,40702,306,80
57,A4,41008,306,80
45,A3,41008,306,80
45,A3,41008,306,80
50,D4,41314,306,80
57,A4,41314,306,80
45,A3,41314,306,80
50,D4,41620,306,80
55,G4,41620,306,80
45,A3,41620,612,80
50,D4,42232,612,80
54,F#4,42232,612,80
45,A3,42232,306,80
50,D4,42538,306,80
54,F#4,42538,307,80
45,A3,42538,306,80
50,D4,42844,306,80
54,F#4,42844,306,80
45,A3,42844,306,80
50,D4,43150,306,80
54,F#4,43150,306,80
45,A3,43150,306,80
50,D4,43456,306,80
54,F#4,43456,306,80
50,D4,43456,306,80
54,F#4,43762,306,80
45,A3,43762,306,80
45,A3,43762,306,80
50,D4,44068,306,80
57,A4,44068,306,80
45,A3,44068,306,80
50,D4,44374,306,80
57,A4,44374,306,80
45,A3,44374,306,80
50,D4,44680,306,80
52,E4,44680,306,80
45,A3,44680,306,80
50,D4,44986,306,80
52,E4,44986,307,80
45,A3,44986,306,80
50,D4,45292,306,80
52,E4,45292,306,80
45,A3,45292,306,80
50,D4,45598,306,80
52,E4,45598,306,80
45,A3,45598,306,80
50,D4,45904,306,80
52,E4,45904,306,80
52,E4,45904,306,80
55,G4,46210,306,80
45,A3,46210,306,80
50,D4,46210,306,80
54,F#4,46210,290,80
45,A3,46516,612,80
50,D4,47128,612,80
54,F#4,47128,612,80
50,D4,47128,306,80
62,D5,47434,307,80
54,F#4,47434,306,80
66,F#5,47740,306,80
54,F#4,47740,306,80
66,F#5,48046,306,80
52,E4,48046,306,80
64,E5,48352,306,80
52,E4,48352,306,80
64,E5,48658,306,80
50,D4,48658,306,80
62,D5,48964,306,80
47,B3,48964,459,80
50,D4,49423,459,80
55,G4,49423,459,80
62,D5,49423,459,80
50,D4,49423,435,80
50,D4,49883,153,80
52,E4,50036,153,80
45,A3,50189,306,80
54,F#4,50495,306,80
50,D4,50495,153,80
52,E4,50648,153,80
49,C#4,50801,612,80
54,F#4,51413,612,80
45,A3,51413,612,80
45,A3,51413,459,80
50,D4,51872,459,80
45,A3,51872,435,80
47,B3,52332,153,80
50,D4,52485,153,80
52,E4,52485,153,80
54,F#4,52638,289,80
57,A4,52944,289,80
52,E4,53250,76,80
54,F#4,53326,77,80
52,E4,53403,153,80
50,D4,53556,290,80
47,B3,53862,918,80
50,D4,54780,919,80
45,A3,54780,153,80
50,D4,54933,153,80
52,E4,54933,153,80
45,A3,55086,306,80
54,F#4,55392,306,80
50,D4,55392,153,80
52,E4,55545,153,80
50,D4,55698,612,80
54,F#4,56310,612,80
45,A3,56310,612,80
45,A3,56310,612,80
50,D4,56922,612,80
50,D4,56922,306,80
62,D5,57228,307,80
54,F#4,57228,306,80
66,F#5,57534,306,80
54,F#4,57534,306,80
66,F#5,57840,306,80
52,E4,57840,306,80
64,E5,58146,306,80
52,E4,58146,306,80
64,E5,58452,306,80
50,D4,58452,306,80
62,D5,58758,306,80
50,D4,58758,918,80
62,D5,59676,918,80
62,D5,59676,154,80
64,E5,59830,153,80
66,F#5,59983,289,80
57,A4,60289,153,80
62,D5,60442,153,80
64,E5,60442,153,80
57,A4,60595,612,80
61,C#5,61207,612,80
66,F#5,61207,612,80
57,A4,61207,459,80
62,D5,61666,459,80
57,A4,61666,435,80
62,D5,62125,154,80
64,E5,62279,153,80
66,F#5,62432,289,80
69,A5,62738,289,80
64,E5,63044,76,80
66,F#5,63120,77,80
64,E5,63197,153,80
62,D5,63350,290,80
57,A4,63656,459,80
62,D5,64115,459,80
57,A4,64115,435,80
62,D5,64574,154,80
64,E5,64728,153,80
57,A4,64881,306,80
66,F#5,65187,306,80
62,D5,65187,153,80
64,E5,65340,153,80
61,C#5,65493,612,80
66,F#5,66105,612,80
57,A4,66105,612,80
50,D4,66105,612,80
57,A4,66717,612,80
62,D5,66717,612,80
50,D4,66717,306,80
62,D5,67023,306,80
54,F#4,67023,306,82
66,F#5,67329,307,82
54,F#4,67329,306,85
66,F#5,67635,306,85
52,E4,67635,306,88
64,E5,67941,306,88
52,E4,67941,306,90
64,E5,68247,306,90
50,D4,68247,306,93
62,D5,68553,306,93
62,D5,68553,612,96
50,D4,69165,612,96
55,G4,69165,612,96
57,A4,69165,612,96
50,D4,69165,306,96
55,G4,69471,306,96
57,A4,69471,306,96
62,D5,69471,306,96
50,D4,69471,306,96
55,G4,69777,306,96
57,A4,69777,306,96
62,D5,69777,307,96
52,E4,69777,612,96
55,G4,70389,612,96
57,A4,70389,612,96
62,D5,70389,612,96
50,D4,70389,306,96
55,G4,70695,306,96
57,A4,70695,306,96
62,D5,70695,306,96
50,D4,70695,306,96
55,G4,71001,306,96
57,A4,71001,306,96
62,D5,71001,306,96
62,D5,71001,612,96
50,D4,71613,612,96
54,F#4,71613,612,96
57,A4,71613,612,96
50,D4,71613,306,96
54,F#4,71919,306,96
57,A4,71919,306,96
62,D5,71919,306,96
50,D4,71919,306,96
54,F#4,72225,306,96
57,A4,72225,306,96
62,D5,72225,307,96
50,D4,72225,306,96
54,F#4,72531,306,96
57,A4,72531,306,96
62,D5,72531,306,96
49,C#4,72531,306,96
54,F#4,72837,306,96
57,A4,72837,306,96
61,C#5,72837,306,96
50,D4,72837,306,96
54,F#4,73143,306,96
57,A4,73143,306,96
62,D5,73143,306,96
61,C#5,73143,306,96
49,C#4,73449,306,96
54,F#4,73449,306,96
50,D4,73449,612,96
55,G4,74061,612,96
57,A4,74061,612,96
62,D5,74061,612,96
50,D4,74061,306,96
55,G4,74367,306,96
57,A4,74367,306,96
62,D5,74367,306,96
50,D4,74367,306,96
55,G4,74673,306,96
57,A4,74673,306,96
62,D5,74673,307,96
52,E4,74673,612,96
55,G4,75285,612,96
57,A4,75285,612,96
62,D5,75285,612,96
52,E4,75285,306,96
55,G4,75591,306,96
57,A4,75591,306,96
62,D5,75591,306,96
57,A4,75591,306,96
62,D5,75897,306,96
52,E4,75897,306,96
55,G4,75897,306,96
50,D4,75897,612,96
54,F#4,76509,612,96
57,A4,76509,612,96
62,D5,76509,612,96
50,D4,76509,306,96
54,F#4,76815,306,96
57,A4,76815,306,96
62,D5,76815,306,96
54,F#4,76815,306,96
66,F#5,77121,306,96
54,F#4,77121,306,96
66,F#5,77427,307,96
52,E4,77427,306,96
64,E5,77733,306,96
52,E4,77733,306,96
64,E5,78039,306,96
50,D4,78039,306,96
62,D5,78345,306,96
50,D4,78345,612,96
55,G4,78957,612,96
57,A4,78957,612,96
62,D5,78957,612,96
50,D4,78957,306,96
55,G4,79263,306,96
57,A4,79263,306,96
62,D5,79263,306,96
57,A4,79263,306,96
62,D5,79569,306,96
50,D4,79569,306,96
55,G4,79569,306,96
52,E4,79569,612,96
55,G4,80181,612,96
57,A4,80181,612,96
62,D5,80181,613,96
52,E4,80181,306,96
55,G4,80487,306,96
57,A4,80487,306,96
62,D5,80487,306,96
57,A4,80487,306,96
62,D5,80793,306,96
52,E4,80793,306,96
55,G4,80793,306,96
50,D4,80793,612,96
54,F#4,81405,612,96
57,A4,81405,612,96
62,D5,81405,612,96
50,D4,81405,306,96
54,F#4,81711,306,96
57,A4,81711,306,96
62,D5,81711,306,96
57,A4,81711,306,96
62,D5,82017,306,96
50,D4,82017,306,96
54,F#4,82017,306,96
50,D4,82017,306,96
54,F#4,82323,306,96
57,A4,82323,306,96
62,D5,82323,307,96
49,C#4,82323,306,96
54,F#4,82629,306,96
57,A4,82629,306,96
61,C#5,82629,306,96
57,A4,82629,306,96
62,D5,82935,306,96
50,D4,82935,306,96
54,F#4,82935,306,96
49,C#4,82935,306,96
61,C#5,83241,306,96
57,A4,83241,612,96
62,D5,83853,612,96
50,D4,83853,612,96
55,G4,83853,612,96
50,D4,83853,306,96
55,G4,84159,306,96
57,A4,84159,306,96
62,D5,84159,306,96
50,D4,84159,306,96
55,G4,84465,306,96
57,A4,84465,306,96
62,D5,84465,306,96
52,E4,84465,612,96
55,G4,85077,612,96
57,A4,85077,612,96
62,D5,85077,613,96
52,E4,85077,306,96
55,G4,85383,306,96
57,A4,85383,306,96
62,D5,85383,306,96
52,E4,85383,306,96
55,G4,85689,306,96
57,A4,85689,306,96
62,D5,85689,306,96
57,A4,85689,612,96
62,D5,86301,612,96
50,D4,86301,612,96
54,F#4,86301,612,96
50,D4,86301,306,96
54,F#4,86607,306,96
50,D4,86607,306,96
62,D5,86913,306,96
50,D4,86913,306,96
62,D5,87219,307,96
50,D4,87219,306,96
62,D5,87525,306,96
49,C#4,87525,306,96
61,C#5,87831,306,96
47,B3,87831,306,96
50,D4,88137,306,96
62,D5,88137,306,96
50,D4,88137,459,96
59,B4,88596,459,96
50,D4,88596,153,96
55,G4,88749,153,96
47,B3,88749,290,96
50,D4,89055,306,96
55,G4,89361,306,96
62,D5,89361,306,96
62,D5,89361,306,96
50,D4,89667,306,96
55,G4,89667,307,96
50,D4,89667,306,96
55,G4,89973,306,96
62,D5,89973,306,96
55,G4,89973,306,96
64,E5,90279,306,96
52,E4,90279,306,96
49,C#4,90279,306,96
55,G4,90585,306,96
61,C#5,90585,306,96
50,D4,90585,459,96
54,F#4,91044,459,96
62,D5,91044,459,96
50,D4,91044,459,96
54,F#4,91503,459,96
57,A4,91503,306,96
62,D5,91809,306,96
50,D4,91809,306,96
54,F#4,91809,306,96
50,D4,91809,306,96
54,F#4,92115,306,96
57,A4,92115,306,96
62,D5,92115,307,96
50,D4,92115,306,96
54,F#4,92421,306,96
57,A4,92421,306,96
62,D5,92421,306,96
57,A4,92421,306,96
61,C#5,92727,306,96
50,D4,92727,306,96
54,F#4,92727,306,96
50,D4,92727,306,96
62,D5,93033,306,96
50,D4,93033,459,96
55,G4,93492,459,96
59,B4,93492,459,96
50,D4,93492,459,96
55,G4,93951,459,96
50,D4,93951,306,96
55,G4,94257,306,96
62,D5,94257,306,96
50,D4,94257,306,96
55,G4,94563,306,96
62,D5,94563,307,96
50,D4,94563,306,96
62,D5,94869,306,96
66,F#5,94869,306,96
54,F#4,95175,306,96
50,D4,95175,306,96
62,D5,95481,306,96
50,D4,95481,459,96
54,F#4,95940,459,96
62,D5,95940,459,96
50,D4,95940,459,96
54,F#4,96399,459,96
50,D4,96399,306,96
54,F#4,96705,306,96
62,D5,96705,306,96
50,D4,96705,306,96
54,F#4,97011,306,96
62,D5,97011,306,96
54,F#4,97011,306,96
66,F#5,97317,307,96
54,F#4,97317,306,96
62,D5,97623,306,96
66,F#5,97623,306,96
54,F#4,97623,306,96
62,D5,97929,306,96
66,F#5,97929,306,96
62,D5,97929,459,96
67,G5,98388,459,96
55,G4,98388,459,96
55,G4,98388,459,96
62,D5,98847,459,96
55,G4,98847,306,96
62,D5,99153,306,96
64,E5,99153,306,96
55,G4,99153,306,96
62,D5,99459,306,96
64,E5,99459,306,96
55,G4,99459,306,96
64,E5,99765,307,96
55,G4,99765,306,96
62,D5,100071,306,96
64,E5,100071,306,96
55,G4,100071,306,96
62,D5,100377,306,96
66,F#5,100377,306,96
62,D5,100377,459,96
66,F#5,100836,459,96
54,F#4,100836,459,96
57,A4,100836,459,96
62,D5,101295,459,96
57,A4,101295,459,96
62,D5,101754,459,96
57,A4,101754,459,96
62,D5,102213,460,96
54,F#4,102213,306,96
62,D5,102519,306,96
54,F#4,102519,306,96
66,F#5,102825,306,96
54,F#4,102825,306,96
66,F#5,103131,306,96
52,E4,103131,306,96
64,E5,103437,306,96
52,E4,103437,306,96
64,E5,103743,306,96
52,E4,103743,306,96
57,A4,104049,306,96
64,E5,104049,306,96
52,E4,104049,306,96
57,A4,104355,306,96
64,E5,104355,306,96
52,E4,104355,306,96
57,A4,104661,306,96
64,E5,104661,307,96
52,E4,104661,306,96
57,A4,104967,306,96
64,E5,104967,306,96
52,E4,104967,306,96
62,D5,105273,306,96
52,E4,105273,612,96
55,G4,105885,612,96
62,D5,105885,612,96
50,D4,105885,306,96
62,D5,106191,306,96
50,D4,106191,306,96
62,D5,106497,306,96
54,F#4,106497,306,96
66,F#5,106803,306,96
57,A4,106803,306,96
62,D5,107109,306,96
69,A5,107109,307,96
57,A4,107109,306,96
62,D5,107415,306,96
69,A5,107415,306,96
62,D5,107415,306,96
69,A5,107721,306,96
57,A4,107721,306,96
59,B4,107721,459,96
62,D5,108180,459,96
71,B5,108180,459,96
62,D5,108180,459,96
59,B4,108639,459,96
59,B4,108639,306,96
62,D5,108945,306,96
71,B5,108945,306,96
59,B4,108945,306,96
62,D5,109251,306,96
71,B5,109251,306,96
57,A4,109251,306,96
69,A5,109557,307,96
57,A4,109557,306,96
61,C#5,109863,306,96
69,A5,109863,306,96
55,G4,109863,306,96
67,G5,110169,306,96
54,F#4,110169,459,96
62,D5,110628,459,96
66,F#5,110628,459,96
54,F#4,110628,459,96
62,D5,111087,459,96
54,F#4,111087,306,96
62,D5,111393,306,96
66,F#5,111393,306,96
62,D5,111393,306,96
66,F#5,111699,306,96
54,F#4,111699,306,96
54,F#4,111699,306,96
62,D5,112005,306,96
66,F#5,112005,307,96
54,F#4,112005,306,96
62,D5,112311,306,96
66,F#5,112311,306,96
57,A4,112311,306,96
62,D5,112617,306,96
69,A5,112617,306,96
57,A4,112617,306,96
62,D5,112923,306,96
69,A5,112923,306,96
52,E4,112923,612,96
64,E5,113535,612,96
52,E4,113535,306,96
57,A4,113841,306,96
64,E5,113841,306,96
52,E4,113841,306,96
57,A4,114147,306,96
64,E5,114147,306,96
52,E4,114147,306,96
57,A4,114453,306,96
64,E5,114453,307,96
55,G4,114453,306,96
67,G5,114759,306,96
54,F#4,114759,306,96
62,D5,115065,306,96
66,F#5,115065,306,96
62,D5,115065,612,96
66,F#5,115677,612,96
54,F#4,115677,612,96
50,D4,115677,306,96
54,F#4,115983,306,96
62,D5,115983,306,96
50,D4,115983,306,96
54,F#4,116289,306,96
62,D5,116289,306,96
54,F#4,116289,306,96
66,F#5,116595,306,96
57,A4,116595,306,96
62,D5,116901,306,96
69,A5,116901,306,96
57,A4,116901,306,96
62,D5,117207,306,96
69,A5,117207,307,96
62,D5,117207,306,96
69,A5,117513,306,96
57,A4,117513,306,96
59,B4,117513,459,96
62,D5,117972,459,96
67,G5,117972,459,96
71,B5,117972,459,96
59,B4,117972,459,96
62,D5,118431,459,96
59,B4,118431,306,96
62,D5,118737,306,96
71,B5,118737,306,96
59,B4,118737,306,96
62,D5,119043,306,96
71,B5,119043,306,96
57,A4,119043,306,96
61,C#5,119349,306,96
69,A5,119349,306,96
57,A4,119349,306,96
61,C#5,119655,306,96
69,A5,119655,307,96
55,G4,119655,306,96
67,G5,119961,306,96
54,F#4,119961,612,96
62,D5,120573,612,96
66,F#5,120573,612,96
54,F#4,120573,306,96
62,D5,120879,306,96
66,F#5,120879,306,96
54,F#4,120879,306,96
62,D5,121185,306,96
66,F#5,121185,306,96
54,F#4,121185,306,96
62,D5,121491,306,96
66,F#5,121491,306,96
54,F#4,121491,306,96
62,D5,121797,306,96
66,F#5,121797,306,96
54,F#4,121797,306,96
62,D5,122103,306,96
66,F#5,122103,307,96
57,A4,122103,306,96
62,D5,122409,306,96
69,A5,122409,306,96
57,A4,122409,306,96
62,D5,122715,306,96
69,A5,122715,306,96
52,E4,122715,306,96
64,E5,123021,306,96
64,E5,123021,306,96
52,E4,123327,306,96
52,E4,123327,306,96
64,E5,123633,306,96
52,E4,123633,306,96
64,E5,123939,306,96
52,E4,123939,306,96
64,E5,124245,306,96
55,G4,124245,306,96
67,G5,124551,307,96
54,F#4,124551,306,96
62,D5,124857,306,96
66,F#5,124857,306,96
54,F#4,124857,612,96
62,D5,125469,612,96
66,F#5,125469,612,96
54,F#4,125469,306,96
62,D5,125775,306,96
54,F#4,125775,306,96
66,F#5,126081,306,96
54,F#4,126081,306,96
66,F#5,126387,306,96
52,E4,126387,306,96
64,E5,126693,306,96
64,E5,126693,306,96
52,E4,126999,307,96
50,D4,126999,306,96
62,D5,127305,306,96
50,D4,127305,612,96
55,G4,127917,612,96
57,A4,127917,612,96
62,D5,127917,612,96
50,D4,127917,306,96
55,G4,128223,306,96
57,A4,128223,306,96
62,D5,128223,306,96
50,D4,128223,306,96
55,G4,128529,306,96
57,A4,128529,306,96
62,D5,128529,306,96
52,E4,128529,612,96
55,G4,129141,612,96
57,A4,129141,612,96
62,D5,129141,612,96
52,E4,129141,306,96
55,G4,129447,306,96
57,A4,129447,306,96
62,D5,129447,307,96
62,D5,129447,306,96
52,E4,129753,306,96
55,G4,129753,306,96
57,A4,129753,306,96
50,D4,129753,612,96
54,F#4,130365,612,96
57,A4,130365,612,96
62,D5,130365,612,96
50,D4,130365,306,96
54,F#4,130671,306,96
57,A4,130671,306,96
62,D5,130671,306,96
50,D4,130671,306,96
54,F#4,130977,306,96
57,A4,130977,306,96
62,D5,130977,306,96
50,D4,130977,306,96
54,F#4,131283,306,96
57,A4,131283,306,96
62,D5,131283,306,96
49,C#4,131283,306,96
54,F#4,131589,306,96
57,A4,131589,306,96
61,C#5,131589,306,96
62,D5,131589,306,96
50,D4,131895,306,96
54,F#4,131895,306,96
57,A4,131895,307,96
49,C#4,131895,306,96
57,A4,132201,306,96
61,C#5,132201,306,96
50,D4,132201,612,96
55,G4,132813,612,96
57,A4,132813,612,96
62,D5,132813,612,96
50,D4,132813,306,96
55,G4,133119,306,96
57,A4,133119,306,96
62,D5,133119,306,96
50,D4,133119,306,96
55,G4,133425,306,96
57,A4,133425,306,96
62,D5,133425,306,96
52,E4,133425,612,96
55,G4,134037,612,96
57,A4,134037,612,96
62,D5,134037,612,96
57,A4,134037,306,96
62,D5,134343,306,96
52,E4,134343,306,96
55,G4,134343,307,96
52,E4,134343,306,96
55,G4,134649,306,96
57,A4,134649,306,96
62,D5,134649,306,96
50,D4,134649,612,96
54,F#4,135261,612,96
57,A4,135261,612,96
62,D5,135261,612,96
50,D4,135261,306,96
54,F#4,135567,306,96
62,D5,135567,306,96
54,F#4,135567,306,96
66,F#5,135873,306,96
54,F#4,135873,306,96
66,F#5,136179,306,96
52,E4,136179,306,96
64,E5,136485,306,96
52,E4,136485,306,96
64,E5,136791,306,96
50,D4,136791,306,96
62,D5,137097,307,96
62,D5,137097,612,96
50,D4,137709,612,96
55,G4,137709,612,96
57,A4,137709,612,96
50,D4,137709,306,96
55,G4,138015,306,96
57,A4,138015,306,96
62,D5,138015,306,96
50,D4,138015,306,96
55,G4,138321,306,96
57,A4,138321,306,96
62,D5,138321,306,96
52,E4,138321,612,96
55,G4,138933,612,96
57,A4,138933,612,96
62,D5,138933,612,96
52,E4,138933,306,96
55,G4,139239,306,96
57,A4,139239,306,96
62,D5,139239,306,96
52,E4,139239,306,96
55,G4,139545,306,96
57,A4,139545,306,96
62,D5,139545,307,96
62,D5,139545,612,96
50,D4,140157,612,96
54,F#4,140157,612,96
57,A4,140157,612,96
50,D4,140157,306,96
54,F#4,140463,306,96
57,A4,140463,306,96
62,D5,140463,306,96
50,D4,140463,306,96
54,F#4,140769,306,96
57,A4,140769,306,96
62,D5,140769,306,96
50,D4,140769,306,96
54,F#4,141075,306,96
57,A4,141075,306,96
62,D5,141075,306,96
49,C#4,141075,306,96
54,F#4,141381,306,96
57,A4,141381,306,96
61,C#5,141381,306,96
50,D4,141381,306,96
54,F#4,141687,306,96
57,A4,141687,306,96
62,D5,141687,306,96
61,C#5,141687,306,96
49,C#4,141993,306,96
54,F#4,141993,306,96
57,A4,141993,307,96
50,D4,141993,612,96
55,G4,142605,612,96
57,A4,142605,612,96
62,D5,142605,612,96
50,D4,142605,306,96
55,G4,142911,306,96
57,A4,142911,306,96
62,D5,142911,306,96
50,D4,142911,306,96
55,G4,143217,306,96
57,A4,143217,306,96
62,D5,143217,306,96
52,E4,143217,612,96
55,G4,143829,612,96
57,A4,143829,612,96
62,D5,143829,612,96
52,E4,143829,306,96
55,G4,144135,306,96
57,A4,144135,306,96
62,D5,144135,306,96
62,D5,144135,306,96
52,E4,144441,306,96
55,G4,144441,306,96
57,A4,144441,307,96
50,D4,144441,612,96
54,F#4,145053,612,96
57,A4,145053,612,96
62,D5,145053,612,96
50,D4,145053,289,96
54,F#4,145359,289,96
54,F#4,145665,290,96
52,E4,145971,290,96
52,E4,146277,290,96
50,D4,146583,290,96
50,D4,146890,153,96
45,A3,147043,153,96
50,D4,147196,153,96
52,E4,147349,153,96
54,F#4,147502,153,96
57,A4,147655,153,96
62,D5,147808,153,96
64,E5,147961,153,96
69,A5,148114,153,96
64,E5,148267,153,96
62,D5,148420,153,96
57,A4,148573,153,96
64,E5,148726,153,96
62,D5,148879,153,96
57,A4,149032,153,96
52,E4,149185,154,96
50,D4,149339,153,96
45,A3,149492,153,96
50,D4,149645,153,96
52,E4,149798,153,96
54,F#4,149951,153,96
57,A4,150104,153,96
62,D5,150257,153,96
64,E5,150410,153,96
66,F#5,150563,153,96
64,E5,150716,153,96
62,D5,150869,153,96
64,E5,151022,153,96
62,D5,151175,153,96
61,C#5,151328,153,96
59,B4,151481,153,96
61,C#5,151634,154,96
62,D5,151788,153,96
57,A4,151941,153,96
62,D5,152094,153,96
64,E5,152247,153,96
66,F#5,152400,153,96
69,A5,152553,153,96
74,D6,152706,153,96
76,E6,152859,153,96
78,F#6,153012,153,96
76,E6,153165,153,96
74,D6,153318,153,96
69,A5,153471,153,96
76,E6,153624,153,96
74,D6,153777,153,96
69,A5,153930,153,96
64,E5,154083,153,96
62,D5,154236,154,96
57,A4,154390,153,96
62,D5,154543,153,96
64,E5,154696,153,96
66,F#5,154849,153,96
69,A5,155002,153,96
74,D6,155155,153,96
76,E6,155308,153,96
81,A6,155461,153,96
76,E6,155614,153,96
74,D6,155767,153,96
69,A5,155920,153,96
76,E6,156073,153,96
74,D6,156226,153,96
69,A5,156379,153,96
64,E5,156532,153,96
62,D5,156685,154,96
59,B4,156839,153,96
56,G#4,156992,153,96
52,E4,157145,153,96
56,G#4,157298,153,96
59,B4,157451,153,96
64,E5,157604,153,96
68,G#5,157757,153,96
74,D6,157910,153,96
71,B5,158063,153,96
67,G5,158216,153,96
62,D5,158369,153,96
67,G5,158522,153,96
71,B5,158675,153,96
74,D6,158828,153,96
71,B5,158981,153,96
69,A5,159134,77,96
74,D6,159211,77,96
76,E6,159288,76,96
81,A6,159364,77,96
76,E6,159441,153,96
74,D6,159594,153,96
69,A5,159747,76,96
64,E5,159823,77,96
62,D5,159900,76,96
57,A4,159976,77,96
62,D5,160053,153,96
64,E5,160206,153,96
69,A5,160359,76,96
64,E5,160435,77,96
62,D5,160512,77,96
57,A4,160589,76,96
52,E4,160665,153,96
50,D4,160818,153,96
45,A3,160971,77,96
50,D4,161048,76,96
52,E4,161124,77,96
57,A4,161201,76,96
52,E4,161277,153,96
50,D4,161430,153,96
45,A3,161583,77,96
40,E3,161660,77,96
38,D3,161737,76,96
33,A2,161813,77,96
38,D3,161890,153,96
40,E3,162043,153,96
45,A3,162196,76,96
40,E3,162272,77,96
38,D3,162349,76,96
33,A2,162425,77,96
28,E2,162502,153,96
26,D2,162655,153,96
25,C#2,162808,2034,96
57,A4,164951,289,96
57,A4,165257,289,96
61,C#5,165563,290,96
61,C#5,165869,290,96
62,D5,166175,290,96
62,D5,166481,918,96
55,G4,167399,918,96
59,B4,167399,919,96
62,D5,167399,289,96
64,E5,167705,289,96
64,E5,168011,290,96
57,A4,168317,306,96
61,C#5,168623,306,96
64,E5,168623,306,96
66,F#5,168623,290,96
66,F#5,168929,918,96
57,A4,169847,918,96
62,D5,169847,919,96
66,F#5,169847,289,96
66,F#5,170153,289,96
64,E5,170459,290,96
57,A4,170765,306,96
64,E5,171071,306,96
57,A4,171071,306,96
64,E5,171377,306,96
57,A4,171377,459,96
64,E5,171836,460,96
62,D5,171836,435,96
62,D5,172295,289,96
64,E5,172601,306,96
57,A4,172907,306,96
64,E5,172907,290,96
57,A4,173213,306,96
64,E5,173519,306,96
57,A4,173519,306,96
62,D5,173825,306,96
66,F#5,173825,306,96
55,G4,173825,918,96
62,D5,174743,918,96
66,F#5,174743,919,96
57,A4,174743,289,96
57,A4,175049,289,96
61,C#5,175355,290,96
57,A4,175661,306,96
61,C#5,175967,306,96
62,D5,175967,290,96
57,A4,176273,459,96
62,D5,176732,460,96
57,A4,176732,434,96
57,A4,177191,306,96
62,D5,177497,306,96
57,A4,177497,306,96
64,E5,177803,306,96
64,E5,177803,306,96
57,A4,178109,306,96
57,A4,178109,306,96
61,C#5,178415,306,96
64,E5,178415,306,96
66,F#5,178415,290,96
57,A4,178721,459,96
62,D5,179180,459,96
66,F#5,179180,460,96
57,A4,179180,434,96
66,F#5,179639,306,96
57,A4,179945,306,96
62,D5,179945,306,96
57,A4,179945,306,96
62,D5,180251,306,96
66,F#5,180251,306,96
57,A4,180251,306,96
62,D5,180557,306,96
66,F#5,180557,306,96
57,A4,180557,306,96
62,D5,180863,306,96
66,F#5,180863,306,96
64,E5,180863,306,96
57,A4,181169,306,96
62,D5,181169,306,96
57,A4,181169,459,96
64,E5,181628,460,96
62,D5,181628,434,96
57,A4,182087,306,96
64,E5,182393,306,96
57,A4,182393,306,96
64,E5,182699,306,96
57,A4,182699,306,96
64,E5,183005,306,96
57,A4,183005,306,96
64,E5,183311,306,96
62,D5,183311,290,96
50,D4,183617,612,96
54,F#4,184229,612,96
62,D5,184229,613,96
50,D4,184229,306,96
57,A4,184535,306,96
62,D5,184535,306,96
54,F#4,184535,306,96
66,F#5,184841,306,96
54,F#4,184841,306,96
57,A4,185147,306,96
66,F#5,185147,306,96
64,E5,185147,306,96
52,E4,185453,306,96
52,E4,185453,306,96
64,E5,185759,306,96
50,D4,185759,306,96
62,D5,186065,306,96
50,D4,186065,612,96
55,G4,186677,612,96
57,A4,186677,612,96
62,D5,186677,613,96
55,G4,186677,306,96
57,A4,186983,306,96
62,D5,186983,306,96
50,D4,186983,306,96
50,D4,186983,306,96
55,G4,187289,306,96
57,A4,187289,306,96
62,D5,187289,306,96
52,E4,187289,612,96
55,G4,187901,612,96
57,A4,187901,612,96
62,D5,187901,612,96
57,A4,187901,306,96
62,D5,188207,306,96
52,E4,188207,306,96
55,G4,188207,306,96
52,E4,188207,306,96
55,G4,188513,306,96
57,A4,188513,306,96
62,D5,188513,306,96
50,D4,188513,612,96
54,F#4,189125,612,96
57,A4,189125,612,96
62,D5,189125,613,96
54,F#4,189125,306,96
57,A4,189431,306,96
62,D5,189431,306,96
50,D4,189431,306,96
50,D4,189431,306,96
54,F#4,189737,306,96
57,A4,189737,306,96
62,D5,189737,306,96
50,D4,189737,306,96
54,F#4,190043,306,96
57,A4,190043,306,96
62,D5,190043,306,96
57,A4,190043,306,96
61,C#5,190349,306,96
49,C#4,190349,306,96
54,F#4,190349,306,96
50,D4,190349,306,96
54,F#4,190655,306,96
57,A4,190655,306,96
62,D5,190655,306,96
49,C#4,190655,306,96
57,A4,190961,306,96
61,C#5,190961,306,96
62,D5,190961,612,96
50,D4,191573,612,96
55,G4,191573,612,96
57,A4,191573,613,96
50,D4,191573,306,96
55,G4,191879,306,96
57,A4,191879,306,96
62,D5,191879,306,96
50,D4,191879,306,96
55,G4,192185,306,96
57,A4,192185,306,96
62,D5,192185,306,96
62,D5,192185,612,96
52,E4,192797,612,96
55,G4,192797,612,96
57,A4,192797,612,96
52,E4,192797,306,96
55,G4,193103,306,96
57,A4,193103,306,96
62,D5,193103,306,96
52,E4,193103,306,96
55,G4,193409,306,96
57,A4,193409,306,96
62,D5,193409,306,96
62,D5,193409,612,96
50,D4,194021,612,96
54,F#4,194021,612,96
57,A4,194021,612,96
50,D4,194021,306,96
54,F#4,194327,306,96
57,A4,194327,306,96
62,D5,194327,307,96
54,F#4,194327,306,96
66,F#5,194633,306,96
54,F#4,194633,306,96
62,D5,194939,306,96
66,F#5,194939,306,96
52,E4,194939,306,96
64,E5,195245,306,96
64,E5,195245,306,96
52,E4,195551,306,96
50,D4,195551,306,96
57,A4,195857,306,96
62,D5,195857,306,96
50,D4,195857,612,96
55,G4,196469,612,96
57,A4,196469,612,96
62,D5,196469,612,96
62,D5,196469,306,96
50,D4,196775,306,96
55,G4,196775,306,96
57,A4,196775,307,96
50,D4,196775,306,96
55,G4,197081,306,96
57,A4,197081,306,96
62,D5,197081,306,96
52,E4,197081,612,96
55,G4,197693,612,96
57,A4,197693,612,96
62,D5,197693,612,96
52,E4,197693,306,96
55,G4,197999,306,96
62,D5,197999,306,96
62,D5,197999,306,96
52,E4,198305,306,96
55,G4,198305,306,96
50,D4,198305,612,96
54,F#4,198917,612,96
57,A4,198917,612,96
62,D5,198917,612,96
50,D4,198917,306,96
54,F#4,199223,306,96
57,A4,199223,306,96
62,D5,199223,307,96
50,D4,199223,306,96
54,F#4,199529,306,96
57,A4,199529,306,96
62,D5,199529,306,96
50,D4,199529,306,96
54,F#4,199835,306,96
57,A4,199835,306,96
62,D5,199835,306,96
49,C#4,199835,306,96
54,F#4,200141,306,96
57,A4,200141,306,96
61,C#5,200141,306,96
57,A4,200141,306,96
62,D5,200447,306,96
50,D4,200447,306,96
54,F#4,200447,306,96
49,C#4,200447,306,96
54,F#4,200753,306,96
57,A4,200753,306,96
61,C#5,200753,306,96
50,D4,200753,612,96
55,G4,201365,612,96
57,A4,201365,612,96
62,D5,201365,612,96
50,D4,201365,306,96
55,G4,201671,306,96
57,A4,201671,306,96
62,D5,201671,307,96
50,D4,201671,306,96
55,G4,201977,306,96
57,A4,201977,306,96
62,D5,201977,306,96
50,D4,201977,612,96
55,G4,202589,612,96
57,A4,202589,612,96
62,D5,202589,612,96
57,A4,202589,306,96
62,D5,202895,306,96
50,D4,202895,306,96
55,G4,202895,306,96
50,D4,202895,306,96
55,G4,203201,306,96
57,A4,203201,306,96
62,D5,203201,306,96
50,D4,203201,612,96
54,F#4,203813,612,96
57,A4,203813,612,96
62,D5,203813,612,96
50,D4,203813,306,96
54,F#4,204119,306,96
57,A4,204119,306,96
62,D5,204119,307,96
66,F#5,204119,306,96
78,F#6,204425,306,96
66,F#5,204425,306,90
78,F#6,204731,306,90
64,E5,204731,306,84
76,E6,205037,306,84
64,E5,205037,306,77
76,E6,205343,306,77
74,D6,205343,306,71
62,D5,205649,306,71
62,D5,205649,290,64
57,A4,205955,290,64
62,D5,206261,290,64
66,F#5,206568,289,64
67,G5,206874,289,64
57,A4,207180,289,64
62,D5,207486,289,64
64,E5,207792,290,64
66,F#5,208098,290,64
57,A4,208404,290,64
62,D5,208710,290,64
66,F#5,209017,289,64
66,F#5,209323,289,64
57,A4,209629,289,64
62,D5,209935,289,64
64,E5,210241,290,64
62,D5,210547,290,64
57,A4,210853,290,64
62,D5,211159,290,64
66,F#5,211465,290,64
57,A4,211772,80,64
62,D5,211852,82,64
67,G5,211934,144,64
57,A4,212078,289,64
62,D5,212384,289,64
64,E5,212690,290,64
53,F4,212996,80,64
57,A4,213076,82,64
62,D5,213158,1063,64
64,E5,214221,80,64
67,G5,214301,82,64
72,C6,214383,450,64
62,D5,214833,80,64
65,F5,214913,82,64
70,A#5,214995,450,64
60,C5,215445,1224,64
64,E5,216669,1224,64
69,A5,216669,1225,64
58,A#4,216669,1224,64
62,D5,217893,1224,64
67,G5,217893,1224,64
57,A4,217893,80,64
61,C#5,217973,81,64
66,F#5,218054,2285,64
--end--
31,G2,0,1224,50
38,D3,1224,1224,50
43,G3,1224,1224,50
33,A2,1224,1224,50
40,E3,2448,1224,50
35,B2,2448,918,50
42,F#3,3366,919,50
42,F#3,3366,1162,50
30,F#2,4590,306,56
40,E3,4896,306,56
31,G2,4896,1224,64
38,D3,6120,1225,64
33,A2,6120,1224,64
40,E3,7344,1224,64
35,B2,7344,1836,64
42,F#3,9180,1837,64
30,F#2,9180,612,64
40,E3,9792,612,64
31,G2,9792,290,64
38,D3,10099,289,64
43,G3,10405,1162,64
33,A2,11629,612,64
40,E3,12241,612,64
35,B2,12241,290,64
42,F#3,12548,289,64
47,B3,12854,1162,64
30,F#2,14078,612,64
40,E3,14690,612,64
31,G2,14690,290,64
38,D3,14997,289,64
43,G3,15303,1162,64
33,A2,16527,612,64
40,E3,17139,612,64
35,B2,17139,290,64
42,F#3,17446,289,64
47,B3,17752,1162,64
30,F#2,18976,612,64
40,E3,19588,612,64
31,G2,19588,290,64
38,D3,19894,290,64
43,G3,20201,1162,64
33,A2,21425,612,64
40,E3,22037,612,64
35,B2,22037,290,64
42,F#3,22343,290,64
47,B3,22650,1162,64
30,F#2,23874,612,64
40,E3,24486,612,64
31,G2,24486,612,64
38,D3,25098,612,64
43,G3,25098,613,64
38,D3,25098,1224,64
43,G3,26322,1224,64
33,A2,26322,612,64
40,E3,26934,612,64
35,B2,26934,459,64
42,F#3,27393,460,64
35,B2,27393,459,67
42,F#3,27852,459,67
35,B2,27852,459,70
42,F#3,28311,459,70
42,F#3,28311,459,73
35,B2,28770,459,73
30,F#2,28770,612,76
38,D3,29382,612,76
42,F#3,29382,612,76
31,G2,29382,612,80
38,D3,29994,612,80
43,G3,29994,613,80
43,G3,29994,153,80
38,D3,30147,153,80
31,G2,30300,459,80
38,D3,30759,459,80
43,G3,30759,459,80
43,G3,30759,459,80
31,G2,31218,459,80
38,D3,31218,459,80
33,A2,31218,612,80
40,E3,31830,612,80
45,A3,31830,612,80
35,B2,31830,612,80
42,F#3,32442,613,80
42,F#3,32442,153,80
45,A3,32595,153,80
35,B2,32748,459,80
42,F#3,33207,459,80
35,B2,33207,459,80
42,F#3,33666,459,80
30,F#2,33666,306,80
38,D3,33972,306,80
42,F#3,33972,306,80
38,D3,33972,290,80
43,G3,34278,459,80
31,G2,34737,459,80
33,A2,34737,459,80
43,G3,35196,460,80
31,G2,35196,459,80
38,D3,35655,459,80
43,G3,35655,459,80
43,G3,35655,289,80
38,D3,35961,153,80
33,A2,36114,612,80
40,E3,36726,612,80
35,B2,36726,459,80
42,F#3,37185,459,80
35,B2,37185,459,80
42,F#3,37644,460,80
35,B2,37644,459,80
42,F#3,38103,459,80
35,B2,38103,459,80
42,F#3,38562,459,80
30,F#2,38562,612,80
38,D3,39174,612,80
42,F#3,39174,612,80
31,G2,39174,612,80
43,G3,39786,612,80
43,G3,39786,154,80
38,D3,39940,153,80
31,G2,40093,459,80
38,D3,40552,459,80
43,G3,40552,459,80
31,G2,40552,306,80
43,G3,40858,306,80
38,D3,40858,153,80
33,A2,41011,612,80
40,E3,41623,612,80
35,B2,41623,459,80
42,F#3,42082,459,80
35,B2,42082,153,80
42,F#3,42235,153,80
35,B2,42235,290,80
35,B2,42542,459,80
42,F#3,43001,459,80
35,B2,43001,459,80
42,F#3,43460,459,80
30,F#2,43460,306,80
42,F#3,43766,306,80
38,D3,43766,290,80
31,G2,44072,459,80
43,G3,44531,459,80
31,G2,44531,459,80
38,D3,44990,459,80
43,G3,44990,460,80
31,G2,44990,459,80
38,D3,45449,459,80
43,G3,45449,459,80
43,G3,45449,289,80
38,D3,45755,153,80
33,A2,45908,612,80
40,E3,46520,612,80
35,B2,46520,459,80
42,F#3,46979,459,80
35,B2,46979,459,80
42,F#3,47438,460,80
47,B3,47438,459,80
35,B2,47897,459,80
42,F#3,47897,459,80
35,B2,47897,459,80
42,F#3,48356,459,80
47,B3,48356,459,80
30,F#2,48356,306,80
38,D3,48662,306,80
45,A3,48662,306,80
38,D3,48662,290,80
31,G2,48968,612,80
38,D3,49580,612,80
47,B3,49580,153,80
38,D3,49733,154,80
43,G3,49887,459,80
31,G2,50346,459,80
43,G3,50346,153,80
38,D3,50499,289,80
33,A2,50805,306,80
40,E3,51111,306,80
40,E3,51111,290,80
35,B2,51417,612,80
42,F#3,52029,612,80
42,F#3,52029,290,80
35,B2,52336,434,80
42,F#3,52795,459,80
47,B3,53254,459,80
30,F#2,53254,306,80
38,D3,53560,306,80
45,A3,53560,306,80
38,D3,53560,290,80
43,G3,53866,459,80
31,G2,54325,459,80
45,A3,54325,153,80
43,G3,54478,153,80
38,D3,54631,154,80
31,G2,54785,459,80
38,D3,55244,459,80
43,G3,55244,459,80
43,G3,55244,153,80
38,D3,55397,289,80
33,A2,55703,306,80
40,E3,56009,306,80
40,E3,56009,290,80
35,B2,56315,459,80
42,F#3,56774,459,80
35,B2,56774,153,80
42,F#3,56927,153,80
35,B2,56927,306,80
45,A3,57233,307,80
35,B2,57233,459,80
42,F#3,57692,459,80
45,A3,57692,459,80
35,B2,57692,459,80
42,F#3,58151,459,80
30,F#2,58151,306,80
38,D3,58457,306,80
45,A3,58457,306,80
38,D3,58457,306,80
45,A3,58763,306,80
38,D3,58763,459,80
43,G3,59222,459,80
45,A3,59222,459,80
31,G2,59222,459,80
45,A3,59222,153,80
43,G3,59375,153,80
38,D3,59528,153,80
31,G2,59681,459,80
38,D3,60140,459,80
43,G3,60140,460,80
43,G3,60140,289,80
38,D3,60446,153,80
33,A2,60599,306,80
40,E3,60905,306,80
45,A3,60905,306,80
40,E3,60905,290,80
35,B2,61211,612,80
42,F#3,61823,612,80
45,A3,61823,612,80
47,B3,61823,612,80
35,B2,61823,153,80
47,B3,61976,153,80
42,F#3,61976,153,80
35,B2,62129,459,80
42,F#3,62588,459,80
47,B3,62588,460,80
35,B2,62588,459,80
42,F#3,63047,459,80
47,B3,63047,459,80
30,F#2,63047,306,80
38,D3,63353,306,80
45,A3,63353,306,80
38,D3,63353,290,80
47,B3,63659,612,80
31,G2,64271,612,80
38,D3,64271,612,80
31,G2,64271,153,80
47,B3,64424,153,80
38,D3,64424,153,80
31,G2,64577,459,80
47,B3,65036,460,80
47,B3,65036,153,80
38,D3,65189,289,80
33,A2,65495,306,80
40,E3,65801,306,80
49,C#4,65801,306,80
40,E3,65801,289,80
42,F#3,66107,459,80
35,B2,66566,459,80
35,B2,66566,459,80
42,F#3,67025,459,80
35,B2,67025,459,82
42,F#3,67484,459,82
50,D4,67484,460,82
35,B2,67484,459,86
42,F#3,67943,459,86
42,F#3,67943,612,90
50,D4,68555,612,90
19,G1,68555,459,96
31,G2,69014,459,96
38,D3,69014,459,96
43,G3,69473,459,96
47,B3,69473,459,96
19,G1,69473,306,96
31,G2,69779,307,96
21,A1,69779,459,96
33,A2,70238,459,96
33,A2,70238,459,96
37,C#3,70697,459,96
40,E3,70697,459,96
45,A3,70697,459,96
21,A1,70697,306,96
33,A2,71003,306,96
23,B1,71003,459,96
35,B2,71462,459,96
35,B2,71462,459,96
42,F#3,71921,459,96
47,B3,71921,459,96
35,B2,71921,459,96
23,B1,72380,460,96
35,B2,72380,459,96
42,F#3,72839,459,96
47,B3,72839,459,96
18,F#1,72839,306,96
30,F#2,73145,306,96
30,F#2,73145,306,96
42,F#3,73451,306,96
19,G1,73451,459,96
31,G2,73910,459,96
38,D3,73910,459,96
43,G3,74369,459,96
47,B3,74369,459,96
19,G1,74369,306,96
31,G2,74675,307,96
21,A1,74675,459,96
33,A2,75134,459,96
33,A2,75134,459,96
37,C#3,75593,459,96
40,E3,75593,459,96
45,A3,75593,459,96
21,A1,75593,306,96
33,A2,75899,306,96
19,G1,75899,459,96
35,B2,76358,459,96
35,B2,76358,459,96
38,D3,76817,459,96
42,F#3,76817,459,96
47,B3,76817,459,96
19,G1,76817,459,96
35,B2,77276,460,96
35,B2,77276,459,96
38,D3,77735,459,96
42,F#3,77735,459,96
47,B3,77735,459,96
18,F#1,77735,306,96
30,F#2,78041,306,96
30,F#2,78041,306,96
42,F#3,78347,306,96
19,G1,78347,459,96
31,G2,78806,459,96
38,D3,78806,459,96
43,G3,79265,459,96
47,B3,79265,459,96
19,G1,79265,306,96
31,G2,79571,306,96
21,A1,79571,459,96
33,A2,80030,460,96
33,A2,80030,459,96
37,C#3,80489,459,96
40,E3,80489,459,96
45,A3,80489,459,96
21,A1,80489,306,96
33,A2,80795,306,96
23,B1,80795,459,96
35,B2,81254,459,96
35,B2,81254,459,96
42,F#3,81713,459,96
47,B3,81713,459,96
23,B1,81713,459,96
35,B2,82172,460,96
35,B2,82172,459,96
42,F#3,82631,459,96
47,B3,82631,459,96
18,F#1,82631,306,96
30,F#2,82937,306,96
30,F#2,82937,306,96
42,F#3,83243,306,96
19,G1,83243,459,96
31,G2,83702,459,96
38,D3,83702,459,96
43,G3,84161,459,96
47,B3,84161,459,96
19,G1,84161,306,96
31,G2,84467,306,96
21,A1,84467,459,96
33,A2,84926,460,96
40,E3,84926,459,96
45,A3,85385,459,96
33,A2,85385,459,96
37,C#3,85385,459,96
21,A1,85385,306,96
33,A2,85691,306,96
23,B1,85691,459,96
35,B2,86150,459,96
38,D3,86150,459,96
42,F#3,86609,459,96
47,B3,86609,459,96
23,B1,86609,459,96
35,B2,87068,459,96
38,D3,87068,459,96
42,F#3,87527,459,96
47,B3,87527,460,96
30,F#2,87527,289,96
42,F#3,87833,289,96
31,G2,88139,871,96
31,G2,89057,459,96
38,D3,89516,459,96
47,B3,89516,290,96
38,D3,89823,153,96
33,A2,89976,289,96
40,E3,90282,289,96
35,B2,90588,580,96
47,B3,91200,153,96
42,F#3,91353,153,96
35,B2,91506,435,96
35,B2,91965,435,96
30,F#2,92425,306,96
45,A3,92731,306,96
38,D3,92731,289,96
31,G2,93037,580,96
47,B3,93649,153,96
38,D3,93802,153,96
31,G2,93955,459,96
47,B3,94414,459,96
47,B3,94414,154,96
31,G2,94568,153,96
38,D3,94721,153,96
33,A2,94874,612,96
40,E3,95486,612,96
35,B2,95486,612,96
42,F#3,96098,612,96
47,B3,96098,612,96
47,B3,96098,153,96
42,F#3,96251,153,96
35,B2,96404,459,96
38,D3,96863,459,96
47,B3,96863,459,96
35,B2,96863,153,96
38,D3,97016,153,96
47,B3,97016,153,96
42,F#3,97016,290,96
30,F#2,97323,306,96
38,D3,97629,306,96
45,A3,97629,306,96
38,D3,97629,289,96
31,G2,97935,612,96
38,D3,98547,612,96
47,B3,98547,612,96
47,B3,98547,153,96
38,D3,98700,153,96
31,G2,98853,459,96
47,B3,99312,459,96
31,G2,99312,306,96
47,B3,99618,307,96
38,D3,99618,153,96
33,A2,99771,612,96
40,E3,100383,612,96
35,B2,100383,612,96
42,F#3,100995,612,96
50,D4,100995,153,96
42,F#3,101148,153,96
35,B2,101301,612,96
42,F#3,101913,612,96
50,D4,101913,154,96
42,F#3,102067,153,96
35,B2,102220,306,96
50,D4,102526,306,96
30,F#2,102526,306,96
45,A3,102832,306,96
31,G2,102832,459,96
38,D3,103291,459,96
47,B3,103291,153,96
38,D3,103444,290,96
31,G2,103750,459,96
38,D3,104209,459,96
47,B3,104209,459,96
47,B3,104209,153,96
31,G2,104362,154,96
38,D3,104516,153,96
33,A2,104669,289,96
40,E3,104975,289,96
35,B2,105281,459,96
42,F#3,105740,459,96
47,B3,105740,459,96
35,B2,105740,459,96
42,F#3,106199,459,96
47,B3,106199,459,96
35,B2,106199,459,96
42,F#3,106658,459,96
47,B3,106658,459,96
35,B2,106658,459,96
42,F#3,107117,459,96
47,B3,107117,460,96
45,A3,107117,612,96
30,F#2,107729,612,96
38,D3,107729,612,96
31,G2,107729,612,96
38,D3,108341,612,96
47,B3,108341,612,96
47,B3,108341,153,96
38,D3,108494,153,96
31,G2,108647,459,96
38,D3,109106,459,96
47,B3,109106,459,96
47,B3,109106,153,96
31,G2,109259,153,96
38,D3,109412,154,96
33,A2,109566,612,96
40,E3,110178,612,96
49,C#4,110178,612,96
42,F#3,110178,612,96
47,B3,110790,612,96
35,B2,110790,612,96
47,B3,110790,153,96
42,F#3,110943,153,96
35,B2,111096,459,96
38,D3,111555,459,96
47,B3,111555,459,96
42,F#3,111555,459,96
47,B3,112014,460,96
30,F#2,112014,306,96
38,D3,112320,306,96
45,A3,112320,306,96
38,D3,112320,289,96
31,G2,112626,459,96
47,B3,113085,459,96
31,G2,113085,153,96
47,B3,113238,153,96
38,D3,113238,290,96
31,G2,113544,459,96
38,D3,114003,459,96
47,B3,114003,459,96
47,B3,114003,290,96
38,D3,114309,154,96
33,A2,114463,306,96
40,E3,114769,306,96
40,E3,114769,289,96
35,B2,115075,459,96
42,F#3,115534,459,96
47,B3,115534,459,96
42,F#3,115534,153,96
47,B3,115687,153,96
35,B2,115687,153,96
35,B2,115687,290,96
35,B2,115993,459,96
42,F#3,116452,459,96
47,B3,116452,459,96
35,B2,116452,459,96
42,F#3,116911,459,96
47,B3,116911,459,96
30,F#2,116911,612,96
38,D3,117523,612,96
45,A3,117523,613,96
31,G2,117523,612,96
38,D3,118135,612,96
47,B3,118135,612,96
47,B3,118135,153,96
38,D3,118288,153,96
31,G2,118441,459,96
38,D3,118900,459,96
47,B3,118900,459,96
47,B3,118900,153,96
31,G2,119053,153,96
38,D3,119206,153,96
33,A2,119359,612,96
40,E3,119971,612,96
49,C#4,119971,613,96
35,B2,119971,459,96
42,F#3,120430,459,96
35,B2,120430,459,96
42,F#3,120889,459,96
47,B3,120889,459,96
42,F#3,120889,459,96
47,B3,121348,459,96
35,B2,121348,459,96
42,F#3,121348,459,96
47,B3,121807,459,96
30,F#2,121807,306,96
38,D3,122113,306,96
45,A3,122113,307,96
38,D3,122113,289,96
31,G2,122419,459,96
38,D3,122878,459,96
47,B3,122878,459,96
47,B3,122878,153,96
31,G2,123031,289,96
38,D3,123337,459,96
47,B3,123796,459,96
47,B3,123796,435,96
33,A2,124255,306,96
40,E3,124561,307,96
40,E3,124561,289,96
35,B2,124867,459,96
42,F#3,125326,459,96
42,F#3,125326,1989,96
47,B3,127315,1989,96
50,D4,127315,1990,96
19,G1,127315,459,96
31,G2,127774,459,96
38,D3,127774,459,96
43,G3,128233,459,96
47,B3,128233,459,96
19,G1,128233,306,96
31,G2,128539,306,96
33,A2,128539,459,96
21,A1,128998,459,96
33,A2,128998,459,96
37,C#3,129457,459,96
40,E3,129457,459,96
45,A3,129457,460,96
21,A1,129457,306,96
33,A2,129763,306,96
23,B1,129763,459,96
35,B2,130222,459,96
35,B2,130222,459,96
42,F#3,130681,459,96
47,B3,130681,459,96
23,B1,130681,459,96
35,B2,131140,459,96
35,B2,131140,459,96
42,F#3,131599,459,96
47,B3,131599,459,96
18,F#1,131599,306,96
30,F#2,131905,307,96
30,F#2,131905,306,96
42,F#3,132211,306,96
19,G1,132211,459,96
31,G2,132670,459,96
38,D3,132670,459,96
43,G3,133129,459,96
47,B3,133129,459,96
19,G1,133129,306,96
31,G2,133435,306,96
21,A1,133435,459,96
33,A2,133894,459,96
45,A3,133894,459,96
33,A2,134353,459,96
37,C#3,134353,459,96
40,E3,134353,460,96
21,A1,134353,306,96
33,A2,134659,306,96
23,B1,134659,459,96
35,B2,135118,459,96
35,B2,135118,459,96
38,D3,135577,459,96
42,F#3,135577,459,96
47,B3,135577,459,96
19,G1,135577,459,96
35,B2,136036,459,96
35,B2,136036,459,96
38,D3,136495,459,96
42,F#3,136495,459,96
47,B3,136495,459,96
18,F#1,136495,306,96
30,F#2,136801,306,96
30,F#2,136801,306,96
42,F#3,137107,307,96
19,G1,137107,459,96
31,G2,137566,459,96
38,D3,137566,459,96
43,G3,138025,459,96
47,B3,138025,459,96
19,G1,138025,306,96
31,G2,138331,306,96
21,A1,138331,459,96
33,A2,138790,459,96
45,A3,138790,459,96
33,A2,139249,459,96
37,C#3,139249,459,96
40,E3,139249,459,96
21,A1,139249,306,96
33,A2,139555,307,96
23,B1,139555,459,96
35,B2,140014,459,96
35,B2,140014,459,96
38,D3,140473,459,96
42,F#3,140473,459,96
47,B3,140473,459,96
23,B1,140473,459,96
35,B2,140932,459,96
35,B2,140932,459,96
42,F#3,141391,459,96
47,B3,141391,459,96
18,F#1,141391,306,96
30,F#2,141697,306,96
30,F#2,141697,306,96
42,F#3,142003,307,96
19,G1,142003,459,96
31,G2,142462,459,96
38,D3,142462,459,96
43,G3,142921,459,96
47,B3,142921,459,96
19,G1,142921,306,96
31,G2,143227,306,96
21,A1,143227,459,96
33,A2,143686,459,96
40,E3,143686,459,96
45,A3,144145,459,96
33,A2,144145,459,96
37,C#3,144145,459,96
21,A1,144145,306,96
33,A2,144451,307,96
23,B1,144451,459,96
35,B2,144910,459,96
35,B2,144910,459,96
38,D3,145369,459,96
42,F#3,145369,459,96
47,B3,145369,459,96
23,B1,145369,459,96
35,B2,145828,459,96
38,D3,145828,459,96
42,F#3,146287,459,96
47,B3,146287,459,96
35,B2,146287,459,96
18,F#1,146287,612,96
30,F#2,146899,613,96
19,G1,146899,459,96
31,G2,147358,459,96
31,G2,147358,459,96
38,D3,147817,459,96
43,G3,147817,459,96
31,G2,147817,306,96
38,D3,148123,306,96
43,G3,148123,306,96
21,A1,148123,459,96
33,A2,148582,459,96
40,E3,148582,459,96
45,A3,149041,459,96
33,A2,149041,459,96
33,A2,149041,306,96
40,E3,149347,306,96
45,A3,149347,307,96
23,B1,149347,459,96
35,B2,149806,459,96
35,B2,149806,459,96
38,D3,150265,459,96
42,F#3,150265,459,96
35,B2,150265,306,96
42,F#3,150571,306,96
18,F#1,150571,459,96
30,F#2,151030,459,96
45,A3,151030,459,96
37,C#3,151489,459,96
42,F#3,151489,459,96
37,C#3,151489,306,96
42,F#3,151795,306,96
45,A3,151795,307,96
19,G1,151795,459,96
31,G2,152254,459,96
38,D3,152254,459,96
43,G3,152713,459,96
47,B3,152713,459,96
38,D3,152713,306,96
43,G3,153019,306,96
47,B3,153019,306,96
21,A1,153019,459,96
33,A2,153478,459,96
40,E3,153478,459,96
45,A3,153937,459,96
33,A2,153937,459,96
33,A2,153937,306,96
40,E3,154243,306,96
45,A3,154243,306,96
22,A#1,154243,459,96
34,A#2,154702,460,96
38,D3,154702,459,96
43,G3,155161,459,96
46,A#3,155161,459,96
38,D3,155161,306,96
43,G3,155467,306,96
46,A#3,155467,306,96
21,A1,155467,459,96
33,A2,155926,459,96
38,D3,155926,459,96
42,F#3,156385,459,96
45,A3,156385,459,96
38,D3,156385,306,96
42,F#3,156691,306,96
45,A3,156691,306,96
20,G#1,156691,459,96
32,G#2,157150,460,96
40,E3,157150,459,96
44,G#3,157609,459,96
47,B3,157609,459,96
40,E3,157609,306,96
44,G#3,157915,306,96
47,B3,157915,306,96
19,G1,157915,459,96
31,G2,158374,459,96
43,G3,158374,459,96
47,B3,158833,459,96
40,E3,158833,459,96
40,E3,158833,306,96
43,G3,159139,306,96
47,B3,159139,306,96
21,A1,159139,7346,96
33,A2,166485,7347,96
43,G3,166485,1836,96
50,D4,168321,1837,96
45,A3,168321,612,96
52,E4,168933,612,96
47,B3,168933,1836,96
54,F#4,170769,1837,96
45,A3,170769,612,96
52,E4,171381,612,96
43,G3,171381,1836,96
50,D4,173217,1837,96
42,F#3,173217,612,96
52,E4,173829,612,96
40,E3,173829,1836,96
47,B3,175665,1836,96
50,D4,175665,1837,96
42,F#3,175665,612,96
49,C#4,176277,612,96
43,G3,176277,918,96
47,B3,177195,918,96
50,D4,177195,918,96
57,A4,177195,919,96
47,B3,177195,918,96
50,D4,178113,918,96
43,G3,178113,918,96
55,G4,178113,918,96
45,A3,178113,612,96
49,C#4,178725,612,96
52,E4,178725,612,96
47,B3,178725,918,96
50,D4,179643,918,96
54,F#4,179643,919,96
47,B3,179643,918,96
50,D4,180561,918,96
54,F#4,180561,918,96
42,F#3,180561,612,96
45,A3,181173,612,96
52,E4,181173,612,96
47,B3,181173,918,96
50,D4,182091,918,96
55,G4,182091,918,96
43,G3,182091,919,96
43,G3,182091,918,96
47,B3,183009,918,96
50,D4,183009,918,96
55,G4,183009,918,96
45,A3,183009,612,96
49,C#4,183621,612,96
52,E4,183621,612,96
35,B2,183621,459,96
42,F#3,184080,459,96
42,F#3,184080,154,96
45,A3,184234,580,96
19,G1,186070,459,96
31,G2,186529,459,96
43,G3,186529,459,96
47,B3,186988,459,96
38,D3,186988,460,96
19,G1,186988,306,96
31,G2,187294,306,96
21,A1,187294,459,96
33,A2,187753,459,96
33,A2,187753,459,96
37,C#3,188212,459,96
40,E3,188212,459,96
45,A3,188212,459,96
21,A1,188212,306,96
35,B2,188518,306,96
23,B1,188518,459,96
35,B2,188977,459,96
35,B2,188977,459,96
42,F#3,189436,459,96
47,B3,189436,460,96
23,B1,189436,459,96
35,B2,189895,459,96
35,B2,189895,459,96
42,F#3,190354,459,96
47,B3,190354,459,96
18,F#1,190354,306,96
30,F#2,190660,306,96
30,F#2,190660,306,96
42,F#3,190966,306,96
19,G1,190966,459,96
31,G2,191425,459,96
38,D3,191425,459,96
43,G3,191884,459,96
47,B3,191884,460,96
31,G2,191884,306,96
19,G1,192190,306,96
21,A1,192190,459,96
33,A2,192649,459,96
33,A2,192649,459,96
37,C#3,193108,459,96
40,E3,193108,459,96
45,A3,193108,459,96
21,A1,193108,306,96
33,A2,193414,306,96
23,B1,193414,459,96
35,B2,193873,459,96
47,B3,193873,459,96
35,B2,194332,459,96
38,D3,194332,459,96
42,F#3,194332,460,96
23,B1,194332,459,96
35,B2,194791,459,96
35,B2,194791,459,96
38,D3,195250,459,96
42,F#3,195250,459,96
47,B3,195250,459,96
18,F#1,195250,306,96
30,F#2,195556,306,96
30,F#2,195556,306,96
42,F#3,195862,306,96
19,G1,195862,459,96
31,G2,196321,459,96
38,D3,196321,459,96
43,G3,196780,459,96
47,B3,196780,460,96
31,G2,196780,306,96
19,G1,197086,306,96
21,A1,197086,459,96
33,A2,197545,459,96
33,A2,197545,459,96
37,C#3,198004,459,96
40,E3,198004,459,96
45,A3,198004,459,96
21,A1,198004,306,96
33,A2,198310,306,96
23,B1,198310,459,96
35,B2,198769,459,96
35,B2,198769,459,96
42,F#3,199228,459,96
47,B3,199228,460,96
23,B1,199228,459,96
35,B2,199687,459,96
35,B2,199687,459,96
42,F#3,200146,459,96
47,B3,200146,459,96
18,F#1,200146,306,96
30,F#2,200452,306,96
30,F#2,200452,306,96
42,F#3,200758,306,96
19,G1,200758,459,96
31,G2,201217,459,96
38,D3,201217,459,96
43,G3,201676,459,96
47,B3,201676,460,96
19,G1,201676,306,96
31,G2,201982,306,96
33,A2,201982,459,96
21,A1,202441,459,96
33,A2,202441,459,96
37,C#3,202900,459,96
40,E3,202900,459,96
45,A3,202900,459,96
21,A1,202900,306,96
33,A2,203206,306,96
23,B1,203206,459,96
35,B2,203665,459,96
35,B2,203665,459,96
38,D3,204124,459,96
42,F#3,204124,459,96
47,B3,204124,460,96
35,B2,204124,459,96
23,B1,204583,459,96
35,B2,204583,459,87
38,D3,205042,459,87
42,F#3,205042,459,87
47,B3,205042,459,87
18,F#1,205042,612,77
30,F#2,205654,612,77
19,G1,205654,1224,64
31,G2,206878,1225,64
45,A3,206878,1224,64
52,E4,208102,1224,64
47,B3,208102,1836,64
54,F#4,209938,1837,64
42,F#3,209938,612,64
49,C#4,210550,612,64
43,G3,210550,1224,64
50,D4,211774,1225,64
45,A3,211774,1224,64
52,E4,212998,1224,64
34,A#2,212998,4897,64
41,F3,217895,4897,64
50,D4,217895,4898,64
14,D1,217895,2325,64
26,D2,220220,2325,64