54,F#4,1200,0,73
56,G#4,1500,300,81
58,A#4,1800,300,85
61,C#5,2100,900,83
61,C#5,5700,0,75
63,D#5,6000,300,80
61,C#5,6300,300,71
59,B4,6600,300,72
58,A#4,6900,900,74
54,F#4,11100,0,75
54,F#4,11400,0,76
56,G#4,11700,300,84
58,A#4,12600,0,80
59,B4,12900,300,82
58,A#4,13200,300,73
56,G#4,13500,600,73
54,F#4,14100,300,68
58,A#4,14700,0,78
58,A#4,14999,0,78
59,B4,15300,300,80
58,A#4,15600,300,75
56,G#4,15900,300,70
54,F#4,16500,0,72
54,F#4,20400,0,73
56,G#4,20700,300,80
58,A#4,21000,300,80
61,C#5,21300,900,85
61,C#5,24900,300,70
63,D#5,25200,300,78
61,C#5,25500,300,77
59,B4,25800,300,70
58,A#4,26100,900,71
54,F#4,30600,299,71
56,G#4,30899,301,77
58,A#4,31500,0,76
58,A#4,31800,0,74
59,B4,32100,300,79
58,A#4,32400,300,78
56,G#4,32700,600,72
54,F#4,33300,150,65
56,G#4,33450,150,79
58,A#4,33900,0,72
58,A#4,34200,0,72
59,B4,34500,300,77
58,A#4,34800,300,70
56,G#4,35100,300,71
54,F#4,35700,0,76
54,F#4,36300,0,76
58,A#4,36600,300,80
54,F#4,36900,300,71
56,G#4,37200,300,83
58,A#4,37500,300,80
56,G#4,37800,300,72
54,F#4,38100,900,71
66,F#5,39300,300,69
54,F#4,39600,300,77
66,F#5,39900,300,77
56,G#4,39900,300,82
68,G#5,40200,300,82
58,A#4,40200,300,78
70,A#5,40500,300,78
61,C#5,40500,3000,86
73,C#6,43500,3000,86
73,C#6,43500,300,66
61,C#5,43800,300,66
73,C#6,43800,300,71
73,C#6,44100,300,76
61,C#5,44400,300,76
63,D#5,44400,300,78
75,D#6,44700,300,78
61,C#5,44700,300,69
73,C#6,45000,300,69
59,B4,45000,300,74
71,B5,45300,300,74
58,A#4,45300,4500,72
70,A#5,49800,4500,72
54,F#4,49800,300,70
66,F#5,50100,300,70
56,G#4,50100,300,80
68,G#5,50400,300,80
70,A#5,50400,300,82
70,A#5,50700,300,80
58,A#4,51000,300,80
70,A#5,51000,300,78
58,A#4,51300,300,78
59,B4,51300,300,82
71,B5,51600,300,82
58,A#4,51600,300,74
70,A#5,51900,300,74
56,G#4,51900,600,72
68,G#5,52500,600,72
54,F#4,52500,300,69
66,F#5,52800,300,69
70,A#5,52800,300,85
70,A#5,53100,300,78
58,A#4,53400,300,78
58,A#4,53400,300,77
70,A#5,53700,300,77
59,B4,53700,600,77
71,B5,54300,600,77
61,C#5,54300,150,80
73,C#6,54450,150,80
58,A#4,54450,150,72
70,A#5,54600,150,72
56,G#4,54600,300,68
68,G#5,54900,300,68
66,F#5,54900,3600,72
54,F#4,58500,3600,72
66,F#5,58500,300,70
66,F#5,58800,300,77
54,F#4,59100,300,77
56,G#4,59100,300,80
68,G#5,59400,300,80
58,A#4,59400,300,79
70,A#5,59700,300,79
73,C#6,59700,3300,82
61,C#5,63000,3300,82
73,C#6,63000,300,65
73,C#6,63300,300,79
61,C#5,63600,300,79
63,D#5,63600,300,82
75,D#6,63900,300,82
61,C#5,63900,300,75
73,C#6,64200,300,75
59,B4,64200,300,70
71,B5,64500,300,70
58,A#4,64500,4500,76
70,A#5,69000,4500,76
54,F#4,69000,300,72
66,F#5,69300,300,72
56,G#4,69300,300,82
68,G#5,69600,300,82
70,A#5,69600,300,78
70,A#5,69900,300,81
58,A#4,70200,300,81
58,A#4,70200,300,74
70,A#5,70500,300,74
71,B5,70500,300,78
59,B4,70800,300,78
58,A#4,70800,300,77
70,A#5,71100,300,77
56,G#4,71100,300,75
68,G#5,71400,300,75
54,F#4,71400,300,68
66,F#5,71700,300,68
56,G#4,71700,300,86
68,G#5,72000,300,86
70,A#5,72000,300,84
70,A#5,72300,300,77
58,A#4,72600,300,77
58,A#4,72600,300,78
70,A#5,72900,300,78
59,B4,72900,300,77
71,B5,73200,300,77
58,A#4,73200,300,68
70,A#5,73500,300,68
68,G#5,73500,600,72
68,G#5,74100,300,76
56,G#4,74400,300,76
70,A#5,74400,300,77
70,A#5,74700,300,79
58,A#4,75000,300,79
70,A#5,75000,300,73
58,A#4,75300,300,73
59,B4,75300,300,80
71,B5,75600,300,80
58,A#4,75600,300,75
70,A#5,75900,300,75
68,G#5,75900,300,71
56,G#4,76200,300,71
66,F#5,76200,300,69
66,F#5,76500,1500,74
54,F#4,78000,1500,74
54,F#4,78000,0,77
56,G#4,78300,300,78
58,A#4,78600,300,82
61,C#5,78900,300,83
54,F#4,79200,3000,82
66,F#5,82200,3000,82
54,F#4,82200,300,69
54,F#4,82500,300,74
61,C#5,82800,300,91
59,B4,83100,300,76
58,A#4,83400,300,69
56,G#4,83700,600,70
54,F#4,84600,300,69
53,F4,84900,600,69
54,F#4,85500,300,78
53,F4,85800,600,70
51,D#4,86400,600,69
54,F#4,87300,0,76
61,C#5,87600,300,94
59,B4,87900,300,76
58,A#4,88200,300,74
56,G#4,88500,600,73
54,F#4,89400,0,77
54,F#4,89700,0,78
53,F4,90000,300,76
54,F#4,90300,300,80
53,F4,90600,600,71
51,D#4,91200,600,74
54,F#4,92100,0,77
61,C#5,92400,300,89
59,B4,92700,300,77
58,A#4,93000,300,74
56,G#4,93300,600,71
54,F#4,94200,0,73
54,F#4,95100,300,69
53,F4,95400,600,74
61,C#5,96000,2400,93
54,F#4,99600,0,72
56,G#4,99900,300,80
58,A#4,100200,300,83
61,C#5,100500,900,85
61,C#5,104100,300,68
63,D#5,104400,300,82
61,C#5,104700,300,71
59,B4,105000,300,71
58,A#4,105300,900,74
70,A#5,106200,300,97
66,F#5,106500,300,75
68,G#5,106800,300,82
66,F#5,107100,300,70
68,G#5,107400,300,78
70,A#5,107700,900,79
54,F#4,109800,300,71
56,G#4,110100,300,83
58,A#4,110700,0,81
58,A#4,111000,0,80
59,B4,111300,300,79
58,A#4,111600,300,71
56,G#4,111900,300,72
54,F#4,112200,300,72
56,G#4,112500,300,78
58,A#4,113100,0,75
58,A#4,113400,0,71
58,A#4,113700,0,76
61,C#5,114300,150,79
58,A#4,114450,150,70
56,G#4,114600,299,77
54,F#4,114899,601,77
66,F#5,118200,300,70
54,F#4,118500,300,71
66,F#5,118800,300,71
66,F#5,118800,300,77
54,F#4,119100,300,77
56,G#4,119100,300,82
68,G#5,119400,300,82
58,A#4,119400,300,82
70,A#5,119700,300,82
61,C#5,119700,3300,82
73,C#6,123000,3300,82
73,C#6,123000,300,71
73,C#6,123300,300,73
61,C#5,123600,299,73
63,D#5,123600,900,79
75,D#6,124500,900,79
61,C#5,124500,150,70
73,C#6,124650,151,70
59,B4,124650,150,71
71,B5,124800,150,71
58,A#4,124800,3900,69
70,A#5,128700,3900,69
66,F#5,128700,300,66
66,F#5,129000,300,75
54,F#4,129300,300,75
56,G#4,129300,300,76
68,G#5,129600,300,76
70,A#5,129600,300,80
70,A#5,129900,300,76
58,A#4,130200,300,76
70,A#5,130200,300,75
58,A#4,130500,299,75
59,B4,130500,300,81
71,B5,130800,301,81
58,A#4,130800,300,69
70,A#5,131100,300,69
56,G#4,131100,600,74
68,G#5,131700,600,74
54,F#4,131700,150,74
66,F#5,131850,150,74
56,G#4,131850,150,83
68,G#5,132000,150,83
70,A#5,132000,300,81
70,A#5,132300,300,73
58,A#4,132600,300,73
70,A#5,132600,300,75
58,A#4,132900,300,75
59,B4,132900,300,83
71,B5,133200,300,83
58,A#4,133200,300,73
70,A#5,133500,300,73
68,G#5,133500,600,66
56,G#4,134100,600,66
54,F#4,134100,300,69
66,F#5,134400,300,69
70,A#5,134400,300,86
70,A#5,134700,300,76
58,A#4,135000,300,76
70,A#5,135000,300,77
58,A#4,135300,300,77
59,B4,135300,300,86
71,B5,135600,300,86
70,A#5,135600,300,74
58,A#4,135900,300,74
56,G#4,135900,300,71
68,G#5,136200,300,71
66,F#5,136200,300,70
66,F#5,136500,1500,73
54,F#4,138000,1500,73
54,F#4,138000,0,74
56,G#4,138300,300,79
58,A#4,138600,300,85
61,C#5,138900,1500,82
--end--
39,D#3,2400,300,69
42,F#3,2700,300,76
49,C#4,3000,300,87
42,F#3,3300,300,75
35,B2,3600,300,70
42,F#3,3900,300,84
47,B3,4200,300,82
42,F#3,4500,300,73
30,F#2,4800,300,66
42,F#3,5100,300,91
46,A#3,5400,300,84
42,F#3,5700,300,74
37,C#3,6000,300,73
41,F3,6300,300,82
44,G#3,6600,300,79
41,F3,6900,300,74
39,D#3,7200,299,73
42,F#3,7499,301,77
49,C#4,7800,300,87
42,F#3,8100,300,71
35,B2,8400,300,68
42,F#3,8700,300,80
47,B3,9000,300,81
42,F#3,9300,300,71
30,F#2,9600,300,67
42,F#3,9900,300,89
46,A#3,10200,300,87
42,F#3,10500,300,76
37,C#3,10800,300,72
41,F3,11100,300,77
44,G#3,11400,300,82
41,F3,11700,300,74
39,D#3,12000,300,77
42,F#3,12300,300,81
49,C#4,12600,300,93
42,F#3,12900,300,69
35,B2,13200,300,69
42,F#3,13500,300,81
47,B3,13800,300,83
42,F#3,14100,300,70
30,F#2,14400,300,65
42,F#3,14700,299,87
46,A#3,14999,301,78
42,F#3,15300,300,76
37,C#3,15600,300,69
41,F3,15900,300,77
44,G#3,16200,300,79
41,F3,16500,300,74
39,D#3,16800,300,71
42,F#3,17100,300,85
49,C#4,17400,300,89
42,F#3,17700,300,69
35,B2,18000,300,67
42,F#3,18300,300,80
47,B3,18600,300,79
42,F#3,18900,300,71
30,F#2,19200,300,65
42,F#3,19500,300,89
46,A#3,19800,300,81
42,F#3,20100,300,69
37,C#3,20400,300,71
41,F3,20700,300,78
44,G#3,21000,300,81
41,F3,21300,300,74
39,D#3,21600,300,72
42,F#3,21900,300,81
49,C#4,22200,300,90
42,F#3,22500,300,74
35,B2,22800,300,67
42,F#3,23100,300,83
47,B3,23400,300,81
42,F#3,23700,300,69
30,F#2,24000,300,67
42,F#3,24300,300,84
46,A#3,24600,300,82
42,F#3,24900,300,71
37,C#3,25200,300,75
41,F3,25500,300,79
44,G#3,25800,300,76
41,F3,26100,300,73
39,D#3,26400,300,75
42,F#3,26700,300,80
49,C#4,27000,300,88
42,F#3,27300,300,69
35,B2,27600,300,69
42,F#3,27900,300,81
47,B3,28200,300,78
42,F#3,28500,300,75
30,F#2,28800,300,66
42,F#3,29100,300,85
46,A#3,29400,300,84
42,F#3,29700,299,75
37,C#3,29999,301,73
41,F3,30300,300,80
44,G#3,30600,299,79
41,F3,30899,301,75
39,D#3,31200,300,76
42,F#3,31500,300,77
49,C#4,31800,300,92
42,F#3,32100,300,68
35,B2,32400,300,67
42,F#3,32700,300,78
47,B3,33000,300,83
42,F#3,33300,300,71
30,F#2,33600,300,63
42,F#3,33900,300,82
46,A#3,34200,300,84
42,F#3,34500,300,72
37,C#3,34800,300,70
41,F3,35100,300,81
44,G#3,35400,300,80
41,F3,35700,300,77
39,D#3,36000,300,76
42,F#3,36300,300,79
49,C#4,36600,300,91
42,F#3,36900,300,76
35,B2,37200,300,70
42,F#3,37500,300,83
47,B3,37800,300,81
42,F#3,38100,300,69
30,F#2,38400,300,69
42,F#3,38700,300,85
46,A#3,39000,300,81
42,F#3,39300,300,77
37,C#3,39600,300,67
41,F3,39900,300,77
44,G#3,40200,300,82
41,F3,40500,300,74
39,D#3,40800,300,74
42,F#3,41100,300,82
49,C#4,41400,300,87
42,F#3,41700,300,72
35,B2,42000,300,68
42,F#3,42300,300,81
47,B3,42600,300,80
42,F#3,42900,300,74
30,F#2,43200,300,62
42,F#3,43500,300,85
46,A#3,43800,300,84
42,F#3,44100,300,69
37,C#3,44400,300,68
41,F3,44700,300,80
44,G#3,45000,300,79
41,F3,45300,300,73
39,D#3,45600,300,76
42,F#3,45900,300,84
49,C#4,46200,300,92
42,F#3,46500,300,73
35,B2,46800,300,68
42,F#3,47100,300,84
47,B3,47400,300,79
42,F#3,47700,300,76
30,F#2,48000,300,64
42,F#3,48300,300,86
46,A#3,48600,300,80
42,F#3,48900,300,72
37,C#3,49200,300,74
41,F3,49500,300,79
44,G#3,49800,300,81
41,F3,50100,300,74
39,D#3,50400,300,73
42,F#3,50700,300,81
49,C#4,51000,300,90
42,F#3,51300,300,71
35,B2,51600,300,74
42,F#3,51900,300,78
47,B3,52200,300,84
42,F#3,52500,300,72
30,F#2,52800,300,70
42,F#3,53100,300,85
46,A#3,53400,300,86
42,F#3,53700,300,73
37,C#3,54000,300,72
41,F3,54300,300,83
44,G#3,54600,300,82
41,F3,54900,300,68
39,D#3,55200,300,77
42,F#3,55500,300,78
49,C#4,55800,300,91
42,F#3,56100,300,75
35,B2,56400,300,73
42,F#3,56700,300,86
47,B3,57000,300,83
42,F#3,57300,300,73
30,F#2,57600,299,67
42,F#3,57899,301,80
46,A#3,58200,300,82
42,F#3,58500,300,76
37,C#3,58800,300,68
41,F3,59100,300,78
44,G#3,59400,300,82
41,F3,59700,299,76
39,D#3,59999,301,75
42,F#3,60300,300,81
49,C#4,60600,299,93
42,F#3,60899,301,74
35,B2,61200,300,69
42,F#3,61500,299,83
47,B3,61799,301,86
42,F#3,62100,300,74
30,F#2,62400,299,65
42,F#3,62699,301,86
46,A#3,63000,300,87
42,F#3,63300,300,71
37,C#3,63600,300,68
41,F3,63900,300,76
44,G#3,64200,300,77
41,F3,64500,300,70
39,D#3,64800,300,70
42,F#3,65100,300,82
49,C#4,65400,300,95
42,F#3,65700,300,69
35,B2,66000,300,67
42,F#3,66300,300,82
47,B3,66600,300,81
42,F#3,66900,300,71
30,F#2,67200,300,68
42,F#3,67500,300,90
46,A#3,67800,300,85
42,F#3,68100,300,73
37,C#3,68400,300,66
41,F3,68700,300,88
44,G#3,69000,300,81
41,F3,69300,300,77
39,D#3,69600,300,76
42,F#3,69900,300,79
49,C#4,70200,300,88
42,F#3,70500,300,72
35,B2,70800,300,69
42,F#3,71100,300,81
47,B3,71400,300,83
42,F#3,71700,300,72
30,F#2,72000,300,65
42,F#3,72300,300,86
46,A#3,72600,300,84
42,F#3,72900,300,71
37,C#3,73200,300,74
41,F3,73500,300,80
44,G#3,73800,300,82
41,F3,74100,300,76
39,D#3,74400,300,73
42,F#3,74700,300,78
49,C#4,75000,300,85
42,F#3,75300,300,73
35,B2,75600,300,71
42,F#3,75900,300,87
47,B3,76200,300,83
42,F#3,76800,2400,72
37,C#3,79200,2400,72
30,F#2,79200,300,65
37,C#3,79500,300,77
42,F#3,79800,300,80
46,A#3,80100,300,81
49,C#4,80400,1200,79
35,B2,81600,300,64
42,F#3,81900,300,84
47,B3,82200,1800,79
30,F#2,84000,300,68
37,C#3,84300,300,84
42,F#3,84600,600,79
37,C#3,85200,300,78
41,F3,85500,300,80
44,G#3,85800,600,79
35,B2,86400,300,65
42,F#3,86700,300,82
47,B3,87000,1800,86
30,F#2,88800,300,61
37,C#3,89100,300,79
42,F#3,89400,600,85
37,C#3,90000,300,70
41,F3,90300,300,82
44,G#3,90600,600,78
35,B2,91200,300,71
42,F#3,91500,300,80
47,B3,91800,1800,83
30,F#2,93600,300,69
37,C#3,93900,300,79
42,F#3,94200,600,87
37,C#3,94800,300,71
41,F3,95100,300,82
44,G#3,95400,600,78
35,B2,96000,4800,83
47,B3,100800,4800,83
42,F#3,100800,4800,83
39,D#3,100800,300,68
42,F#3,101100,300,79
49,C#4,101400,300,89
42,F#3,101700,300,73
35,B2,102000,300,69
42,F#3,102300,300,84
47,B3,102600,300,85
42,F#3,102900,300,64
30,F#2,103200,300,65
42,F#3,103500,300,81
46,A#3,103800,300,79
42,F#3,104100,300,72
37,C#3,104400,300,71
41,F3,104700,300,79
44,G#3,105000,300,81
41,F3,105300,300,76
39,D#3,105600,300,72
42,F#3,105900,300,80
49,C#4,106200,300,92
42,F#3,106500,300,68
35,B2,106800,300,66
42,F#3,107100,300,83
47,B3,107400,300,79
42,F#3,107700,300,73
30,F#2,108000,300,66
42,F#3,108300,300,86
46,A#3,108600,300,83
42,F#3,108900,300,80
37,C#3,109200,300,67
41,F3,109500,300,78
44,G#3,109800,300,80
41,F3,110100,300,73
39,D#3,110400,300,73
42,F#3,110700,300,80
49,C#4,111000,300,88
42,F#3,111300,300,73
35,B2,111600,300,69
42,F#3,111900,300,82
47,B3,112200,300,83
42,F#3,112500,300,65
30,F#2,112800,300,67
42,F#3,113100,300,81
46,A#3,113400,300,86
42,F#3,113700,300,72
37,C#3,114000,300,73
41,F3,114300,300,83
44,G#3,114600,299,78
41,F3,114899,301,79
39,D#3,115200,300,78
42,F#3,115500,299,82
49,C#4,115799,301,91
42,F#3,116100,300,74
35,B2,116400,300,69
42,F#3,116700,300,85
47,B3,117000,300,89
42,F#3,117300,300,73
30,F#2,117600,300,67
42,F#3,117900,300,80
46,A#3,118200,300,79
42,F#3,118500,300,75
37,C#3,118800,300,71
41,F3,119100,300,80
44,G#3,119400,300,79
41,F3,119700,299,69
39,D#3,119999,301,73
42,F#3,120300,300,78
49,C#4,120600,299,92
42,F#3,120899,301,71
35,B2,121200,300,67
42,F#3,121500,299,82
47,B3,121799,301,84
42,F#3,122100,300,70
30,F#2,122400,299,67
42,F#3,122699,301,91
46,A#3,123000,300,79
42,F#3,123300,299,74
37,C#3,123599,301,72
41,F3,123900,300,76
44,G#3,124200,299,76
41,F3,124499,301,74
39,D#3,124800,300,75
42,F#3,125100,299,78
49,C#4,125399,301,88
42,F#3,125700,300,71
35,B2,126000,300,67
42,F#3,126300,300,81
47,B3,126600,300,85
42,F#3,126900,300,66
30,F#2,127200,300,64
42,F#3,127500,300,84
46,A#3,127800,300,79
42,F#3,128100,300,73
37,C#3,128400,300,69
41,F3,128700,300,85
44,G#3,129000,300,84
41,F3,129300,300,72
39,D#3,129600,300,73
42,F#3,129900,300,78
49,C#4,130200,299,92
42,F#3,130499,301,69
35,B2,130800,300,68
42,F#3,131100,300,85
47,B3,131400,300,80
42,F#3,131700,300,72
30,F#2,132000,300,66
42,F#3,132300,300,81
46,A#3,132600,300,82
42,F#3,132900,300,67
37,C#3,133200,300,71
41,F3,133500,300,80
44,G#3,133800,300,80
41,F3,134100,300,74
39,D#3,134400,300,73
42,F#3,134700,300,82
49,C#4,135000,300,82
42,F#3,135300,300,73
35,B2,135600,300,69
42,F#3,135900,300,83
47,B3,136200,300,79
42,F#3,136800,2400,75
37,C#3,139200,2400,75
30,F#2,139200,2400,75
42,F#3,139200,600,88
49,C#4,139800,600,88
42,F#3,139800,600,75
49,C#4,140400,600,75
39,D#3,140400,600,75
42,F#3,140400,600,76
47,B3,141000,600,76
39,D#3,141000,600,76
42,F#3,141000,600,78
47,B3,141600,600,78
39,D#3,141600,600,78
42,F#3,141600,600,72
46,A#3,142200,600,72
42,F#3,142200,600,73
46,A#3,142800,600,73
37,C#3,142800,600,73
41,F3,142800,600,72
37,C#3,143400,600,72
41,F3,143400,600,76
44,G#3,144000,600,76
37,C#3,144000,600,76
41,F3,144000,2400,69
37,C#3,146400,2400,69