72,C6,463,83,73
72,C6,750,354,72
71,B5,1104,333,83
69,A5,1437,766,91
69,A5,2505,698,70
72,C6,3203,145,58
72,C6,3552,333,75
71,B5,3885,338,73
67,G5,4223,839,83
67,G5,5276,724,98
71,B5,6000,145,72
71,B5,6322,334,81
69,A5,6656,354,71
67,G5,7010,505,89
67,G5,7687,339,78
64,E5,8026,333,123
67,G5,8359,323,77
71,B5,8682,166,75
71,B5,9020,313,91
69,A5,9333,745,74
72,C6,11395,151,63
72,C6,11734,328,100
71,B5,12062,359,87
69,A5,12421,860,102
69,A5,13442,432,97
72,C6,14151,135,85
72,C6,14479,343,110
71,B5,14822,334,78
67,G5,15156,771,117
67,G5,16192,401,101
71,B5,16864,151,108
71,B5,17197,339,117
69,A5,17536,344,83
67,G5,17880,354,110
67,G5,18541,344,115
64,E5,18885,338,127
67,G5,19223,329,99
71,B5,19552,140,98
71,B5,19906,338,110
69,A5,20244,1089,101
69,A5,23989,328,104
67,G5,24317,360,97
69,A5,24677,359,101
69,A5,25348,313,102
67,G5,25661,333,83
71,B5,25994,151,79
71,B5,26328,333,74
69,A5,26661,333,76
71,B5,26994,401,75
71,B5,27677,135,108
71,B5,28000,338,105
69,A5,28338,323,83
67,G5,28661,359,97
64,E5,29020,125,125
64,E5,29333,338,118
62,D5,29671,151,85
62,D5,30036,312,99
67,G5,30348,157,87
67,G5,30703,343,102
64,E5,31046,1240,127
60,C5,32427,843,78
59,B4,33484,693,79
69,A5,34828,349,99
67,G5,35177,338,101
69,A5,35515,349,102
69,A5,36208,323,104
67,G5,36531,328,78
71,B5,36859,130,87
71,B5,37218,323,99
69,A5,37541,339,97
71,B5,37880,359,83
71,B5,38562,141,115
71,B5,38703,83,101
71,B5,38890,344,118
72,C6,39234,344,101
74,D6,39578,531,122
71,B5,40276,375,114
67,G5,40786,104,102
67,G5,40963,344,99
71,B5,41307,166,101
71,B5,41645,360,114
69,A5,42005,1692,101
72,C6,44067,167,100
72,C6,44395,339,108
69,A5,44734,364,97
76,E6,45098,698,104
74,D6,45796,427,114
72,C6,46307,68,110
72,C6,46468,360,104
69,A5,46828,140,108
69,A5,47166,334,106
72,C6,47500,338,110
74,D6,47838,505,115
76,E6,48343,547,101
74,D6,48890,479,105
71,B5,49562,78,106
71,B5,49713,68,84
71,B5,49911,344,115
69,A5,50255,349,100
71,B5,50604,229,112
71,B5,50937,83,108
71,B5,51088,83,95
71,B5,51286,333,114
69,A5,51619,344,101
71,B5,51963,344,117
69,A5,52307,359,101
71,B5,52666,334,114
72,C6,53000,182,112
72,C6,53364,495,115
71,B5,53859,531,103
69,A5,54390,396,103
69,A5,55057,344,117
72,C6,55401,338,115
74,D6,55739,370,101
76,E6,56109,682,106
74,D6,56791,438,110
72,C6,57312,83,104
72,C6,57500,338,117
69,A5,57838,135,101
69,A5,58192,349,104
72,C6,58541,349,101
74,D6,58890,531,110
76,E6,59421,537,103
74,D6,59958,474,105
71,B5,60651,151,110
71,B5,61010,323,118
69,A5,61333,390,89
71,B5,61723,339,112
64,E5,62062,141,127
64,E5,62416,677,127
71,B5,63093,360,115
69,A5,63453,328,112
67,G5,63781,338,110
69,A5,64119,203,112
69,A5,64479,515,124
72,C6,65531,140,102
74,D6,65671,188,101
76,E6,65859,364,112
74,D6,66223,339,105
72,C6,66562,354,104
71,B5,66916,276,87
72,C6,67192,47,95
76,E6,67239,333,112
69,A5,67572,355,75
72,C6,67927,708,106
76,E6,68635,333,115
74,D6,68968,349,110
72,C6,69317,328,104
74,D6,69645,203,110
74,D6,70005,1291,121
74,D6,71401,359,122
72,C6,71760,344,105
71,B5,72104,343,108
69,A5,72447,334,106
67,G5,72781,1385,115
74,D6,74166,354,102
72,C6,74520,323,117
71,B5,74843,349,97
72,C6,75192,219,112
72,C6,75552,510,119
69,A5,76932,125,115
69,A5,77276,338,117
72,C6,77614,307,106
79,G6,77921,329,99
76,E6,78250,328,110
74,D6,78578,354,114
76,E6,78932,489,115
76,E6,79630,312,123
74,D6,79942,360,106
76,E6,80302,78,122
76,E6,80463,302,103
74,D6,80765,182,112
76,E6,80947,344,122
74,D6,81291,313,114
76,E6,81604,359,122
74,D6,81963,495,114
74,D6,82640,83,122
74,D6,82791,84,101
74,D6,82979,343,122
72,C6,83322,349,118
74,D6,83671,224,122
74,D6,83989,99,122
74,D6,84156,83,101
74,D6,84348,323,117
72,C6,84671,365,110
74,D6,85036,328,122
72,C6,85364,349,105
74,D6,85713,495,121
72,C6,86208,963,115
72,C6,87416,136,110
74,D6,87552,198,110
76,E6,87750,322,110
74,D6,88072,360,112
72,C6,88432,359,108
71,B5,88791,339,105
69,A5,89130,2083,105
76,E6,91213,328,103
74,D6,91541,1125,115
71,B5,92942,151,102
72,C6,93093,162,108
74,D6,93255,359,119
72,C6,93614,354,105
71,B5,93968,365,110
69,A5,94333,323,105
67,G5,94656,1911,110
74,D6,96708,354,108
72,C6,97062,724,117
72,C6,98427,145,110
74,D6,98572,172,108
76,E6,98744,354,112
74,D6,99098,344,112
72,C6,99442,354,112
71,B5,99796,349,105
69,A5,100145,1834,114
76,E6,102208,344,106
74,D6,102552,1083,122
71,B5,103947,151,105
72,C6,104098,188,105
74,D6,104286,344,124
72,C6,104630,338,114
71,B5,104968,349,112
69,A5,105317,344,100
67,G5,105661,1885,115
74,D6,107739,339,108
72,C6,108078,1875,119
72,C6,110177,349,114
69,A5,110526,343,106
67,G5,110869,349,102
69,A5,111218,412,122
69,A5,111916,334,119
67,G5,112250,359,112
69,A5,112609,364,122
69,A5,113145,78,123
69,A5,113317,334,117
67,G5,113651,328,110
71,B5,113979,135,117
71,B5,114338,333,114
69,A5,114671,349,102
71,B5,115020,370,106
71,B5,115692,94,119
71,B5,115859,68,95
71,B5,116020,344,117
69,A5,116364,354,108
67,G5,116718,349,110
64,E5,117067,68,127
64,E5,117208,73,125
64,E5,117395,328,127
62,D5,117723,136,104
62,D5,118083,328,108
67,G5,118411,172,95
67,G5,118750,359,106
64,E5,119109,151,126
72,C6,119447,334,83
69,A5,119781,166,98
69,A5,120130,323,104
72,C6,120453,78,105
72,C6,120604,83,98
72,C6,120802,323,108
67,G5,121125,348,106
69,A5,121473,360,114
67,G5,121833,755,100
69,A5,122885,312,106
67,G5,123197,381,105
69,A5,123578,323,121
69,A5,124088,73,123
69,A5,124265,349,115
67,G5,124614,323,110
71,B5,124937,125,114
71,B5,125296,344,108
69,A5,125640,328,104
71,B5,125968,334,112
71,B5,126640,83,115
71,B5,126791,84,105
71,B5,126979,343,125
72,C6,127322,355,106
74,D6,127677,677,122
71,B5,128354,359,112
67,G5,128854,104,110
67,G5,129046,339,119
71,B5,129385,177,110
71,B5,129723,349,124
69,A5,130072,1865,119
72,C6,132171,167,112
72,C6,132515,339,122
69,A5,132854,349,101
76,E6,133203,692,122
74,D6,133895,407,118
72,C6,134421,68,117
72,C6,134604,323,123
69,A5,134927,140,110
69,A5,135276,349,121
72,C6,135625,333,108
74,D6,135958,484,121
76,E6,136442,563,108
74,D6,137005,437,118
71,B5,137687,83,122
71,B5,137843,73,105
71,B5,138020,349,122
69,A5,138369,334,112
71,B5,138703,281,122
71,B5,139072,84,112
71,B5,139223,84,102
71,B5,139395,344,119
69,A5,139739,328,117
71,B5,140067,354,122
69,A5,140421,344,114
71,B5,140765,344,121
72,C6,141109,187,122
72,C6,141432,505,123
71,B5,141937,521,110
69,A5,142458,411,117
69,A5,143130,359,118
72,C6,143489,349,114
74,D6,143838,328,104
76,E6,144166,714,110
74,D6,144880,416,117
72,C6,145390,78,105
72,C6,145567,334,119
69,A5,145901,151,110
69,A5,146244,360,117
72,C6,146604,328,117
74,D6,146932,521,121
76,E6,147453,500,103
74,D6,147953,448,114
71,B5,148645,115,118
71,B5,148968,349,124
69,A5,149317,349,102
71,B5,149666,339,119
64,E5,150005,114,127
64,E5,150348,631,127
71,B5,151057,354,122
69,A5,151411,339,114
67,G5,151750,338,119
69,A5,152088,198,115
69,A5,152421,516,123
72,C6,153458,156,105
74,D6,153614,177,104
76,E6,153791,370,114
74,D6,154161,339,115
72,C6,154500,364,99
71,B5,154864,250,99
72,C6,155114,63,84
76,E6,155177,333,115
69,A5,155510,359,83
72,C6,155869,683,112
76,E6,156552,359,118
74,D6,156911,333,110
72,C6,157244,354,118
74,D6,157598,152,119
74,D6,157932,1239,122
74,D6,159322,360,124
72,C6,159682,344,115
71,B5,160026,338,117
69,A5,160364,339,104
67,G5,160703,1390,114
74,D6,162093,344,106
72,C6,162437,344,112
71,B5,162781,344,81
72,C6,163125,197,115
72,C6,163463,542,123
69,A5,164802,140,123
69,A5,165140,349,123
72,C6,165489,339,114
79,G6,165828,343,93
76,E6,166171,339,122
74,D6,166510,333,110
76,E6,166843,474,122
76,E6,167536,349,121
74,D6,167885,302,108
76,E6,168187,83,122
76,E6,168354,343,115
74,D6,168697,151,110
76,E6,168848,334,124
74,D6,169182,328,114
76,E6,169510,349,125
74,D6,169859,479,115
74,D6,170541,78,124
74,D6,170692,78,102
74,D6,170880,333,123
72,C6,171213,349,121
74,D6,171562,266,124
74,D6,171921,79,115
74,D6,172072,79,101
74,D6,172265,313,122
72,C6,172578,354,108
74,D6,172932,328,123
72,C6,173260,344,104
74,D6,173604,510,123
72,C6,174114,688,122
72,C6,175307,156,114
74,D6,175463,198,115
76,E6,175661,318,119
74,D6,175979,364,117
72,C6,176343,349,101
71,B5,176692,271,112
72,C6,176963,63,95
76,E6,177026,312,110
69,A5,177338,359,91
72,C6,177697,704,114
76,E6,178401,317,114
74,D6,178718,354,117
72,C6,179072,339,110
74,D6,179411,208,119
74,D6,179770,1188,125
74,D6,181140,339,123
72,C6,181479,349,112
71,B5,181828,343,117
69,A5,182171,334,108
67,G5,182505,1276,118
74,D6,183911,349,108
72,C6,184260,344,117
71,B5,184604,338,102
72,C6,184942,172,115
72,C6,185276,463,123
71,B5,185739,531,105
69,A5,186270,407,101
69,A5,186973,344,119
72,C6,187317,328,112
79,G6,187645,334,103
76,E6,187979,333,119
74,D6,188312,354,114
76,E6,188666,459,124
76,E6,189359,328,126
74,D6,189687,344,114
76,E6,190031,78,125
76,E6,190182,333,102
74,D6,190515,172,117
76,E6,190687,339,122
74,D6,191026,125,114
74,D6,191317,47,112
76,E6,191364,333,121
74,D6,191697,459,118
74,D6,192406,67,123
74,D6,192557,68,99
74,D6,192739,344,121
72,C6,193083,354,119
74,D6,193437,229,123
74,D6,193770,84,119
74,D6,193932,73,108
74,D6,194109,333,122
72,C6,194442,349,119
74,D6,194791,349,121
72,C6,195140,333,119
74,D6,195473,516,122
72,C6,195989,651,124
72,C6,197166,167,118
74,D6,197333,193,112
76,E6,197526,349,118
74,D6,197875,322,115
72,C6,198197,370,114
71,B5,198567,344,112
69,A5,198911,2083,105
76,E6,200994,334,114
74,D6,201328,1062,114
71,B5,202697,177,105
50,D4,202874,136,63
72,C6,202874,172,108
74,D6,203046,354,125
72,C6,203400,333,119
71,B5,203733,370,112
69,A5,204103,323,106
67,G5,204426,1844,121
74,D6,206514,339,106
72,C6,206853,515,119
72,C6,208217,157,118
74,D6,208374,192,110
76,E6,208566,349,114
74,D6,208915,344,115
72,C6,209259,339,108
71,B5,209598,349,112
69,A5,209947,1948,115
77,F6,212066,334,101
76,E6,212400,698,121
74,D6,213098,406,105
71,B5,213816,151,104
72,C6,213967,167,114
74,D6,214134,328,119
72,C6,214462,360,108
71,B5,214822,328,110
69,A5,215150,343,102
67,G5,215493,2089,117
74,D6,217582,333,95
72,C6,217915,688,115
84,C7,219978,156,104
84,C7,220332,333,106
83,B6,220665,349,112
81,A6,221014,714,114
81,A6,222014,479,112
84,C7,222686,156,98
84,C7,223040,339,102
83,B6,223379,333,115
79,G6,223712,755,110
79,G6,224712,516,118
83,B6,225395,125,122
83,B6,225712,349,118
81,A6,226061,349,108
79,G6,226410,432,121
79,G6,227087,344,122
76,E6,227431,339,114
79,G6,227770,333,118
83,B6,228103,130,122
83,B6,228447,338,121
81,A6,228785,1844,117
84,C7,230827,161,117
84,C7,231176,312,106
83,B6,231488,344,114
81,A6,231832,745,118
81,A6,232842,485,115
84,C7,233514,172,108
84,C7,233842,344,91
83,B6,234186,323,112
79,G6,234509,734,117
79,G6,235499,474,117
83,B6,236181,125,108
83,B6,236493,334,115
81,A6,236827,349,110
79,G6,237176,411,123
79,G6,237858,307,119
76,E6,238165,355,115
79,G6,238520,312,117
83,B6,238832,167,119
83,B6,239181,297,118
81,A6,239478,109,110
76,E6,239827,698,83
74,D6,240525,656,108
72,C6,241181,339,101
71,B5,241520,187,87
71,B5,241894,376,110
69,A5,242270,208,83
69,A5,242717,2932,85
--end--
72,C6,463,83,73
72,C6,750,354,72
71,B5,1104,333,83
69,A5,1437,1077,91
53,F4,2514,1078,70
41,F3,2514,1047,52
69,A5,2514,698,70
72,C6,3212,145,58
72,C6,3561,333,75
71,B5,3894,323,73
43,G3,4217,41,64
67,G5,4258,11,83
55,G4,4258,1042,106
67,G5,5300,724,98
71,B5,6024,145,72
71,B5,6346,334,81
69,A5,6680,344,71
40,E3,7024,697,69
67,G5,7721,677,89
67,G5,7721,339,78
64,E5,8060,333,123
67,G5,8393,323,77
71,B5,8716,166,75
71,B5,9054,313,91
69,A5,9367,385,74
45,A3,9752,990,62
52,E4,10742,687,63
72,C6,11429,151,63
72,C6,11768,328,100
71,B5,12096,349,87
41,F3,12445,353,65
69,A5,12798,334,102
48,C4,12798,349,70
53,F4,13147,333,74
57,A4,13480,718,74
69,A5,14198,709,97
72,C6,14198,135,85
72,C6,14526,353,110
55,G4,14879,333,126
71,B5,14879,334,78
67,G5,15213,359,117
43,G3,15572,359,75
50,D4,15572,354,68
55,G4,15926,323,112
59,B4,16249,671,73
67,G5,16920,672,101
71,B5,16920,151,108
57,A4,17238,369,75
71,B5,17607,339,117
69,A5,17607,328,83
40,E3,17935,349,72
67,G5,18284,317,110
47,B3,18284,344,67
67,G5,18628,333,115
52,E4,18961,334,70
47,B3,18961,338,73
64,E5,19299,318,127
55,G4,19299,368,117
67,G5,19667,329,99
71,B5,19667,140,98
47,B3,20016,348,62
71,B5,20364,338,110
69,A5,20364,349,101
45,A3,20713,323,72
52,E4,21036,360,73
57,A4,21396,338,70
60,C5,21734,682,80
52,E4,22416,329,71
59,B4,22745,307,101
52,E4,23052,364,79
41,F3,23416,334,70
48,C4,23750,349,69
53,F4,24099,322,78
69,A5,24421,302,104
48,C4,24421,26,71
67,G5,24447,349,97
57,A4,24796,662,70
69,A5,25458,640,101
48,C4,25458,31,69
69,A5,25489,313,102
67,G5,25802,333,83
71,B5,26135,344,79
43,G3,26479,323,67
71,B5,26479,338,74
50,D4,26817,328,70
69,A5,26817,327,76
55,G4,27144,318,112
50,D4,27144,369,61
71,B5,27513,349,75
59,B4,27513,334,69
71,B5,27847,135,108
71,B5,28170,348,105
50,D4,28518,328,61
69,A5,28518,323,83
67,G5,28841,26,97
40,E3,28867,333,70
64,E5,29200,318,125
47,B3,29518,307,63
64,E5,29518,353,118
52,E4,29871,323,67
62,D5,29871,349,85
47,B3,30220,338,62
55,G4,30220,354,108
62,D5,30574,312,99
67,G5,30574,157,87
67,G5,30929,348,102
47,B3,31277,338,71
64,E5,31277,365,127
45,A3,31642,344,68
52,E4,31986,328,53
57,A4,32314,344,68
60,C5,32658,703,78
52,E4,33361,354,63
59,B4,33715,672,79
41,F3,34387,349,73
48,C4,34736,323,73
69,A5,35059,338,99
53,F4,35397,318,72
48,C4,35397,380,69
67,G5,35777,338,101
57,A4,35777,682,67
69,A5,36459,682,102
48,C4,36459,344,70
69,A5,36803,323,104
67,G5,36803,328,78
71,B5,37131,348,87
43,G3,37479,328,73
50,D4,37479,364,71
71,B5,37843,323,99
69,A5,37843,338,97
55,G4,38181,339,112
50,D4,38181,359,62
71,B5,38540,359,83
59,B4,38540,323,72
71,B5,38863,141,115
71,B5,39004,83,101
71,B5,39191,364,118
50,D4,39555,323,71
72,C6,39555,328,101
40,E3,39883,370,76
74,D6,40253,338,122
47,B3,40253,360,71
71,B5,40613,338,114
52,E4,40951,338,69
47,B3,40951,172,68
67,G5,41123,104,102
55,G4,41295,353,114
67,G5,41648,344,99
71,B5,41648,166,101
47,B3,41981,369,72
71,B5,42350,360,114
69,A5,42350,323,101
45,A3,42673,338,73
52,E4,43011,360,77
57,A4,43371,697,85
43,G3,44068,334,77
50,D4,44402,348,71
72,C6,44750,328,100
72,C6,44750,359,108
55,G4,45109,318,127
69,A5,45109,364,97
76,E6,45473,365,104
41,F3,45838,354,73
48,C4,45838,338,71
74,D6,46176,333,114
53,F4,46509,334,71
48,C4,46509,177,71
72,C6,46686,68,110
72,C6,46847,375,104
57,A4,47222,344,71
69,A5,47222,140,108
48,C4,47555,343,73
69,A5,47898,334,106
72,C6,47898,338,110
43,G3,48236,348,70
74,D6,48584,349,115
50,D4,48584,156,65
76,E6,48740,198,101
55,G4,48938,334,121
50,D4,49272,369,71
74,D6,49641,339,105
59,B4,49641,333,72
71,B5,49974,78,106
71,B5,50125,68,84
71,B5,50323,364,115
50,D4,50687,323,68
69,A5,50687,349,100
40,E3,51036,333,68
71,B5,51369,333,112
47,B3,51369,151,67
71,B5,51520,151,108
71,B5,51520,83,95
52,E4,51708,343,73
71,B5,52051,323,114
47,B3,52051,348,70
69,A5,52399,328,101
55,G4,52399,375,114
71,B5,52774,344,117
69,A5,52774,359,101
47,B3,53133,333,69
71,B5,53466,334,114
72,C6,53466,182,112
45,A3,53825,353,61
72,C6,54178,344,115
52,E4,54178,151,68
71,B5,54329,208,103
57,A4,54537,323,74
69,A5,54860,359,103
52,E4,55219,349,68
60,C5,55219,313,73
69,A5,55532,344,117
72,C6,55876,348,115
52,E4,56224,328,70
74,D6,56224,354,101
41,F3,56578,391,71
76,E6,56969,359,106
48,C4,56969,323,67
74,D6,57292,380,110
53,F4,57672,359,67
48,C4,57672,151,59
72,C6,57823,83,104
57,A4,57995,370,75
72,C6,58365,338,117
69,A5,58365,135,101
69,A5,58719,353,104
48,C4,59072,344,75
72,C6,59072,349,101
74,D6,59421,375,110
43,G3,59796,344,70
50,D4,59796,171,69
76,E6,59967,204,103
55,G4,60171,333,114
74,D6,60504,379,105
50,D4,60883,360,68
59,B4,60883,323,64
71,B5,61206,151,110
50,D4,61565,322,70
71,B5,61887,323,118
69,A5,61887,380,89
40,E3,62267,358,64
71,B5,62625,339,112
47,B3,62625,348,68
64,E5,62973,349,127
52,E4,62973,348,78
64,E5,63321,339,127
47,B3,63321,338,62
40,E3,63659,354,80
71,B5,64013,354,115
47,B3,64013,339,73
69,A5,64352,328,112
67,G5,64352,26,110
52,E4,64378,312,83
69,A5,64690,32,112
47,B3,64722,322,72
45,A3,65044,365,73
69,A5,65409,354,124
52,E4,65409,349,67
57,A4,65758,333,72
52,E4,66091,172,73
72,C6,66263,140,102
74,D6,66263,183,101
45,A3,66446,348,74
76,E6,66794,338,112
52,E4,66794,26,73
74,D6,66820,334,105
57,A4,67154,353,73
72,C6,67507,344,104
52,E4,67507,296,69
71,B5,67803,276,87
72,C6,67803,26,95
41,F3,67829,375,72
76,E6,68204,333,112
69,A5,68204,365,75
48,C4,68569,344,73
72,C6,68569,359,106
53,F4,68928,359,69
48,C4,68928,333,68
41,F3,69261,364,77
76,E6,69625,333,115
74,D6,69625,359,110
48,C4,69984,338,71
72,C6,69984,339,104
53,F4,70323,317,73
74,D6,70323,365,110
48,C4,70688,354,73
74,D6,70688,343,121
43,G3,71031,343,70
50,D4,71031,360,75
55,G4,71391,359,127
50,D4,71750,328,72
43,G3,72078,349,74
74,D6,72427,338,122
50,D4,72427,369,73
72,C6,72796,328,105
55,G4,72796,349,126
71,B5,73145,317,108
50,D4,73145,26,69
69,A5,73171,334,106
67,G5,73505,348,115
40,E3,73853,349,58
47,B3,73853,354,65
52,E4,74207,328,78
47,B3,74535,349,69
40,E3,74884,364,71
74,D6,75248,354,102
47,B3,75248,322,72
72,C6,75570,323,117
71,B5,75570,369,97
52,E4,75939,328,80
72,C6,75939,348,112
47,B3,76287,339,70
45,A3,76287,375,73
72,C6,76662,343,119
52,E4,76662,365,74
57,A4,77027,312,76
52,E4,77339,349,63
45,A3,77688,354,73
69,A5,78042,333,115
52,E4,78042,328,74
69,A5,78370,307,117
57,A4,78370,31,80
72,C6,78401,307,106
79,G6,78708,328,99
52,E4,79036,317,64
41,F3,79036,339,38
76,E6,79375,328,110
48,C4,79375,348,80
74,D6,79723,349,114
53,F4,79723,338,78
76,E6,80061,328,115
48,C4,80061,359,72
41,F3,80420,333,71
76,E6,80753,312,123
74,D6,80753,375,106
48,C4,81128,344,76
53,F4,81128,161,73
76,E6,81289,161,122
76,E6,81289,172,103
48,C4,81461,130,72
74,D6,81591,177,112
43,G3,81768,353,73
76,E6,82121,344,122
74,D6,82121,312,114
50,D4,82433,313,72
76,E6,82433,348,122
55,G4,82781,318,124
50,D4,82781,26,73
74,D6,82807,339,114
43,G3,83146,328,72
50,D4,83474,171,74
74,D6,83645,151,122
74,D6,83645,84,101
55,G4,83827,344,127
74,D6,84171,333,122
50,D4,84171,358,70
72,C6,84529,339,118
40,E3,84529,338,57
74,D6,84867,318,122
74,D6,84867,182,122
47,B3,85049,151,73
74,D6,85049,83,101
52,E4,85236,333,77
74,D6,85569,323,117
72,C6,85569,375,110
47,B3,85944,354,57
40,E3,85944,322,72
74,D6,86266,323,122
47,B3,86266,343,74
72,C6,86609,333,105
52,E4,86609,354,83
74,D6,86963,323,121
47,B3,86963,172,73
72,C6,87135,198,115
45,A3,87333,323,74
52,E4,87656,338,71
57,A4,87994,334,75
52,E4,88328,166,72
72,C6,88494,136,110
74,D6,88494,198,110
76,E6,88692,332,110
45,A3,89024,312,69
74,D6,89024,375,112
52,E4,89399,344,68
72,C6,89399,359,108
57,A4,89758,359,70
71,B5,89758,328,105
52,E4,90086,328,64
41,F3,90086,359,64
69,A5,90445,338,105
48,C4,90445,344,57
53,F4,90789,339,73
48,C4,91128,369,58
41,F3,91497,360,64
48,C4,91857,323,67
53,F4,92180,343,71
76,E6,92523,323,103
48,C4,92523,353,68
74,D6,92876,344,115
43,G3,92876,359,68
50,D4,93235,354,57
55,G4,93589,334,117
50,D4,93923,171,67
71,B5,94094,151,102
72,C6,94094,162,108
74,D6,94256,374,119
43,G3,94630,344,71
72,C6,94630,365,105
50,D4,94995,343,64
71,B5,94995,359,110
55,G4,95354,349,123
50,D4,95354,328,69
69,A5,95682,307,105
40,E3,95682,401,72
67,G5,96083,370,110
47,B3,96083,312,54
52,E4,96395,354,72
47,B3,96749,344,60
40,E3,97093,328,72
47,B3,97421,344,67
74,D6,97765,364,108
52,E4,98129,344,74
72,C6,98129,348,117
47,B3,98477,329,73
45,A3,98477,338,64
52,E4,98815,359,64
57,A4,99174,318,69
52,E4,99492,167,67
72,C6,99659,145,110
74,D6,99659,172,108
76,E6,99831,365,112
45,A3,100196,343,69
74,D6,100196,349,112
52,E4,100545,338,70
72,C6,100545,365,112
57,A4,100910,343,69
71,B5,100910,354,105
52,E4,101264,323,62
41,F3,101264,358,55
69,A5,101622,339,114
48,C4,101622,349,73
53,F4,101971,333,73
48,C4,102304,360,70
41,F3,102664,354,67
48,C4,103018,328,71
76,E6,103346,358,106
53,F4,103704,329,75
74,D6,103704,348,122
48,C4,104052,338,73
43,G3,104052,360,71
50,D4,104412,343,69
55,G4,104755,349,124
50,D4,105104,151,68
71,B5,105255,151,105
72,C6,105255,172,105
43,G3,105427,375,69
74,D6,105802,344,124
72,C6,105802,338,114
50,D4,106140,338,70
71,B5,106140,353,112
55,G4,106493,344,125
69,A5,106493,349,100
50,D4,106842,328,67
40,E3,106842,364,68
67,G5,107206,354,115
47,B3,107206,344,71
52,E4,107550,328,72
47,B3,107878,359,65
40,E3,108237,349,73
47,B3,108586,339,64
52,E4,108925,348,73
74,D6,109273,339,108
72,C6,109273,369,119
47,B3,109642,349,71
45,A3,109642,333,70
52,E4,109975,375,79
57,A4,110350,683,97
43,G3,111033,349,81
50,D4,111382,348,80
72,C6,111730,349,114
69,A5,111730,353,106
55,G4,112083,333,127
67,G5,112083,339,102
41,F3,112422,364,67
69,A5,112786,344,122
48,C4,112786,344,71
53,F4,113130,348,76
69,A5,113478,328,119
48,C4,113478,365,72
67,G5,113843,354,112
57,A4,113843,546,73
69,A5,114389,536,122
69,A5,114389,78,123
69,A5,114561,349,117
48,C4,114910,318,73
67,G5,114910,328,110
71,B5,115238,348,117
43,G3,115586,338,71
50,D4,115586,364,73
71,B5,115950,333,114
69,A5,115950,338,102
55,G4,116288,339,122
50,D4,116288,353,72
71,B5,116641,334,106
59,B4,116641,338,71
71,B5,116979,94,119
71,B5,117146,68,95
71,B5,117307,32,117
50,D4,117339,312,69
69,A5,117651,349,108
40,E3,118000,359,67
67,G5,118359,349,110
64,E5,118359,145,127
47,B3,118504,136,68
64,E5,118504,73,125
52,E4,118681,338,72
64,E5,119019,318,127
47,B3,119019,364,69
62,D5,119383,344,104
55,G4,119383,359,124
62,D5,119742,328,108
67,G5,119742,172,95
67,G5,120081,359,106
47,B3,120440,359,70
64,E5,120440,151,126
45,A3,120763,363,60
72,C6,121126,334,83
69,A5,121126,348,98
52,E4,121474,328,69
57,A4,121474,344,70
69,A5,121818,323,104
72,C6,121818,156,105
52,E4,121974,146,70
72,C6,121974,83,98
60,C5,122156,354,73
72,C6,122510,323,108
67,G5,122510,348,106
69,A5,122858,375,114
52,E4,123233,344,72
67,G5,123233,354,100
41,F3,123587,354,72
48,C4,123941,334,72
53,F4,124275,332,76
69,A5,124607,312,106
67,G5,124607,26,105
48,C4,124633,349,64
57,A4,124982,521,74
69,A5,125503,510,121
69,A5,125503,73,123
69,A5,125680,353,115
48,C4,126033,344,79
67,G5,126033,323,110
71,B5,126356,358,114
43,G3,126714,339,70
50,D4,126714,358,76
71,B5,127072,339,108
55,G4,127072,322,121
69,A5,127394,313,104
50,D4,127394,379,72
71,B5,127773,349,112
59,B4,127773,323,75
71,B5,128096,83,115
71,B5,128247,84,105
71,B5,128435,353,125
50,D4,128788,333,75
72,C6,128788,349,106
40,E3,129137,354,83
74,D6,129491,343,122
47,B3,129491,334,70
71,B5,129825,369,112
52,E4,130194,328,73
47,B3,130194,151,72
67,G5,130345,104,110
55,G4,130527,358,124
67,G5,130885,339,119
71,B5,130885,177,110
71,B5,131223,348,124
47,B3,131571,349,76
69,A5,131571,339,119
45,A3,131910,359,81
52,E4,132269,355,83
57,A4,132624,703,95
43,G3,133327,338,75
50,D4,133665,353,79
72,C6,134018,344,112
72,C6,134018,349,122
55,G4,134367,328,127
69,A5,134367,349,101
41,F3,134716,343,75
76,E6,135059,343,122
48,C4,135059,349,76
74,D6,135408,364,118
53,F4,135772,333,77
48,C4,135772,177,67
72,C6,135949,68,117
57,A4,136106,26,73
72,C6,136132,323,123
69,A5,136455,140,110
48,C4,136793,370,71
69,A5,137163,349,121
72,C6,137163,322,108
43,G3,137485,359,75
74,D6,137844,338,121
50,D4,137844,146,69
76,E6,137990,209,108
55,G4,138199,338,127
50,D4,138537,385,76
74,D6,138922,354,118
59,B4,138922,328,85
71,B5,139250,83,122
71,B5,139406,73,105
71,B5,139583,359,122
50,D4,139942,338,71
69,A5,139942,334,112
71,B5,140276,358,122
40,E3,140634,339,76
47,B3,140634,191,74
71,B5,140825,151,112
71,B5,140825,84,102
52,E4,140992,348,78
71,B5,141340,339,119
47,B3,141340,338,72
69,A5,141678,328,117
71,B5,141678,370,122
55,G4,142048,338,115
69,A5,142048,334,114
47,B3,142382,364,72
71,B5,142746,344,121
72,C6,142746,187,122
72,C6,143069,359,123
45,A3,143428,349,73
52,E4,143428,151,69
71,B5,143579,188,110
57,A4,143767,333,74
69,A5,144100,338,117
52,E4,144438,338,73
60,C5,144438,334,79
69,A5,144772,359,118
52,E4,145131,348,64
72,C6,145479,349,114
74,D6,145479,328,104
76,E6,145807,359,110
41,F3,146166,349,69
48,C4,146166,349,75
53,F4,146515,365,74
74,D6,146880,343,117
48,C4,146880,167,65
72,C6,147047,78,105
57,A4,147219,343,72
72,C6,147562,334,119
69,A5,147562,151,110
69,A5,147905,375,117
48,C4,148280,344,74
72,C6,148280,328,117
74,D6,148608,369,121
43,G3,148977,359,72
50,D4,148977,157,74
76,E6,149134,166,103
55,G4,149300,334,119
74,D6,149634,359,114
50,D4,149993,359,74
59,B4,149993,333,72
71,B5,150326,115,118
71,B5,150649,359,124
50,D4,151008,338,72
69,A5,151008,349,102
71,B5,151357,338,119
40,E3,151695,339,68
47,B3,151695,343,74
64,E5,152038,343,127
64,E5,152038,344,127
52,E4,152382,333,77
47,B3,152382,365,70
40,E3,152747,348,85
71,B5,153095,338,122
47,B3,153095,370,74
69,A5,153465,339,114
67,G5,153465,348,119
52,E4,153813,328,85
69,A5,153813,354,115
47,B3,154167,312,75
69,A5,154167,375,123
45,A3,154542,344,80
52,E4,154542,359,78
57,A4,154901,318,85
72,C6,155219,161,105
52,E4,155380,151,73
74,D6,155380,177,104
76,E6,155557,26,114
45,A3,155583,334,76
52,E4,155917,358,77
74,D6,156275,339,115
72,C6,156275,358,99
57,A4,156633,338,78
52,E4,156633,281,68
71,B5,156914,250,99
72,C6,156914,37,84
41,F3,156951,26,76
76,E6,156977,328,115
48,C4,157305,369,77
69,A5,157674,359,83
72,C6,157674,322,112
53,F4,157996,323,77
48,C4,157996,349,73
41,F3,158345,370,79
76,E6,158715,349,118
48,C4,158715,353,83
74,D6,159068,333,110
72,C6,159068,354,118
53,F4,159422,354,76
48,C4,159422,312,70
74,D6,159734,313,119
43,G3,159734,390,79
74,D6,160124,349,122
50,D4,160124,344,74
55,G4,160468,359,126
50,D4,160827,338,73
43,G3,161165,354,79
74,D6,161519,355,124
50,D4,161519,348,80
72,C6,161867,338,115
55,G4,161867,339,127
71,B5,162206,328,117
50,D4,162206,348,70
69,A5,162554,328,104
40,E3,162554,370,65
67,G5,162924,349,114
47,B3,162924,343,73
52,E4,163267,360,75
47,B3,163627,328,68
40,E3,163955,364,80
74,D6,164319,344,106
47,B3,164319,343,72
72,C6,164662,344,112
71,B5,164662,348,81
52,E4,165010,339,79
72,C6,165010,343,115
47,B3,165353,323,74
45,A3,165353,364,78
72,C6,165717,354,123
52,E4,165717,328,73
57,A4,166045,323,71
52,E4,166368,328,58
45,A3,166696,349,76
69,A5,167045,338,123
69,A5,167045,354,123
52,E4,167399,333,75
57,A4,167399,333,77
72,C6,167732,323,114
52,E4,167732,375,68
79,G6,168107,343,93
41,F3,168107,338,72
76,E6,168445,339,122
74,D6,168445,333,110
48,C4,168778,333,76
76,E6,168778,364,122
53,F4,169142,333,71
48,C4,169142,334,72
41,F3,169476,343,72
76,E6,169819,323,121
48,C4,169819,26,77
74,D6,169845,302,108
76,E6,170147,176,122
53,F4,170323,157,77
76,E6,170323,182,115
48,C4,170505,161,68
74,D6,170666,141,110
43,G3,170807,353,73
76,E6,171160,334,124
74,D6,171160,338,114
50,D4,171498,318,73
76,E6,171498,338,125
55,G4,171836,318,114
50,D4,171836,390,69
74,D6,172226,349,115
43,G3,172226,333,84
74,D6,172559,167,124
50,D4,172726,135,81
74,D6,172726,78,102
74,D6,172914,348,123
55,G4,173262,318,127
72,C6,173262,348,121
50,D4,173610,329,68
40,E3,173610,374,78
74,D6,173984,354,124
47,B3,173984,161,74
74,D6,174145,151,115
74,D6,174145,79,101
52,E4,174317,354,85
74,D6,174671,313,122
72,C6,174671,364,108
47,B3,175035,344,68
74,D6,175035,333,123
40,E3,175368,323,80
72,C6,175368,359,104
47,B3,175727,328,71
74,D6,175727,353,123
52,E4,176080,323,83
47,B3,176080,172,77
72,C6,176252,188,122
45,A3,176440,317,75
52,E4,176757,360,75
57,A4,177117,328,79
72,C6,177445,166,114
52,E4,177611,146,72
74,D6,177611,182,115
45,A3,177793,349,75
76,E6,178142,318,119
74,D6,178142,364,117
52,E4,178506,344,74
57,A4,178506,369,75
72,C6,178875,349,101
52,E4,178875,270,68
71,B5,179145,271,112
72,C6,179145,37,95
41,F3,179182,26,72
76,E6,179208,312,110
69,A5,179520,353,91
48,C4,179873,344,77
53,F4,179873,343,75
72,C6,180216,323,114
48,C4,180216,375,72
41,F3,180591,328,74
76,E6,180919,317,114
74,D6,180919,365,117
48,C4,181284,343,79
72,C6,181284,344,110
53,F4,181628,333,79
74,D6,181628,348,119
48,C4,181976,349,74
43,G3,181976,358,76
74,D6,182334,339,125
50,D4,182334,359,74
55,G4,182693,323,123
50,D4,183016,339,70
43,G3,183355,348,80
74,D6,183703,328,123
50,D4,183703,365,78
72,C6,184068,343,112
55,G4,184068,349,126
71,B5,184417,338,117
50,D4,184417,343,71
69,A5,184760,334,108
67,G5,184760,369,118
40,E3,185129,359,74
47,B3,185129,370,74
52,E4,185499,344,81
47,B3,185843,318,69
40,E3,186161,369,80
74,D6,186530,349,108
47,B3,186530,343,73
72,C6,186873,344,117
71,B5,186873,353,102
52,E4,187226,323,75
47,B3,187226,322,74
72,C6,187548,323,115
45,A3,187548,349,71
72,C6,187897,328,123
52,E4,187897,135,73
71,B5,188032,214,105
57,A4,188246,307,72
52,E4,188553,390,74
69,A5,188943,370,101
45,A3,188943,328,73
52,E4,189271,353,79
69,A5,189624,344,119
72,C6,189624,328,112
57,A4,189952,328,83
79,G6,189952,344,103
52,E4,190296,323,72
41,F3,190296,333,70
76,E6,190629,333,119
74,D6,190629,370,114
48,C4,190999,338,74
76,E6,190999,322,124
53,F4,191321,323,74
48,C4,191321,354,73
41,F3,191675,359,75
76,E6,192034,328,126
74,D6,192034,353,114
48,C4,192387,334,83
76,E6,192387,161,125
53,F4,192548,141,76
76,E6,192548,177,102
48,C4,192725,156,72
74,D6,192881,151,117
43,G3,193032,369,74
76,E6,193401,328,122
50,D4,193401,313,77
74,D6,193714,291,114
74,D6,193714,31,112
55,G4,193745,364,127
76,E6,194109,333,121
74,D6,194109,349,118
50,D4,194458,328,71
43,G3,194458,370,77
50,D4,194828,151,74
74,D6,194979,151,123
74,D6,194979,68,99
74,D6,195161,348,121
55,G4,195509,339,127
72,C6,195509,359,119
50,D4,195868,349,72
74,D6,195868,338,123
40,E3,196206,328,80
74,D6,196206,172,119
47,B3,196378,151,74
74,D6,196378,73,108
74,D6,196555,343,122
52,E4,196898,323,83
72,C6,196898,359,119
47,B3,197257,338,72
74,D6,197257,349,121
40,E3,197606,328,81
47,B3,197606,353,74
72,C6,197959,333,119
74,D6,197959,365,122
52,E4,198324,344,74
47,B3,198324,161,71
72,C6,198485,188,124
45,A3,198673,323,75
52,E4,198996,354,76
57,A4,199350,312,72
72,C6,199662,26,118
52,E4,199688,141,71
74,D6,199829,193,112
45,A3,200022,343,73
76,E6,200365,343,118
52,E4,200365,334,76
74,D6,200699,322,115
72,C6,200699,26,114
57,A4,200725,344,74
71,B5,201069,333,112
52,E4,201402,312,65
41,F3,201402,390,70
69,A5,201792,349,105
48,C4,201792,333,62
53,F4,202125,354,71
48,C4,202479,360,56
41,F3,202839,333,68
48,C4,203172,354,59
76,E6,203526,344,114
53,F4,203870,323,76
74,D6,203870,31,114
48,C4,203901,312,61
43,G3,204213,349,67
50,D4,204562,344,67
55,G4,204906,333,117
71,B5,205239,177,105
50,D4,205416,136,63
72,C6,205416,172,108
43,G3,205588,354,67
74,D6,205942,354,125
72,C6,205942,333,119
50,D4,206275,333,74
71,B5,206275,390,112
55,G4,206665,349,124
69,A5,206665,317,106
50,D4,206982,307,65
40,E3,206982,370,73
67,G5,207352,349,121
47,B3,207352,349,73
52,E4,207701,354,72
47,B3,208055,344,69
40,E3,208399,354,69
47,B3,208753,338,67
74,D6,209091,344,106
52,E4,209435,333,75
72,C6,209435,380,119
47,B3,209815,338,71
45,A3,209815,334,64
52,E4,210149,338,74
57,A4,210487,333,73
72,C6,210820,162,118
52,E4,210982,151,70
74,D6,210982,192,110
76,E6,211174,349,114
45,A3,211523,328,62
52,E4,211523,358,73
74,D6,211881,339,115
57,A4,211881,348,70
72,C6,212229,339,108
71,B5,212229,363,112
52,E4,212592,334,61
69,A5,212592,380,115
41,F3,212972,380,74
48,C4,212972,333,71
53,F4,213305,370,72
48,C4,213675,338,72
41,F3,214013,344,70
48,C4,214357,344,72
53,F4,214701,353,76
77,F6,215054,334,101
76,E6,215054,328,121
48,C4,215382,328,72
43,G3,215382,370,73
74,D6,215752,348,105
50,D4,216100,349,74
55,G4,216100,359,124
50,D4,216459,171,65
71,B5,216630,151,104
72,C6,216630,157,114
43,G3,216787,348,68
74,D6,217135,328,119
72,C6,217135,359,108
50,D4,217494,328,76
55,G4,217494,359,121
71,B5,217853,328,110
69,A5,217853,348,102
50,D4,218201,328,63
40,E3,218201,374,72
67,G5,218575,365,117
47,B3,218575,344,71
52,E4,218919,338,71
47,B3,219257,344,63
40,E3,219601,333,75
47,B3,219934,360,70
52,E4,220294,343,74
74,D6,220637,333,95
72,C6,220637,344,115
47,B3,220981,312,69
45,A3,220981,339,71
52,E4,221320,370,76
57,A4,221690,344,81
52,E4,222034,328,69
45,A3,222362,343,77
52,E4,222705,370,80
84,C7,223075,349,104
57,A4,223075,343,81
84,C7,223418,333,106
83,B6,223418,317,112
52,E4,223735,318,69
41,F3,223735,31,70
81,A6,223766,334,114
48,C4,224100,343,73
53,F4,224443,323,73
81,A6,224766,348,112
48,C4,225114,339,71
41,F3,225114,328,74
84,C7,225442,359,98
48,C4,225801,349,76
84,C7,225801,338,102
53,F4,226139,339,75
83,B6,226139,322,115
48,C4,226461,323,75
43,G3,226461,358,68
79,G6,226819,339,110
50,D4,226819,343,72
55,G4,227162,318,121
79,G6,227480,348,118
50,D4,227828,339,65
43,G3,227828,328,74
50,D4,228156,339,78
83,B6,228495,317,122
83,B6,228495,364,118
55,G4,228859,333,124
81,A6,228859,349,108
50,D4,229208,328,69
40,E3,229208,353,70
79,G6,229561,333,121
47,B3,229561,344,70
79,G6,229905,348,122
52,E4,230253,339,73
76,E6,230253,328,114
47,B3,230581,328,73
40,E3,230581,354,74
79,G6,230935,333,118
47,B3,230935,343,75
83,B6,231278,344,122
83,B6,231278,348,121
52,E4,231626,328,77
81,A6,231626,349,117
47,B3,231975,328,74
45,A3,231975,343,72
52,E4,232318,360,74
57,A4,232678,328,87
52,E4,233006,338,73
45,A3,233344,334,73
52,E4,233678,343,77
84,C7,234021,344,117
57,A4,234021,322,80
84,C7,234343,312,106
83,B6,234343,354,114
52,E4,234697,333,71
41,F3,234697,359,59
81,A6,235056,359,118
48,C4,235056,313,73
53,F4,235369,312,70
48,C4,235681,26,77
81,A6,235707,339,115
41,F3,236046,333,71
48,C4,236379,322,74
84,C7,236701,323,108
53,F4,236701,353,75
84,C7,237054,344,91
83,B6,237054,312,112
48,C4,237366,313,73
43,G3,237366,353,68
79,G6,237719,333,117
50,D4,237719,344,80
55,G4,238063,307,121
50,D4,238370,344,78
79,G6,238714,333,117
43,G3,238714,333,72
50,D4,239047,344,80
83,B6,239391,312,108
83,B6,239391,339,115
55,G4,239730,328,118
81,A6,239730,343,110
50,D4,240073,313,69
40,E3,240073,375,72
79,G6,240448,333,123
47,B3,240448,333,71
52,E4,240781,338,73
79,G6,241119,307,119
76,E6,241119,359,115
47,B3,241478,338,69
40,E3,241478,323,72
79,G6,241801,312,117
83,B6,241801,364,119
47,B3,242165,333,76
83,B6,242165,296,118
52,E4,242461,297,78
81,A6,242461,36,110
47,B3,242497,313,74
76,E6,242810,363,83
45,A3,243173,334,72
52,E4,243173,349,74
74,D6,243522,312,108
57,A4,243834,312,72
52,E4,243834,339,75
45,A3,244173,343,70
72,C6,244516,333,101
52,E4,244516,386,73
71,B5,244902,374,87
71,B5,244902,364,110
57,A4,245266,365,73
60,C5,245266,469,70
69,A5,245735,447,83
69,A5,245735,2943,85
64,E5,248678,2932,124