50,D4,0,300,69
55,G4,300,300,83
58,A#4,600,1500,81
55,G4,2100,300,67
50,D4,2400,300,68
53,F4,2700,300,81
58,A#4,3000,1500,85
53,F4,4500,300,64
48,C4,4800,300,69
53,F4,5100,300,86
57,A4,5400,1500,85
53,F4,6900,300,68
48,C4,7200,299,66
52,E4,7499,301,83
55,G4,7800,1681,82
55,G4,9600,9600,79
43,G3,19200,9600,79
50,D4,19200,9600,79
55,G4,19200,300,78
50,D4,19500,300,66
50,D4,19800,300,76
53,F4,20100,300,82
50,D4,20400,806,71
50,D4,21300,300,75
55,G4,21600,300,88
50,D4,21900,300,67
50,D4,22200,300,73
53,F4,22500,300,83
50,D4,22800,537,68
50,D4,23400,300,78
50,D4,23700,300,77
55,G4,24000,300,91
50,D4,24300,300,66
50,D4,24600,300,76
53,F4,24900,300,83
50,D4,25200,806,70
50,D4,26100,300,73
48,C4,26400,300,75
50,D4,26700,150,78
48,C4,26850,300,72
50,D4,27150,150,79
48,C4,27300,300,72
48,C4,27600,537,76
50,D4,28200,300,82
50,D4,28500,300,76
55,G4,28800,300,90
50,D4,29100,300,67
50,D4,29400,300,75
53,F4,29700,299,82
50,D4,29999,538,69
55,G4,30600,150,88
55,G4,30750,149,78
55,G4,30899,151,75
55,G4,31050,150,76
58,A#4,31200,300,86
50,D4,31500,300,60
50,D4,31800,300,72
53,F4,32100,300,81
50,D4,32400,537,69
50,D4,33000,300,80
50,D4,33300,300,75
55,G4,33600,300,89
50,D4,33900,300,65
50,D4,34200,300,73
53,F4,34500,300,80
50,D4,34800,537,69
50,D4,35400,300,79
50,D4,35700,300,77
55,G4,36000,537,96
58,A#4,36600,537,94
55,G4,37200,600,99
60,C5,37800,600,99
48,C4,37800,600,99
58,A#4,37800,300,95
60,C5,38100,300,101
62,D5,38400,300,107
50,D4,38700,300,107
55,G4,38700,300,107
55,G4,38700,300,82
55,G4,39000,300,94
50,D4,39300,300,86
55,G4,39600,806,108
60,C5,40500,300,112
62,D5,40800,300,108
50,D4,41100,300,108
55,G4,41100,300,108
55,G4,41100,300,81
55,G4,41400,300,94
50,D4,41700,300,84
55,G4,42000,537,107
58,A#4,42600,300,108
60,C5,42900,300,104
62,D5,43200,300,104
50,D4,43500,300,104
55,G4,43500,300,104
55,G4,43500,300,80
55,G4,43800,300,92
50,D4,44100,300,86
55,G4,44400,806,105
58,A#4,45300,300,108
60,C5,45600,300,107
62,D5,45900,150,104
60,C5,46050,300,92
62,D5,46350,150,105
60,C5,46500,300,91
60,C5,46800,300,100
62,D5,47100,150,104
60,C5,47250,150,89
58,A#4,47400,300,94
60,C5,47700,300,103
62,D5,48000,300,104
50,D4,48300,300,104
55,G4,48300,300,104
55,G4,48300,300,81
55,G4,48600,300,92
50,D4,48900,300,85
55,G4,49200,806,107
60,C5,50100,300,111
62,D5,50400,300,107
50,D4,50700,300,107
55,G4,50700,300,107
55,G4,50700,300,83
55,G4,51000,300,95
50,D4,51300,300,85
55,G4,51600,537,105
58,A#4,52200,300,109
60,C5,52500,300,103
62,D5,52800,300,107
50,D4,53100,300,107
55,G4,53100,300,107
55,G4,53100,300,79
55,G4,53400,300,94
50,D4,53700,300,83
55,G4,54000,537,109
55,G4,54600,300,100
58,A#4,54900,300,104
60,C5,55200,450,105
62,D5,55650,687,103
60,C5,56400,450,94
62,D5,56850,450,103
65,F5,57300,300,106
55,G4,57600,1200,105
58,A#4,58800,1200,105
62,D5,58800,1200,105
67,G5,58800,1200,105
67,G5,58800,150,99
62,D5,58950,150,82
58,A#4,59100,150,86
55,G4,59250,150,85
67,G5,59400,150,123
62,D5,59550,150,86
58,A#4,59700,150,84
55,G4,59850,149,86
62,D5,59999,1200,120
65,F5,61199,1200,120
53,F4,61199,1200,120
58,A#4,61199,1201,120
65,F5,61199,149,101
62,D5,61348,151,88
58,A#4,61499,150,82
53,F4,61649,149,83
65,F5,61798,151,122
62,D5,61949,150,91
58,A#4,62099,149,86
53,F4,62248,151,83
53,F4,62399,1200,124
57,A4,63599,1200,124
60,C5,63599,1200,124
65,F5,63599,1200,124
65,F5,63599,150,106
60,C5,63749,150,84
57,A4,63899,150,87
53,F4,64049,150,82
65,F5,64199,150,126
60,C5,64349,150,89
57,A4,64499,150,86
53,F4,64649,150,82
64,E5,64799,4800,122
52,E4,69599,4800,122
55,G4,69599,4800,122
60,C5,69599,4800,122
55,G4,69599,300,79
46,A#3,69899,300,79
46,A#3,69899,300,83
50,D4,70199,300,83
50,D4,70199,300,95
46,A#3,70499,300,95
53,F4,70499,300,107
46,A#3,70799,300,107
50,D4,70799,900,88
46,A#3,71699,900,88
53,F4,71699,300,106
55,G4,71999,300,106
46,A#3,72299,300,106
50,D4,72299,300,83
50,D4,72599,300,92
53,F4,72899,300,104
50,D4,73199,537,88
50,D4,73799,300,101
50,D4,74099,300,96
55,G4,74399,300,113
48,C4,74699,300,113
50,D4,74699,300,85
50,D4,74999,300,93
53,F4,75299,300,105
48,C4,75599,300,105
50,D4,75599,806,91
50,D4,76499,300,95
48,C4,76799,300,93
50,D4,77099,150,100
48,C4,77249,300,91
50,D4,77549,150,102
48,C4,77699,300,92
48,C4,77999,537,96
50,D4,78599,300,105
50,D4,78899,300,96
55,G4,79199,300,113
46,A#3,79499,300,113
50,D4,79499,300,85
50,D4,79799,300,93
46,A#3,80099,300,93
53,F4,80099,300,107
50,D4,80399,537,88
55,G4,80999,150,110
55,G4,81149,150,99
55,G4,81299,150,97
55,G4,81449,150,96
58,A#4,81599,300,109
50,D4,81899,300,79
50,D4,82199,300,92
53,F4,82499,300,103
50,D4,82799,537,90
50,D4,83399,300,99
50,D4,83699,300,96
55,G4,83999,300,111
50,D4,84299,300,86
50,D4,84599,300,93
53,F4,84899,300,107
50,D4,85199,537,89
50,D4,85799,300,99
50,D4,86099,300,98
55,G4,86399,537,112
58,A#4,86999,537,105
60,C5,87599,600,101
48,C4,88199,600,101
55,G4,88199,600,101
70,A#5,88199,300,120
58,A#4,88499,300,120
60,C5,88499,300,104
72,C6,88799,300,104
74,D6,88799,300,104
62,D5,89099,300,104
67,G5,89099,300,104
67,G5,89099,300,80
55,G4,89399,300,80
67,G5,89399,300,92
55,G4,89699,300,92
62,D5,89699,300,82
50,D4,89999,300,82
55,G4,89999,900,105
67,G5,90899,900,105
60,C5,90899,300,112
72,C6,91199,300,112
67,G5,91199,300,109
74,D6,91499,300,109
62,D5,91499,300,109
55,G4,91499,300,79
67,G5,91799,300,79
67,G5,91799,300,95
55,G4,92099,300,95
62,D5,92099,300,85
50,D4,92399,300,85
67,G5,92399,600,104
55,G4,92999,600,104
70,A#5,92999,300,108
58,A#4,93299,300,108
60,C5,93299,300,105
72,C6,93599,300,105
74,D6,93599,300,104
62,D5,93899,300,104
67,G5,93899,300,104
55,G4,93899,300,81
67,G5,94199,300,81
67,G5,94199,300,94
55,G4,94499,300,94
62,D5,94499,300,82
50,D4,94799,300,82
67,G5,94799,900,106
55,G4,95699,900,106
58,A#4,95699,300,104
70,A#5,95999,300,104
72,C6,95999,300,105
60,C5,96299,300,105
62,D5,96299,150,103
74,D6,96449,150,103
72,C6,96449,300,90
60,C5,96749,300,90
74,D6,96749,150,103
62,D5,96899,150,103
72,C6,96899,300,90
60,C5,97199,300,90
60,C5,97199,300,98
72,C6,97499,300,98
74,D6,97499,150,103
62,D5,97649,150,103
60,C5,97649,150,91
72,C6,97799,150,91
70,A#5,97799,300,92
58,A#4,98099,300,92
72,C6,98099,300,103
60,C5,98399,300,103
74,D6,98399,300,106
62,D5,98699,300,106
67,G5,98699,300,106
55,G4,98699,300,79
67,G5,98999,300,79
67,G5,98999,300,91
55,G4,99299,300,91
62,D5,99299,300,82
50,D4,99599,300,82
67,G5,99599,900,107
55,G4,100499,900,107
72,C6,100499,300,111
60,C5,100799,300,111
74,D6,100799,300,109
62,D5,101099,300,109
67,G5,101099,300,109
55,G4,101099,300,79
67,G5,101399,300,79
67,G5,101399,300,95
55,G4,101699,300,95
62,D5,101699,300,84
50,D4,101999,300,84
67,G5,101999,600,106
55,G4,102599,600,106
70,A#5,102599,300,108
58,A#4,102899,300,108
60,C5,102899,300,103
72,C6,103199,300,103
74,D6,103199,300,107
62,D5,103499,300,107
67,G5,103499,300,107
55,G4,103499,300,80
67,G5,103799,300,80
67,G5,103799,300,93
55,G4,104099,300,93
62,D5,104099,300,84
50,D4,104399,300,84
67,G5,104399,600,108
55,G4,104999,600,108
67,G5,104999,300,99
55,G4,105299,300,99
70,A#5,105299,300,105
58,A#4,105599,300,105
72,C6,105599,450,107
60,C5,106049,450,107
74,D6,106049,750,104
62,D5,106799,750,104
72,C6,106799,450,93
60,C5,107249,450,93
74,D6,107249,450,100
62,D5,107699,450,100
65,F5,107699,300,94
77,F6,107999,300,94
79,G6,107999,1950,93
67,G5,109949,1950,93
70,A#5,109949,1950,93
74,D6,109949,1950,93
77,F6,109949,150,75
65,F5,110099,150,75
79,G6,110099,150,78
67,G5,110249,150,78
65,F5,110249,150,64
77,F6,110399,150,64
74,D6,110399,2100,59
62,D5,112499,2100,59
77,F6,112499,150,53
65,F5,112649,150,53
62,D5,112649,150,49
74,D6,112799,150,49
60,C5,112799,2100,47
65,F5,114899,2100,47
69,A5,114899,2100,47
72,C6,114899,2099,47
70,A#5,114899,150,45
58,A#4,115049,151,45
57,A4,115049,150,46
69,A5,115199,150,46
55,G4,115199,2400,46
60,C5,117599,2400,46
64,E5,117599,2400,46
67,G5,117599,2400,46
55,G4,117599,1950,51
58,A#4,119549,1950,51
62,D5,119549,1950,51
67,G5,119549,1950,51
53,F4,119549,150,45
65,F5,119699,150,45
67,G5,119699,150,49
55,G4,119849,150,49
53,F4,119849,150,47
65,F5,119999,149,47
50,D4,119999,2100,48
62,D5,122099,2101,48
65,F5,122099,150,47
53,F4,122249,149,47
62,D5,122249,150,44
50,D4,122399,151,44
48,C4,122399,2100,49
53,F4,124499,2100,49
57,A4,124499,2100,49
60,C5,124499,2099,49
58,A#4,124499,150,45
46,A#3,124649,151,45
45,A3,124649,150,46
57,A4,124799,150,46
55,G4,124799,2400,46
43,G3,127199,2400,46
48,C4,127199,2400,46
52,E4,127199,2400,46
72,C6,127199,1681,64
58,A#4,128999,300,39
60,C5,129299,300,50
62,D5,129599,300,77
55,G4,129899,300,58
55,G4,130199,299,68
50,D4,130498,301,61
55,G4,130799,806,76
60,C5,131699,300,80
62,D5,131999,300,80
55,G4,132299,300,58
55,G4,132599,300,69
50,D4,132899,300,60
55,G4,133199,537,78
58,A#4,133799,300,82
60,C5,134099,300,76
62,D5,134399,300,78
55,G4,134699,300,58
55,G4,134999,300,69
50,D4,135299,300,61
55,G4,135599,806,77
58,A#4,136499,300,79
60,C5,136799,300,80
62,D5,137099,150,76
60,C5,137249,300,66
62,D5,137549,150,76
60,C5,137699,300,68
60,C5,137999,300,73
62,D5,138299,150,77
60,C5,138449,150,69
58,A#4,138599,300,71
60,C5,138899,300,73
62,D5,139199,300,77
55,G4,139499,300,60
55,G4,139799,300,67
50,D4,140099,300,59
55,G4,140399,806,79
60,C5,141299,300,82
62,D5,141599,300,80
55,G4,141899,300,60
55,G4,142199,300,68
50,D4,142499,300,59
55,G4,142799,537,77
58,A#4,143399,300,81
60,C5,143699,300,75
62,D5,143999,300,78
55,G4,144299,300,60
55,G4,144599,300,67
50,D4,144899,300,62
55,G4,145199,537,78
55,G4,145799,300,81
58,A#4,146099,300,86
60,C5,146399,450,96
62,D5,146849,687,99
60,C5,147599,450,92
62,D5,148049,450,102
65,F5,148499,1981,105
58,A#4,150599,300,109
70,A#5,150899,300,109
60,C5,150899,300,105
72,C6,151199,300,105
74,D6,151199,300,105
62,D5,151499,300,105
67,G5,151499,300,105
70,A#5,151499,300,105
55,G4,151499,300,78
67,G5,151799,300,78
55,G4,151799,300,93
67,G5,152099,300,93
62,D5,152099,300,85
50,D4,152399,300,85
67,G5,152399,900,105
55,G4,153299,900,105
60,C5,153299,300,109
72,C6,153599,300,109
74,D6,153599,300,108
62,D5,153899,300,108
65,F5,153899,300,108
70,A#5,153899,300,108
55,G4,153899,300,78
67,G5,154199,300,78
67,G5,154199,300,93
55,G4,154499,300,93
62,D5,154499,300,82
50,D4,154799,300,82
67,G5,154799,600,105
55,G4,155399,600,105
70,A#5,155399,300,106
58,A#4,155699,300,106
72,C6,155699,300,103
60,C5,155999,300,103
74,D6,155999,300,106
62,D5,156299,300,106
65,F5,156299,300,106
69,A5,156299,300,106
55,G4,156299,300,81
67,G5,156599,300,81
67,G5,156599,300,94
55,G4,156899,300,94
50,D4,156899,300,82
62,D5,157199,300,82
67,G5,157199,900,104
55,G4,158099,900,104
58,A#4,158099,300,106
70,A#5,158399,300,106
72,C6,158399,300,104
60,C5,158699,300,104
62,D5,158699,150,102
74,D6,158849,150,102
72,C6,158849,300,91
60,C5,159149,300,91
74,D6,159149,150,103
62,D5,159299,150,103
72,C6,159299,300,88
60,C5,159599,300,88
72,C6,159599,300,98
60,C5,159899,300,98
74,D6,159899,150,102
62,D5,160049,150,102
60,C5,160049,150,92
72,C6,160199,150,92
70,A#5,160199,300,92
58,A#4,160499,300,92
72,C6,160499,300,101
60,C5,160799,300,101
74,D6,160799,300,105
62,D5,161099,300,105
67,G5,161099,300,105
70,A#5,161099,300,105
55,G4,161099,300,80
67,G5,161399,300,80
67,G5,161399,300,94
55,G4,161699,300,94
50,D4,161699,300,82
62,D5,161999,300,82
67,G5,161999,900,106
55,G4,162899,900,106
60,C5,162899,300,112
72,C6,163199,300,112
62,D5,163199,300,106
65,F5,163499,300,106
70,A#5,163499,300,106
74,D6,163499,300,106
55,G4,163499,300,79
67,G5,163799,300,79
67,G5,163799,300,93
55,G4,164099,300,93
62,D5,164099,300,83
50,D4,164399,300,83
67,G5,164399,600,106
55,G4,164999,600,106
70,A#5,164999,300,108
58,A#4,165299,300,108
60,C5,165299,300,104
72,C6,165599,300,104
74,D6,165599,300,104
62,D5,165899,300,104
65,F5,165899,300,104
69,A5,165899,300,104
55,G4,165899,300,77
67,G5,166199,300,77
67,G5,166199,300,91
55,G4,166499,300,91
62,D5,166499,300,83
50,D4,166799,300,83
67,G5,166799,600,106
55,G4,167399,600,106
67,G5,167399,300,100
55,G4,167699,300,100
58,A#4,167699,300,102
70,A#5,167999,300,102
72,C6,167999,450,105
60,C5,168449,450,105
74,D6,168449,750,104
62,D5,169199,750,104
72,C6,169199,450,93
60,C5,169649,450,93
62,D5,169649,450,100
74,D6,170099,450,100
77,F6,170099,300,103
65,F5,170399,300,103
70,A#5,170399,1200,105
74,D6,171599,1200,105
79,G6,171599,1200,105
67,G5,171599,1200,105
79,G6,171599,150,100
74,D6,171749,150,81
70,A#5,171899,150,85
67,G5,172049,150,86
74,D6,172199,150,114
70,A#5,172349,150,86
67,G5,172499,150,88
62,D5,172649,150,82
62,D5,172799,1200,124
65,F5,173999,1200,124
70,A#5,173999,1200,124
74,D6,173999,1200,124
74,D6,173999,150,105
70,A#5,174149,150,85
65,F5,174299,150,83
62,D5,174449,150,86
70,A#5,174599,150,114
65,F5,174749,150,88
62,D5,174899,150,88
58,A#4,175049,150,84
57,A4,175199,1200,121
60,C5,176399,1200,121
65,F5,176399,1200,121
69,A5,176399,1200,121
69,A5,176399,150,103
65,F5,176549,150,85
60,C5,176699,150,83
57,A4,176849,150,85
65,F5,176999,150,117
60,C5,177149,150,85
57,A4,177299,150,85
53,F4,177449,150,83
52,E4,177599,1200,122
55,G4,178799,1200,122
60,C5,178799,1200,122
64,E5,178799,1200,122
64,E5,178799,150,102
60,C5,178949,150,86
55,G4,179099,150,83
52,E4,179249,150,84
60,C5,179399,150,116
55,G4,179549,150,88
52,E4,179699,150,88
48,C4,179849,150,83
50,D4,179999,2400,110
55,G4,182399,2400,110
58,A#4,182399,2400,110
62,D5,182399,2400,110
50,D4,182399,2400,90
53,F4,184799,2400,90
58,A#4,184799,2400,90
62,D5,184799,2400,90
48,C4,184799,2400,82
53,F4,187199,2400,82
57,A4,187199,2400,82
60,C5,187199,2400,82
60,C5,187199,3600,85
48,C4,190799,3600,85
52,E4,190799,3600,85
55,G4,190799,3600,85
62,D5,190799,537,83
65,F5,191399,537,81
67,G5,191999,2281,67
55,G4,194280,2281,67
62,D5,194280,2281,67
--end--
43,G3,0,2400,66
31,G2,2400,2400,66
46,A#3,2400,2400,79
34,A#2,4800,2400,79
41,F3,4800,2400,66
29,F2,7200,2400,66
36,C3,7200,1800,60
24,C2,9000,1800,60
34,A#2,9000,300,70
22,A#1,9300,300,70
21,A1,9300,300,74
33,A2,9600,300,74
31,G2,9600,450,92
19,G1,10050,450,92
31,G2,10050,450,97
31,G2,10500,300,95
43,G3,10800,900,123
38,D3,11700,900,123
31,G2,11700,150,78
19,G1,11850,150,78
33,A2,11850,150,98
21,A1,12000,150,98
34,A#2,12000,450,104
22,A#1,12450,450,104
34,A#2,12450,450,95
34,A#2,12900,300,98
46,A#3,13200,900,121
41,F3,14100,900,121
33,A2,14100,150,77
21,A1,14250,150,77
19,G1,14250,150,87
31,G2,14400,150,87
29,F2,14400,450,89
17,F1,14850,450,89
29,F2,14850,450,96
29,F2,15300,300,96
41,F3,15600,750,123
36,C3,16350,750,123
29,F2,16350,150,69
33,A2,16500,150,102
34,A#2,16650,150,102
36,C3,16800,450,106
24,C2,17250,450,106
36,C3,17250,450,98
36,C3,17700,300,97
48,C4,18000,1200,114
43,G3,19200,1200,114
31,G2,19200,450,54
19,G1,19650,450,54
31,G2,19650,450,65
31,G2,20100,300,56
43,G3,20400,1200,62
38,D3,21600,1200,62
34,A#2,21600,450,42
22,A#1,22050,450,42
34,A#2,22050,450,45
34,A#2,22500,300,47
46,A#3,22800,1200,63
41,F3,24000,1200,63
17,F1,24000,450,38
29,F2,24450,450,38
29,F2,24450,450,47
29,F2,24900,300,47
41,F3,25200,1200,61
36,C3,26400,1200,61
36,C3,26400,450,48
24,C2,26850,450,48
36,C3,26850,450,47
36,C3,27300,300,50
48,C4,27600,600,61
43,G3,28200,600,61
34,A#2,28200,300,42
22,A#1,28500,300,42
33,A2,28500,300,43
21,A1,28800,300,43
31,G2,28800,450,47
19,G1,29250,450,47
31,G2,29250,450,47
31,G2,29700,299,50
43,G3,29999,1200,59
38,D3,31199,1201,59
34,A#2,31199,450,44
22,A#1,31649,450,44
34,A#2,31649,450,48
34,A#2,32099,300,50
46,A#3,32399,1200,60
41,F3,33599,1200,60
17,F1,33599,450,39
29,F2,34049,450,39
29,F2,34049,450,46
29,F2,34499,300,49
41,F3,34799,1200,60
36,C3,35999,1200,60
36,C3,35999,1200,45
24,C2,37199,1200,45
24,C2,37199,1200,35
12,C1,38399,1200,35
31,G2,38399,450,58
19,G1,38849,450,58
31,G2,38849,450,48
31,G2,39299,300,49
43,G3,39599,1200,60
38,D3,40799,1200,60
34,A#2,40799,450,41
22,A#1,41249,450,41
34,A#2,41249,450,48
34,A#2,41699,300,49
46,A#3,41999,1200,60
41,F3,43199,1200,60
29,F2,43199,450,39
17,F1,43649,450,39
29,F2,43649,450,45
29,F2,44099,300,46
41,F3,44399,1200,60
36,C3,45599,1200,60
36,C3,45599,450,48
24,C2,46049,450,48
36,C3,46049,450,48
36,C3,46499,300,49
43,G3,46799,600,60
48,C4,47399,600,60
34,A#2,47399,300,38
22,A#1,47699,300,38
33,A2,47699,300,44
21,A1,47999,300,44
31,G2,47999,450,49
19,G1,48449,450,49
31,G2,48449,450,49
31,G2,48899,300,47
43,G3,49199,1200,62
38,D3,50399,1200,62
34,A#2,50399,450,41
22,A#1,50849,450,41
34,A#2,50849,450,46
34,A#2,51299,300,47
46,A#3,51599,1200,60
41,F3,52799,1200,60
29,F2,52799,450,41
17,F1,53249,450,41
29,F2,53249,450,47
29,F2,53699,300,49
41,F3,53999,1200,60
36,C3,55199,1200,60
36,C3,55199,450,46
24,C2,55649,450,46
36,C3,55649,750,46
24,C2,56399,750,46
24,C2,56399,1200,35
12,C1,57599,1200,35
31,G2,57599,450,58
19,G1,58049,450,58
31,G2,58049,450,48
31,G2,58499,300,46
43,G3,58799,1200,62
38,D3,59999,1199,62
34,A#2,59999,450,44
22,A#1,60449,450,44
34,A#2,60449,450,47
34,A#2,60899,301,47
46,A#3,61200,1200,60
41,F3,62400,1200,60
29,F2,62400,450,38
17,F1,62850,450,38
29,F2,62850,450,45
29,F2,63300,300,47
41,F3,63600,1200,61
36,C3,64800,1200,61
36,C3,64800,450,46
24,C2,65250,449,46
36,C3,65250,451,46
36,C3,65701,300,47
48,C4,66001,900,61
43,G3,66901,900,61
36,C3,66901,150,38
31,G2,67051,150,40
24,C2,67201,2281,41
31,G2,69601,450,80
19,G1,70051,450,80
31,G2,70051,450,72
31,G2,70501,300,72
38,D3,70801,1200,91
43,G3,72001,1200,91
34,A#2,72001,450,60
22,A#1,72451,450,60
34,A#2,72451,450,70
34,A#2,72901,300,73
46,A#3,73201,1200,91
41,F3,74401,1200,91
29,F2,74401,450,57
17,F1,74851,450,57
29,F2,74851,450,67
29,F2,75301,300,71
41,F3,75601,1200,89
36,C3,76801,1200,89
36,C3,76801,450,66
24,C2,77251,450,66
36,C3,77251,450,70
36,C3,77701,300,73
48,C4,78001,600,90
43,G3,78601,600,90
34,A#2,78601,300,57
22,A#1,78901,300,57
33,A2,78901,300,64
21,A1,79201,300,64
31,G2,79201,450,69
19,G1,79651,450,69
31,G2,79651,450,68
31,G2,80101,300,70
43,G3,80401,1200,90
38,D3,81601,1200,90
34,A#2,81601,450,63
22,A#1,82051,450,63
34,A#2,82051,450,68
34,A#2,82501,300,71
46,A#3,82801,1200,90
41,F3,84001,1200,90
29,F2,84001,450,56
17,F1,84451,450,56
29,F2,84451,450,68
29,F2,84901,300,72
41,F3,85201,1200,91
36,C3,86401,1200,91
36,C3,86401,1200,67
24,C2,87601,1200,67
24,C2,87601,1200,49
12,C1,88801,1200,49
31,G2,88801,450,110
19,G1,89251,450,110
31,G2,89251,450,98
31,G2,89701,300,98
43,G3,90001,1200,121
38,D3,91201,1200,121
34,A#2,91201,450,84
22,A#1,91651,450,84
34,A#2,91651,150,94
34,A#2,91801,300,100
34,A#2,92101,300,96
46,A#3,92401,1200,123
41,F3,93601,1200,123
17,F1,93601,450,79
29,F2,94051,450,79
29,F2,94051,450,92
29,F2,94501,300,97
41,F3,94801,1200,123
36,C3,96001,1200,123
36,C3,96001,450,90
24,C2,96451,450,90
36,C3,96451,450,95
36,C3,96901,300,97
48,C4,97201,600,125
43,G3,97801,600,125
34,A#2,97801,300,79
22,A#1,98101,300,79
33,A2,98101,300,86
21,A1,98401,300,86
31,G2,98401,450,93
19,G1,98851,450,93
31,G2,98851,450,96
31,G2,99301,300,99
43,G3,99601,1200,125
38,D3,100801,1200,125
34,A#2,100801,450,83
22,A#1,101251,450,83
34,A#2,101251,450,92
34,A#2,101701,300,96
46,A#3,102001,1200,122
41,F3,103201,1200,122
29,F2,103201,450,80
17,F1,103651,450,80
29,F2,103651,450,93
29,F2,104101,300,97
41,F3,104401,1200,121
36,C3,105601,1200,121
24,C2,105601,450,90
36,C3,106051,450,90
36,C3,106051,750,96
24,C2,106801,750,96
24,C2,106801,1200,71
12,C1,108001,1200,71
31,G2,108001,450,111
19,G1,108451,450,111
31,G2,108451,450,98
31,G2,108901,300,97
38,D3,109201,1200,124
43,G3,110401,1200,124
34,A#2,110401,450,82
22,A#1,110851,450,82
34,A#2,110851,450,94
34,A#2,111301,300,98
41,F3,111601,1200,125
46,A#3,112801,1200,125
29,F2,112801,450,80
17,F1,113251,450,80
29,F2,113251,450,92
29,F2,113701,300,95
36,C3,114001,1200,125
41,F3,115201,1200,125
36,C3,115201,450,92
24,C2,115651,450,92
36,C3,115651,450,95
36,C3,116101,300,97
48,C4,116401,600,124
43,G3,117001,600,124
34,A#2,117001,300,77
22,A#1,117301,300,77
21,A1,117301,300,88
33,A2,117601,300,88
31,G2,117601,450,93
19,G1,118051,450,93
31,G2,118051,450,95
31,G2,118501,300,96
38,D3,118801,1200,122
43,G3,120001,1199,122
34,A#2,120001,450,83
22,A#1,120451,450,83
34,A#2,120451,450,92
34,A#2,120901,301,98
41,F3,121202,1200,125
46,A#3,122402,1200,125
29,F2,122402,450,79
17,F1,122852,450,79
29,F2,122852,450,93
29,F2,123302,299,99
36,C3,123601,1200,125
41,F3,124801,1201,125
36,C3,124801,450,89
24,C2,125251,450,89
36,C3,125251,450,95
36,C3,125701,300,97
43,G3,126001,900,122
48,C4,126901,900,122
36,C3,126901,150,79
31,G2,127051,150,81
24,C2,127201,2281,80
43,G3,129601,2281,122
46,A#3,132001,2281,112
41,F3,134401,2281,89
36,C3,136801,1681,86
34,A#2,138601,300,92
33,A2,138901,300,88
31,G2,139201,2281,92
34,A#2,141601,2281,109
29,F2,144001,2281,86
36,C3,146401,450,116
24,C2,146851,450,116
36,C3,146851,750,101
24,C2,147601,750,101
36,C3,147601,450,100
24,C2,148051,450,100
36,C3,148051,450,96
24,C2,148501,450,96
36,C3,148501,300,96
24,C2,148801,300,96
12,C1,148801,2400,74
24,C2,151201,2400,74
31,G2,151201,450,111
19,G1,151651,450,111
31,G2,151651,450,99
31,G2,152101,300,98
38,D3,152401,1200,123
43,G3,153601,1200,123
34,A#2,153601,450,81
22,A#1,154051,450,81
34,A#2,154051,450,91
34,A#2,154501,300,96
46,A#3,154801,1200,125
41,F3,156001,1200,125
29,F2,156001,450,77
17,F1,156451,450,77
29,F2,156451,450,94
29,F2,156901,300,96
41,F3,157201,1200,125
36,C3,158401,1200,125
36,C3,158401,450,90
24,C2,158851,450,90
36,C3,158851,450,95
36,C3,159301,300,95
48,C4,159601,600,122
43,G3,160201,600,122
34,A#2,160201,300,79
22,A#1,160501,300,79
33,A2,160501,300,87
21,A1,160801,300,87
31,G2,160801,450,94
19,G1,161251,450,94
31,G2,161251,450,95
31,G2,161701,300,98
43,G3,162001,1200,123
38,D3,163201,1200,123
22,A#1,163201,450,83
34,A#2,163651,450,83
34,A#2,163651,450,92
34,A#2,164101,300,95
46,A#3,164401,1200,125
41,F3,165601,1200,125
29,F2,165601,450,80
17,F1,166051,450,80
29,F2,166051,450,94
29,F2,166501,300,98
41,F3,166801,1200,123
36,C3,168001,1200,123
36,C3,168001,450,92
24,C2,168451,450,92
36,C3,168451,750,94
24,C2,169201,750,94
24,C2,169201,450,75
12,C1,169651,450,75
24,C2,169651,450,92
12,C1,170101,450,92
24,C2,170101,300,97
12,C1,170401,300,97
31,G2,170401,450,116
19,G1,170851,450,116
31,G2,170851,450,101
31,G2,171301,300,96
43,G3,171601,1200,125
38,D3,172801,1200,125
34,A#2,172801,450,81
22,A#1,173251,450,81
34,A#2,173251,450,92
34,A#2,173701,300,96
46,A#3,174001,1200,122
41,F3,175201,1200,122
29,F2,175201,450,78
17,F1,175651,450,78
29,F2,175651,450,95
29,F2,176101,300,95
41,F3,176401,1200,123
36,C3,177601,1200,123
36,C3,177601,450,89
24,C2,178051,450,89
36,C3,178051,450,96
36,C3,178501,300,97
48,C4,178801,600,118
43,G3,179401,600,118
34,A#2,179401,300,69
22,A#1,179701,300,69
33,A2,179701,300,74
21,A1,180001,300,74
31,G2,180001,300,75
19,G1,180301,300,75
31,G2,180301,150,71
31,G2,180451,300,69
31,G2,180751,150,57
31,G2,180901,300,51
43,G3,181201,1200,62
38,D3,182401,1200,62
34,A#2,182401,300,43
22,A#1,182701,300,43
34,A#2,182701,150,45
34,A#2,182851,150,47
34,A#2,183001,150,50
34,A#2,183151,150,50
34,A#2,183301,300,46
46,A#3,183601,1200,60
41,F3,184801,1200,60
29,F2,184801,300,40
17,F1,185101,300,40
29,F2,185101,150,48
29,F2,185251,300,47
29,F2,185551,150,50
29,F2,185701,300,47
41,F3,186001,1200,61
36,C3,187201,1200,61
36,C3,187201,300,44
24,C2,187501,300,44
36,C3,187501,150,46
36,C3,187651,300,48
36,C3,187951,150,47
36,C3,188101,300,47
43,G3,188401,3600,61
48,C4,192001,3600,61
31,G2,192001,2281,38
19,G1,194282,2281,38