76,E6,0,464,126
77,F6,512,232,126
79,G6,768,256,126
69,A5,1024,1016,126
79,G6,2040,1016,126
76,E6,2048,464,126
77,F6,2560,232,126
79,G6,2816,256,126
71,B5,3072,1016,126
79,G6,4088,1016,126
76,E6,4096,464,126
77,F6,4608,232,126
79,G6,4864,256,126
72,C6,5120,508,126
79,G6,5628,508,126
79,G6,5632,464,126
76,E6,6144,464,126
81,A6,6656,232,126
79,G6,6912,256,126
71,B5,7168,508,126
79,G6,7676,508,126
79,G6,7680,464,126
76,E6,8192,232,126
74,D6,8448,232,126
72,C6,8704,464,126
74,D6,9168,692,126
69,A5,9936,232,126
76,E6,10192,232,126
74,D6,10448,232,126
72,C6,10704,464,126
74,D6,11216,464,126
72,C6,11728,232,126
74,D6,11984,488,126
79,G6,12496,692,126
67,G5,13264,2872,126
76,E6,16136,2872,126
76,E6,16336,464,126
77,F6,16848,232,126
79,G6,17104,256,126
69,A5,17360,1016,126
79,G6,18376,1016,126
76,E6,18384,464,126
77,F6,18896,232,126
79,G6,19152,256,126
71,B5,19408,1016,126
79,G6,20424,1016,126
76,E6,20432,464,126
77,F6,20944,232,126
79,G6,21200,256,126
72,C6,21456,508,126
79,G6,21964,508,126
79,G6,21968,464,126
76,E6,22480,464,126
81,A6,22992,232,126
79,G6,23248,256,126
71,B5,23504,508,126
79,G6,24012,508,126
79,G6,24016,464,126
76,E6,24528,232,126
74,D6,24784,232,126
72,C6,25040,464,126
74,D6,25552,692,126
69,A5,26320,232,126
76,E6,26576,232,126
74,D6,26832,232,126
72,C6,27088,464,126
74,D6,27600,464,126
76,E6,28112,464,126
74,D6,28624,464,126
72,C6,29136,464,126
65,F5,29648,464,126
72,C6,30112,464,126
60,C5,30160,232,126
65,F5,30416,720,126
67,G5,31184,464,126
64,E5,31696,924,126
69,A5,32720,692,126
67,G5,33412,232,126
69,A5,33644,464,126
72,C6,34156,464,126
74,D6,34668,464,126
76,E6,35180,464,126
76,E6,35692,464,126
74,D6,36204,464,126
74,D6,36716,464,126
67,G5,37228,464,126
71,B5,37692,464,126
67,G5,37740,464,126
71,B5,38204,464,126
69,A5,38252,464,126
72,C6,38716,464,126
69,A5,38764,1848,126
72,C6,40612,1848,126
69,A5,40812,692,126
67,G5,41580,232,126
69,A5,41836,464,126
72,C6,42348,464,126
74,D6,42860,464,126
76,E6,43372,464,126
76,E6,43884,464,126
74,D6,44396,464,126
74,D6,44908,464,126
62,D5,45420,464,126
71,B5,45884,464,126
62,D5,45932,464,126
71,B5,46396,464,126
64,E5,46444,464,126
72,C6,46908,464,126
64,E5,46956,1848,126
72,C6,48804,1848,126
72,C6,49004,464,126
71,B5,49516,464,126
69,A5,50028,1848,126
74,D6,52076,1384,126
71,B5,53612,464,126
71,B5,54124,464,126
72,C6,54636,464,126
74,D6,55148,464,126
67,G5,55660,1436,126
72,C6,57196,464,126
71,B5,57708,464,126
69,A5,58220,464,126
76,E6,58732,232,126
76,E6,58988,1180,126
69,A5,60268,464,126
74,D6,60780,232,126
74,D6,61036,720,126
72,C6,61804,464,126
65,F5,62316,1848,126
72,C6,64164,1848,126
64,E5,64164,924,126
69,A5,65088,692,126
67,G5,65780,232,126
69,A5,66012,464,126
72,C6,66524,464,126
74,D6,67036,464,126
76,E6,67548,464,126
76,E6,68060,464,126
74,D6,68572,464,126
74,D6,69084,464,126
67,G5,69596,464,126
71,B5,70060,464,126
67,G5,70108,464,126
71,B5,70572,464,126
69,A5,70620,464,126
72,C6,71084,464,126
69,A5,71132,1848,126
72,C6,72980,1848,126
69,A5,73180,692,126
67,G5,73948,232,126
69,A5,74204,464,126
72,C6,74716,464,126
74,D6,75228,464,126
76,E6,75740,464,126
76,E6,76252,464,126
74,D6,76764,464,126
74,D6,77276,464,126
62,D5,77788,464,126
71,B5,78252,464,126
62,D5,78300,464,126
71,B5,78764,464,126
64,E5,78812,464,126
72,C6,79276,464,126
64,E5,79324,1848,126
72,C6,81172,1848,126
72,C6,81372,464,126
71,B5,81884,464,126
69,A5,82396,1848,126
74,D6,84444,1384,126
71,B5,85980,464,126
71,B5,86492,464,126
72,C6,87004,464,126
74,D6,87516,464,126
67,G5,88028,464,126
67,G5,88540,924,126
72,C6,89564,464,126
71,B5,90076,464,126
69,A5,90588,464,126
76,E6,91100,232,126
76,E6,91356,232,126
69,A5,92636,464,126
74,D6,93148,232,126
74,D6,93404,720,126
72,C6,94172,464,126
65,F5,94684,464,126
72,C6,95148,464,126
60,C5,95196,232,126
65,F5,95452,764,126
67,G5,96220,464,126
64,E5,96732,924,126
76,E6,97656,464,126
77,F6,98120,232,126
79,G6,98352,924,126
69,A5,99276,924,126
79,G6,99276,924,126
76,E6,99280,464,126
77,F6,99792,232,126
79,G6,100048,256,126
71,B5,100304,1016,126
79,G6,101320,1016,126
76,E6,101328,464,126
77,F6,101840,232,126
79,G6,102096,256,126
72,C6,102352,508,126
79,G6,102860,508,126
79,G6,102864,464,126
76,E6,103376,464,126
81,A6,103888,232,126
79,G6,104144,256,126
71,B5,104400,508,126
79,G6,104908,508,126
79,G6,104912,464,126
76,E6,105424,232,126
74,D6,105680,232,126
72,C6,105936,464,126
74,D6,106448,692,126
69,A5,107216,232,126
76,E6,107472,232,126
74,D6,107728,232,126
72,C6,107984,464,126
74,D6,108496,464,126
74,D6,109008,232,126
74,D6,109264,720,126
79,G6,110032,464,126
76,E6,110544,924,126
72,C6,111824,232,126
72,C6,112080,232,126
72,C6,112336,232,126
72,C6,112592,232,126
72,C6,112848,232,126
72,C6,113104,232,126
72,C6,113360,232,126
76,E6,113616,464,126
77,F6,114128,232,126
79,G6,114384,256,126
69,A5,114640,1016,126
79,G6,115656,1016,126
76,E6,115664,464,126
77,F6,116176,232,126
79,G6,116432,256,126
71,B5,116688,1016,126
79,G6,117704,1016,126
76,E6,117712,464,126
77,F6,118224,232,126
79,G6,118480,256,126
72,C6,118736,508,126
79,G6,119244,508,126
79,G6,119248,464,126
76,E6,119760,464,126
81,A6,120272,232,126
79,G6,120528,256,126
71,B5,120784,508,126
79,G6,121292,508,126
79,G6,121296,464,126
76,E6,121808,232,126
74,D6,122064,232,126
72,C6,122320,464,126
74,D6,122832,692,126
69,A5,123600,232,126
76,E6,123856,232,126
74,D6,124112,232,126
72,C6,124368,464,126
74,D6,124880,464,126
74,D6,125392,256,126
74,D6,125648,256,126
76,E6,125904,256,126
74,D6,126160,232,126
72,C6,126416,464,126
65,F5,126928,464,126
72,C6,127392,464,126
60,C5,127440,232,126
65,F5,127696,720,126
67,G5,128464,464,126
64,E5,128928,464,126
72,C6,129440,464,126
74,D6,129904,464,126
76,E6,130368,464,126
64,E5,130832,1848,126
69,A5,132680,1848,126
62,D5,132880,1384,126
74,D6,134264,1384,126
74,D6,134416,464,126
74,D6,134928,464,126
76,E6,135440,464,126
79,G6,135952,464,126
76,E6,136464,976,126
72,C6,137488,464,126
74,D6,138000,464,126
76,E6,138512,464,126
64,E5,139024,1848,126
69,A5,140872,1848,126
62,D5,141072,1384,126
74,D6,142456,1384,126
71,B5,142608,464,126
65,F5,143120,464,126
71,B5,143584,464,126
72,C6,143632,464,126
72,C6,144144,924,126
72,C6,145680,464,126
74,D6,146192,464,126
76,E6,146704,464,126
64,E5,147216,1848,126
69,A5,149064,1848,126
62,D5,149264,1384,126
74,D6,150648,1384,126
74,D6,150800,464,126
74,D6,151312,464,126
76,E6,151824,464,126
79,G6,152336,508,126
76,E6,152848,976,126
72,C6,153872,464,126
74,D6,154384,464,126
76,E6,154896,464,126
64,E5,155408,1848,126
69,A5,157256,1848,126
62,D5,157456,1384,126
74,D6,158840,1384,126
71,B5,158992,464,126
65,F5,159504,464,126
71,B5,159968,464,126
72,C6,160016,508,126
72,C6,160528,2032,126
76,E6,162560,464,126
77,F6,163072,232,126
79,G6,163328,256,126
69,A5,163584,1016,126
79,G6,164600,1016,126
76,E6,164608,464,126
77,F6,165120,232,126
79,G6,165376,256,126
71,B5,165632,1016,126
79,G6,166648,1016,126
76,E6,166656,464,126
77,F6,167168,232,126
79,G6,167424,256,126
72,C6,167680,508,126
79,G6,168188,508,126
79,G6,168192,508,126
76,E6,168704,464,126
81,A6,169216,232,126
79,G6,169472,256,126
71,B5,169728,508,126
79,G6,170236,508,126
79,G6,170240,508,126
76,E6,170752,232,126
74,D6,171008,232,126
72,C6,171264,464,126
74,D6,171776,692,126
69,A5,172544,232,126
76,E6,172800,232,126
74,D6,173056,256,126
72,C6,173312,508,126
74,D6,173824,508,126
76,E6,174336,464,126
74,D6,174848,464,126
72,C6,175360,464,126
65,F5,175872,1848,126
72,C6,177720,1848,126
57,A4,180992,692,126
60,C5,181684,692,126
57,A4,181760,488,126
60,C5,182248,488,126
59,B4,182272,232,126
62,D5,182504,232,126
59,B4,183040,924,126
62,D5,183964,924,126
60,C5,185088,692,126
64,E5,185780,692,126
60,C5,185856,488,126
64,E5,186344,488,126
62,D5,186368,232,126
67,G5,186600,232,126
62,D5,187136,924,126
67,G5,188060,924,126
57,A4,189184,692,126
60,C5,189876,692,126
57,A4,189952,488,126
60,C5,190440,488,126
59,B4,190464,232,126
62,D5,190696,232,126
59,B4,191232,924,126
62,D5,192156,924,126
60,C5,193280,692,126
65,F5,193972,692,126
60,C5,194048,488,126
65,F5,194536,488,126
60,C5,194536,232,126
64,E5,194768,232,126
60,C5,195304,924,126
64,E5,196228,924,126
60,C5,197352,692,126
65,F5,198044,692,126
69,A5,198044,692,126
60,C5,198120,488,126
65,F5,198608,488,126
69,A5,198608,488,126
62,D5,198632,232,126
67,G5,198864,232,126
71,B5,198864,232,126
62,D5,199400,924,126
67,G5,200324,924,126
71,B5,200324,924,126
64,E5,201448,692,126
69,A5,202140,692,126
72,C6,202140,692,126
64,E5,202216,488,126
69,A5,202704,488,126
72,C6,202704,488,126
67,G5,202728,232,126
71,B5,202960,232,126
74,D6,202960,232,126
67,G5,203496,924,126
71,B5,204420,924,126
74,D6,204420,924,126
65,F5,205544,692,126
69,A5,206236,692,126
72,C6,206236,692,126
65,F5,206312,232,126
69,A5,206544,232,126
72,C6,206544,232,126
65,F5,206568,232,126
69,A5,206800,232,126
72,C6,206800,232,126
67,G5,206824,232,126
71,B5,207056,232,126
74,D6,207056,232,126
67,G5,207592,924,126
71,B5,208516,924,126
74,D6,208516,924,126
67,G5,208616,1848,126
72,C6,210464,1848,126
77,F6,210464,1848,126
67,G5,210664,924,126
72,C6,211588,924,126
76,E6,211588,924,126
76,E6,211588,464,126
77,F6,212052,232,126
72,C6,212284,1180,126
76,E6,213464,1180,126
79,G6,213464,1180,126
76,E6,213564,464,126
77,F6,214076,232,126
71,B5,214332,1180,126
74,D6,215512,1180,126
79,G6,215512,1180,126
76,E6,215612,464,126
77,F6,216124,232,126
72,C6,216380,720,126
76,E6,217100,720,126
79,G6,217100,720,126
79,G6,217148,464,126
76,E6,217660,464,126
81,A6,218172,232,126
71,B5,218428,720,126
74,D6,219148,720,126
79,G6,219148,720,126
79,G6,219196,464,126
76,E6,219708,232,126
74,D6,219964,232,126
72,C6,220220,464,126
74,D6,220732,692,126
69,A5,221500,232,126
76,E6,221756,232,126
74,D6,222012,232,126
72,C6,222268,464,126
74,D6,222780,464,126
74,D6,223292,232,126
74,D6,223548,720,126
79,G6,224316,464,126
76,E6,224828,924,126
72,C6,226108,232,126
72,C6,226364,232,126
72,C6,226620,232,126
72,C6,226876,232,126
72,C6,227132,232,126
72,C6,227388,232,126
72,C6,227644,232,126
72,C6,227900,232,126
76,E6,228132,232,126
67,G5,228156,232,126
77,F6,228412,232,126
72,C6,228668,1180,126
76,E6,229848,1180,126
79,G6,229848,1180,126
76,E6,229948,464,126
77,F6,230460,232,126
71,B5,230716,1180,126
74,D6,231896,1180,126
79,G6,231896,1180,126
76,E6,231996,464,126
77,F6,232508,232,126
72,C6,232764,720,126
76,E6,233484,720,126
79,G6,233484,720,126
79,G6,233532,232,126
76,E6,233788,720,126
81,A6,234556,232,126
71,B5,234812,232,126
74,D6,235044,232,126
79,G6,235044,232,126
71,B5,235068,464,126
74,D6,235532,464,126
79,G6,235532,464,126
79,G6,235580,464,126
76,E6,236092,232,126
74,D6,236348,232,126
72,C6,236604,464,126
74,D6,237116,692,126
69,A5,237884,232,126
76,E6,238140,232,126
74,D6,238396,232,126
72,C6,238652,464,126
74,D6,239164,464,126
74,D6,239676,232,126
74,D6,239932,232,126
76,E6,240188,232,126
74,D6,240444,232,126
72,C6,240700,464,126
65,F5,241212,464,126
72,C6,241676,464,126
60,C5,241724,232,126
65,F5,241980,720,126
67,G5,242748,464,126
64,E5,243260,464,126
72,C6,243724,464,126
74,D6,244188,464,126
76,E6,244652,464,126
60,C5,245164,1848,126
64,E5,247012,1848,126
69,A5,247012,1848,126
62,D5,247212,1384,126
67,G5,248596,1384,126
71,B5,248596,1384,126
74,D6,248596,1384,126
67,G5,248748,464,126
74,D6,249212,464,126
67,G5,249260,464,126
74,D6,249724,464,126
69,A5,249772,464,126
76,E6,250236,464,126
72,C6,250284,464,126
79,G6,250748,464,126
69,A5,250796,976,126
76,E6,251772,976,126
72,C6,251820,464,126
74,D6,252332,464,126
76,E6,252844,464,126
60,C5,253356,1848,126
64,E5,255204,1848,126
69,A5,255204,1848,126
62,D5,255404,1384,126
67,G5,256788,1384,126
71,B5,256788,1384,126
74,D6,256788,1384,126
71,B5,256940,464,126
65,F5,257452,464,126
71,B5,257916,464,126
72,C6,257964,464,126
72,C6,258476,924,126
72,C6,260012,464,126
74,D6,260524,464,126
76,E6,261036,464,126
60,C5,261548,1848,126
64,E5,263396,1848,126
69,A5,263396,1848,126
62,D5,263596,1384,126
67,G5,264980,1384,126
71,B5,264980,1384,126
74,D6,264980,1384,126
67,G5,265132,464,126
74,D6,265596,464,126
67,G5,265644,464,126
74,D6,266108,464,126
69,A5,266156,464,126
76,E6,266620,464,126
72,C6,266668,464,126
79,G6,267132,464,126
69,A5,267180,976,126
76,E6,268156,976,126
72,C6,268204,464,126
74,D6,268716,464,126
76,E6,269228,464,126
60,C5,269740,1848,126
64,E5,271588,1848,126
69,A5,271588,1848,126
62,D5,271788,1384,126
67,G5,273172,1384,126
71,B5,273172,1384,126
74,D6,273172,1384,126
71,B5,273324,464,126
65,F5,273836,464,126
71,B5,274300,464,126
72,C6,274348,464,126
72,C6,274860,1848,126
81,A6,276908,692,126
79,G6,277676,232,126
81,A6,277908,232,126
84,C7,278140,232,126
86,D7,278396,232,126
84,C7,278652,232,126
86,D7,278908,464,126
86,D7,279628,208,126
87,D#7,279652,7936,126
84,C7,287588,232,126
81,A6,287612,256,126
79,G6,287868,256,126
75,D#6,288124,256,126
74,D6,288380,232,126
72,C6,288636,232,126
69,A5,288892,232,126
64,E5,289148,232,126
67,G5,289404,232,126
69,A5,289660,232,126
67,G5,289916,464,126
71,B5,290380,464,126
69,A5,290428,464,126
72,C6,290892,464,126
69,A5,290940,924,126
72,C6,291864,924,126
74,D6,291964,232,126
72,C6,292220,232,126
71,B5,292476,232,126
74,D6,292732,232,126
81,A6,292988,764,126
79,G6,293756,256,126
81,A6,294012,232,126
84,C7,294268,232,126
86,D7,294524,232,126
84,C7,294780,232,126
86,D7,295036,232,126
87,D#7,295268,0,126
86,D7,295268,232,126
84,C7,295292,232,126
81,A6,295548,232,126
79,G6,295804,232,126
75,D#6,296060,232,126
74,D6,296316,232,126
72,C6,296572,232,126
81,A6,296828,232,126
76,E6,297084,232,126
79,G6,297340,232,126
81,A6,297596,232,126
74,D6,297852,464,126
83,B6,298316,464,126
76,E6,298364,464,126
84,C7,298828,464,126
76,E6,298876,924,126
84,C7,299800,924,126
74,D6,299900,232,126
72,C6,300156,232,126
71,B5,300412,232,126
72,C6,300668,232,126
84,C7,300924,464,126
83,B6,301436,464,126
80,G#6,301948,232,126
81,A6,302204,232,126
76,E6,302460,232,126
74,D6,302716,232,126
72,C6,302972,464,126
69,A5,303484,232,126
72,C6,303740,232,126
74,D6,303996,232,126
71,B5,304252,232,126
67,G5,304508,232,126
62,D5,304764,232,126
63,D#5,305020,232,126
64,E5,305252,44216,126
62,D5,349468,232,126
60,C5,349492,232,126
69,A5,349748,232,126
69,A5,350004,464,126
72,C6,350516,232,126
74,D6,350772,232,126
76,E6,351028,232,126
79,G6,351284,232,126
81,A6,351540,232,126
79,G6,351796,232,126
78,F#6,352052,232,126
74,D6,352308,232,126
69,A5,352564,232,126
81,A6,352820,232,126
78,F#6,353076,232,126
74,D6,353332,232,126
71,B5,353588,232,126
79,G6,353844,232,126
81,A6,354076,464,126
74,D6,354588,232,126
86,D7,354820,232,126
74,D6,354844,488,126
86,D7,355332,488,126
76,E6,355356,232,126
79,G6,355612,232,126
80,G#6,355868,232,126
81,A6,356124,464,126
76,E6,356636,976,126
88,E7,357612,976,126
72,C6,357660,464,126
84,C7,358124,464,126
77,F6,358172,464,126
84,C7,358636,464,126
72,C6,358684,232,126
77,F6,358940,720,126
79,G6,359708,464,126
76,E6,360220,924,126
76,E6,361244,232,126
67,G5,361500,232,126
77,F6,361756,232,126
79,G6,362012,232,126
76,E6,362268,232,126
72,C6,362524,232,126
69,A5,362780,232,126
72,C6,363036,232,126
76,E6,363292,232,126
67,G5,363548,232,126
77,F6,363804,232,126
79,G6,364060,232,126
74,D6,364316,232,126
71,B5,364572,232,126
69,A5,364828,232,126
71,B5,365084,232,126
76,E6,365340,232,126
67,G5,365596,232,126
77,F6,365852,232,126
79,G6,366108,232,126
72,C6,366364,232,126
69,A5,366620,232,126
79,G6,366876,232,126
69,A5,367132,232,126
76,E6,367388,232,126
69,A5,367644,232,126
81,A6,367900,232,126
79,G6,368156,232,126
74,D6,368412,232,126
71,B5,368668,232,126
79,G6,368924,232,126
71,B5,369180,232,126
76,E6,369436,232,126
74,D6,369692,232,126
72,C6,369948,464,126
74,D6,370460,232,126
69,A5,370716,232,126
65,F5,370972,232,126
69,A5,371228,232,126
76,E6,371484,232,126
74,D6,371740,232,126
72,C6,371996,232,126
67,G5,372252,232,126
74,D6,372508,232,126
67,G5,372764,232,126
74,D6,373020,232,126
74,D6,373276,232,126
74,D6,373532,232,126
76,E6,373788,232,126
79,G6,374044,464,126
76,E6,374556,924,126
72,C6,375836,232,126
72,C6,376092,256,126
72,C6,376348,256,126
72,C6,376604,256,126
72,C6,376860,232,126
72,C6,377116,232,126
72,C6,377372,232,126
76,E6,377628,232,126
67,G5,377884,232,126
77,F6,378140,232,126
79,G6,378396,232,126
76,E6,378652,232,126
72,C6,378908,232,126
69,A5,379164,232,126
72,C6,379420,232,126
76,E6,379676,232,126
67,G5,379932,232,126
77,F6,380188,232,126
79,G6,380444,232,126
74,D6,380700,232,126
71,B5,380956,232,126
69,A5,381212,232,126
71,B5,381468,232,126
76,E6,381724,232,126
67,G5,381980,232,126
77,F6,382236,232,126
79,G6,382492,232,126
72,C6,382748,232,126
69,A5,383004,232,126
79,G6,383260,232,126
69,A5,383516,232,126
76,E6,383772,232,126
69,A5,384028,232,126
81,A6,384284,232,126
79,G6,384540,232,126
74,D6,384796,232,126
71,B5,385052,232,126
79,G6,385308,232,126
71,B5,385564,232,126
76,E6,385820,232,126
74,D6,386076,232,126
72,C6,386332,464,126
74,D6,386844,232,126
69,A5,387100,232,126
65,F5,387356,232,126
69,A5,387612,232,126
76,E6,387868,232,126
74,D6,388124,232,126
72,C6,388380,232,126
67,G5,388636,232,126
74,D6,388892,232,126
67,G5,389148,232,126
74,D6,389404,232,126
74,D6,389660,232,126
76,E6,389916,232,126
74,D6,390172,232,126
72,C6,390428,464,126
65,F5,390940,464,126
72,C6,391404,464,126
60,C5,391452,232,126
65,F5,391708,720,126
67,G5,392476,464,126
64,E5,392988,464,126
72,C6,393500,508,126
74,D6,394012,508,126
76,E6,394524,508,126
84,C7,395036,256,126
81,A6,395292,232,126
76,E6,395548,232,126
84,C7,395804,232,126
81,A6,396060,232,126
76,E6,396316,232,126
84,C7,396572,232,126
81,A6,396828,232,126
83,B6,397084,232,126
79,G6,397340,232,126
74,D6,397596,232,126
83,B6,397852,232,126
79,G6,398108,232,126
74,D6,398364,232,126
83,B6,398620,232,126
79,G6,398876,232,126
74,D6,399132,464,126
81,A6,399596,464,126
76,E6,399644,464,126
83,B6,400108,464,126
79,G6,400156,464,126
86,D7,400620,464,126
76,E6,400668,976,126
79,G6,401644,976,126
72,C6,401692,464,126
74,D6,402204,464,126
76,E6,402716,464,126
76,E6,403228,232,126
72,C6,403484,232,126
69,A5,403740,232,126
76,E6,403996,232,126
72,C6,404252,232,126
69,A5,404508,232,126
76,E6,404764,232,126
72,C6,405020,232,126
74,D6,405276,232,126
71,B5,405532,232,126
67,G5,405788,232,126
74,D6,406044,232,126
71,B5,406300,232,126
67,G5,406556,232,126
74,D6,406812,232,126
71,B5,407068,232,126
77,F6,407324,232,126
72,C6,407580,232,126
67,G5,407836,232,126
77,F6,408092,232,126
72,C6,408348,232,126
67,G5,408604,232,126
77,F6,408860,232,126
74,D6,409116,232,126
76,E6,409372,464,126
72,C6,409884,464,126
74,D6,410396,464,126
76,E6,410908,464,126
84,C7,411420,232,126
81,A6,411676,232,126
76,E6,411932,232,126
84,C7,412188,232,126
81,A6,412444,232,126
76,E6,412700,232,126
84,C7,412956,232,126
81,A6,413212,232,126
86,D7,413468,232,126
83,B6,413724,232,126
79,G6,413980,232,126
86,D7,414236,232,126
83,B6,414492,232,126
79,G6,414748,232,126
86,D7,415004,232,126
83,B6,415260,232,126
81,A6,415516,464,126
86,D7,415980,464,126
83,B6,416028,464,126
88,E7,416492,464,126
86,D7,416540,464,126
91,G7,417004,464,126
79,G6,417052,976,126
88,E7,418028,976,126
72,C6,418028,464,126
84,C7,418492,464,126
74,D6,418540,464,126
86,D7,419004,464,126
76,E6,419052,464,126
88,E7,419516,464,126
69,A5,419564,1848,126
72,C6,421412,1848,126
76,E6,421412,1848,126
81,A6,421412,1848,126
74,D6,421612,1384,126
79,G6,422996,1384,126
83,B6,422996,1384,126
86,D7,422996,1384,126
83,B6,423148,464,126
77,F6,423660,464,126
83,B6,424124,464,126
84,C7,424172,464,126
84,C7,424684,1848,126
76,E6,426532,464,126
77,F6,427044,256,126
79,G6,427300,256,126
69,A5,427556,924,126
79,G6,428480,924,126
76,E6,428580,464,126
77,F6,429092,232,126
79,G6,429348,256,126
71,B5,429604,1016,126
79,G6,430620,1016,126
76,E6,430628,464,126
77,F6,431140,232,126
79,G6,431396,256,126
72,C6,431652,508,126
79,G6,432160,508,126
79,G6,432164,464,126
76,E6,432676,464,126
81,A6,433188,232,126
79,G6,433444,256,126
71,B5,433700,508,126
79,G6,434208,508,126
79,G6,434212,464,126
76,E6,434724,232,126
74,D6,434980,232,126
72,C6,435236,464,126
74,D6,435748,692,126
69,A5,436516,232,126
76,E6,436772,232,126
74,D6,437028,232,126
72,C6,437284,464,126
74,D6,437796,464,126
76,E6,438308,464,126
74,D6,438820,464,126
72,C6,439332,464,126
65,F5,439844,464,126
72,C6,440308,464,126
60,C5,440356,232,126
65,F5,440612,720,126
67,G5,441380,464,126
64,E5,441892,128,126
--end--
60,C5,13312,692,126
62,D5,14080,720,126
64,E5,14848,744,126
67,G5,15616,692,126
64,E5,16384,924,126
53,F4,17408,1848,126
60,C5,19256,1848,126
55,G4,19456,1848,126
62,D5,21304,1848,126
57,A4,21504,1848,126
64,E5,23352,1848,126
52,E4,23552,1848,126
62,D5,25400,1848,126
53,F4,25600,1848,126
60,C5,27448,1848,126
55,G4,27648,1848,126
62,D5,29496,1848,126
48,C4,29496,2872,126
55,G4,32368,2872,126
53,F4,33592,1848,126
60,C5,35440,1848,126
55,G4,35640,1848,126
62,D5,37488,1848,126
57,A4,37688,1848,126
64,E5,39536,1848,126
52,E4,39736,1848,126
55,G4,41584,1848,126
62,D5,41584,1848,126
53,F4,41784,1848,126
60,C5,43632,1848,126
55,G4,43832,1848,126
62,D5,45680,1848,126
48,C4,45880,1848,126
55,G4,47728,1848,126
48,C4,47928,1848,126
55,G4,49776,1848,126
53,F4,49976,1848,126
60,C5,51824,1848,126
55,G4,52024,1848,126
62,D5,53872,1848,126
57,A4,54072,1848,126
64,E5,55920,1848,126
52,E4,56120,1848,126
55,G4,57968,1848,126
62,D5,57968,1848,126
53,F4,58168,1848,126
60,C5,60016,1848,126
55,G4,60216,1848,126
62,D5,62064,1848,126
48,C4,62264,3896,126
55,G4,66160,3896,126
41,F3,66360,464,126
48,C4,66872,464,126
55,G4,67384,924,126
43,G3,68408,464,126
50,D4,68920,464,126
55,G4,69432,924,126
45,A3,70456,464,126
52,E4,70968,464,126
55,G4,71480,464,126
62,D5,71992,232,126
60,C5,72248,232,126
59,B4,72504,464,126
55,G4,73016,464,126
52,E4,73528,924,126
41,F3,74552,464,126
48,C4,75064,464,126
55,G4,75576,924,126
43,G3,76600,464,126
50,D4,77112,464,126
55,G4,77624,924,126
48,C4,78648,464,126
55,G4,79160,464,126
60,C5,79672,464,126
62,D5,80184,232,126
60,C5,80440,232,126
59,B4,80696,464,126
60,C5,81208,464,126
60,C5,81720,924,126
41,F3,82744,464,126
48,C4,83256,464,126
55,G4,83768,924,126
43,G3,84792,464,126
50,D4,85256,464,126
55,G4,85768,924,126
45,A3,86792,464,126
52,E4,87304,464,126
55,G4,87816,924,126
40,E3,88740,464,126
50,D4,89252,464,126
55,G4,89764,924,126
41,F3,90788,464,126
48,C4,91300,464,126
55,G4,91812,924,126
43,G3,92736,464,126
50,D4,93248,464,126
55,G4,93760,924,126
48,C4,94784,924,126
55,G4,95808,924,126
60,C5,96832,924,126
41,F3,98880,464,126
48,C4,99392,464,126
55,G4,99904,464,126
48,C4,100416,464,126
43,G3,100928,464,126
50,D4,101440,464,126
55,G4,101952,464,126
50,D4,102464,464,126
45,A3,102976,464,126
52,E4,103488,464,126
55,G4,104000,464,126
52,E4,104512,464,126
40,E3,105024,464,126
50,D4,105536,464,126
55,G4,106048,464,126
50,D4,106560,464,126
41,F3,107072,464,126
48,C4,107584,464,126
55,G4,108096,464,126
48,C4,108608,464,126
43,G3,109072,464,126
50,D4,109584,464,126
55,G4,110096,464,126
50,D4,110608,464,126
48,C4,111120,464,126
55,G4,111632,464,126
60,C5,112144,924,126
52,E4,113068,924,126
40,E3,114092,924,126
41,F3,115116,464,126
48,C4,115628,464,126
55,G4,116140,464,126
48,C4,116652,464,126
43,G3,117164,464,126
50,D4,117676,464,126
55,G4,118188,464,126
50,D4,118700,464,126
45,A3,119212,464,126
52,E4,119724,464,126
55,G4,120236,464,126
52,E4,120748,464,126
40,E3,121260,464,126
50,D4,121772,464,126
55,G4,122284,464,126
50,D4,122796,464,126
41,F3,123308,464,126
48,C4,123820,464,126
55,G4,124332,464,126
48,C4,124844,464,126
43,G3,125356,464,126
50,D4,125868,464,126
55,G4,126380,464,126
50,D4,126892,464,126
48,C4,127404,924,126
55,G4,128428,924,126
60,C5,129452,924,126
41,F3,131500,464,126
48,C4,132012,464,126
55,G4,132524,464,126
48,C4,133036,464,126
43,G3,133548,464,126
50,D4,134060,464,126
55,G4,134572,464,126
50,D4,135084,464,126
45,A3,135596,464,126
52,E4,136108,464,126
55,G4,136620,464,126
52,E4,137132,464,126
40,E3,137644,464,126
50,D4,138156,464,126
55,G4,138668,464,126
50,D4,139180,464,126
41,F3,139692,464,126
48,C4,140204,464,126
55,G4,140716,464,126
48,C4,141228,464,126
43,G3,141740,464,126
50,D4,142252,464,126
55,G4,142764,464,126
50,D4,143276,464,126
48,C4,143788,464,126
55,G4,144300,464,126
60,C5,144812,464,126
62,D5,145324,464,126
64,E5,145836,924,126
41,F3,147884,464,126
48,C4,148396,464,126
55,G4,148908,464,126
48,C4,149420,464,126
43,G3,149932,464,126
50,D4,150444,464,126
55,G4,150956,464,126
50,D4,151468,464,126
45,A3,151980,464,126
52,E4,152492,464,126
55,G4,153004,464,126
52,E4,153516,464,126
40,E3,153980,464,126
50,D4,154492,464,126
55,G4,155004,464,126
50,D4,155516,464,126
41,F3,156028,464,126
48,C4,156540,464,126
55,G4,157052,464,126
48,C4,157564,464,126
43,G3,158076,464,126
50,D4,158588,464,126
55,G4,159100,464,126
50,D4,159612,464,126
48,C4,160124,464,126
55,G4,160636,464,126
60,C5,161148,464,126
62,D5,161660,464,126
64,E5,162172,924,126
65,F5,163096,1848,126
72,C6,164944,1848,126
67,G5,165144,1848,126
74,D6,166992,1848,126
69,A5,167192,1848,126
76,E6,169040,1848,126
64,E5,169240,1848,126
74,D6,171088,1848,126
65,F5,171288,1848,126
69,A5,173136,1848,126
76,E6,173136,1848,126
67,G5,173136,1848,126
71,B5,174984,1848,126
60,C5,175184,464,126
72,C6,175648,464,126
67,G5,175696,232,126
72,C6,175928,720,126
77,F6,176696,464,126
76,E6,177208,1848,126
41,F3,179056,464,126
48,C4,179520,464,126
41,F3,179568,464,126
48,C4,180032,464,126
43,G3,180032,464,126
50,D4,180496,464,126
43,G3,180544,464,126
50,D4,181008,464,126
45,A3,182080,464,126
52,E4,182544,464,126
45,A3,182592,464,126
52,E4,183056,464,126
40,E3,184128,464,126
47,B3,184592,464,126
40,E3,184640,464,126
47,B3,185104,464,126
41,F3,186176,464,126
48,C4,186640,464,126
41,F3,186688,464,126
48,C4,187152,464,126
43,G3,188224,464,126
50,D4,188688,464,126
43,G3,188736,464,126
50,D4,189200,464,126
36,C3,190272,464,126
43,G3,190736,464,126
36,C3,190784,464,126
43,G3,191248,464,126
36,C3,192320,464,126
43,G3,192784,464,126
36,C3,192832,464,126
43,G3,193296,464,126
41,F3,194368,464,126
48,C4,194832,464,126
41,F3,194880,464,126
48,C4,195344,464,126
43,G3,196416,464,126
50,D4,196880,464,126
43,G3,196928,464,126
50,D4,197392,464,126
45,A3,198464,464,126
52,E4,198928,464,126
45,A3,198976,464,126
52,E4,199440,464,126
40,E3,200512,464,126
47,B3,200976,464,126
40,E3,201024,464,126
47,B3,201488,464,126
41,F3,202560,464,126
48,C4,203024,464,126
41,F3,203072,464,126
48,C4,203536,464,126
43,G3,204608,464,126
50,D4,205072,464,126
43,G3,205120,464,126
50,D4,205584,464,126
48,C4,206656,464,126
55,G4,207120,464,126
48,C4,207168,464,126
55,G4,207632,464,126
48,C4,207680,464,126
55,G4,208144,464,126
48,C4,208192,464,126
55,G4,208656,464,126
48,C4,208704,924,126
55,G4,209628,924,126
41,F3,210752,232,126
48,C4,211008,232,126
53,F4,211264,232,126
57,A4,211520,232,126
53,F4,211776,232,126
48,C4,212032,232,126
41,F3,212288,232,126
48,C4,212544,232,126
43,G3,212800,232,126
50,D4,213056,232,126
55,G4,213312,232,126
59,B4,213568,232,126
55,G4,213824,232,126
50,D4,214080,232,126
43,G3,214336,232,126
50,D4,214592,232,126
45,A3,214848,232,126
52,E4,215104,232,126
57,A4,215360,232,126
60,C5,215616,232,126
57,A4,215872,232,126
52,E4,216128,232,126
45,A3,216384,232,126
52,E4,216640,232,126
40,E3,216896,232,126
47,B3,217152,232,126
52,E4,217408,232,126
55,G4,217664,232,126
52,E4,217920,232,126
47,B3,218176,232,126
40,E3,218432,232,126
47,B3,218688,232,126
41,F3,218944,232,126
48,C4,219200,232,126
53,F4,219456,232,126
57,A4,219712,232,126
53,F4,219968,232,126
48,C4,220224,232,126
41,F3,220480,232,126
48,C4,220736,232,126
43,G3,220992,232,126
50,D4,221248,232,126
55,G4,221504,232,126
59,B4,221760,232,126
55,G4,222016,232,126
50,D4,222272,232,126
43,G3,222528,232,126
50,D4,222784,232,126
48,C4,223040,232,126
55,G4,223296,232,126
60,C5,223552,232,126
65,F5,223808,232,126
60,C5,224064,232,126
55,G4,224320,232,126
48,C4,224576,232,126
55,G4,224832,232,126
48,C4,225088,232,126
55,G4,225344,232,126
60,C5,225600,232,126
62,D5,225856,232,126
64,E5,226112,924,126
41,F3,227136,232,126
48,C4,227392,232,126
53,F4,227648,232,126
57,A4,227904,232,126
53,F4,228160,232,126
48,C4,228416,232,126
41,F3,228672,232,126
48,C4,228928,232,126
43,G3,229184,232,126
50,D4,229440,232,126
55,G4,229696,232,126
59,B4,229952,232,126
55,G4,230208,232,126
50,D4,230464,232,126
43,G3,230720,232,126
50,D4,230976,232,126
45,A3,231232,232,126
52,E4,231488,232,126
57,A4,231744,232,126
60,C5,232000,232,126
57,A4,232256,232,126
52,E4,232512,232,126
45,A3,232768,232,126
52,E4,233000,232,126
40,E3,233256,232,126
47,B3,233512,232,126
52,E4,233768,232,126
55,G4,234024,232,126
52,E4,234280,232,126
47,B3,234536,232,126
40,E3,234792,232,126
47,B3,235048,232,126
41,F3,235304,232,126
48,C4,235560,232,126
53,F4,235816,232,126
57,A4,236072,232,126
53,F4,236328,232,126
48,C4,236584,232,126
41,F3,236840,232,126
48,C4,237072,232,126
43,G3,237328,232,126
50,D4,237584,232,126
55,G4,237840,232,126
59,B4,238096,232,126
55,G4,238352,232,126
50,D4,238608,232,126
43,G3,238864,232,126
50,D4,239120,232,126
48,C4,239376,924,126
55,G4,240400,924,126
60,C5,241424,924,126
60,C5,242348,924,126
41,F3,243012,232,126
48,C4,243268,232,126
53,F4,243524,232,126
57,A4,243780,232,126
53,F4,244036,232,126
48,C4,244268,232,126
41,F3,244524,232,126
48,C4,244756,232,126
43,G3,245012,232,126
50,D4,245268,232,126
55,G4,245524,232,126
59,B4,245780,232,126
55,G4,246036,232,126
50,D4,246292,232,126
43,G3,246548,232,126
50,D4,246780,232,126
45,A3,247036,232,126
52,E4,247292,232,126
57,A4,247548,232,126
60,C5,247804,232,126
57,A4,248060,232,126
52,E4,248316,232,126
45,A3,248572,232,126
52,E4,248804,232,126
40,E3,249060,232,126
47,B3,249316,232,126
52,E4,249572,232,126
55,G4,249804,232,126
52,E4,250060,232,126
47,B3,250316,232,126
40,E3,250572,232,126
47,B3,250828,232,126
41,F3,251084,232,126
48,C4,251340,232,126
53,F4,251596,232,126
57,A4,251852,232,126
53,F4,252108,232,126
48,C4,252364,232,126
41,F3,252620,232,126
48,C4,252852,232,126
43,G3,253108,232,126
50,D4,253364,232,126
55,G4,253620,232,126
59,B4,253876,232,126
55,G4,254132,232,126
50,D4,254388,232,126
43,G3,254644,232,126
50,D4,254900,232,126
48,C4,255156,232,126
55,G4,255412,232,126
60,C5,255668,232,126
65,F5,255924,232,126
60,C5,256180,232,126
55,G4,256436,232,126
48,C4,256692,232,126
55,G4,256924,232,126
48,C4,257180,232,126
55,G4,257436,232,126
60,C5,257692,232,126
62,D5,257948,232,126
64,E5,258204,924,126
41,F3,259228,232,126
48,C4,259484,232,126
53,F4,259740,232,126
57,A4,259996,232,126
53,F4,260252,232,126
48,C4,260508,232,126
41,F3,260764,232,126
48,C4,260996,232,126
43,G3,261252,232,126
50,D4,261508,232,126
55,G4,261764,232,126
59,B4,262020,232,126
55,G4,262276,232,126
50,D4,262532,232,126
43,G3,262788,232,126
50,D4,263044,232,126
45,A3,263300,232,126
52,E4,263556,232,126
57,A4,263812,232,126
60,C5,264068,232,126
57,A4,264324,232,126
52,E4,264580,232,126
45,A3,264836,232,126
52,E4,265068,232,126
40,E3,265324,232,126
47,B3,265580,232,126
52,E4,265836,232,126
55,G4,266092,232,126
52,E4,266348,232,126
47,B3,266604,232,126
40,E3,266860,232,126
47,B3,267116,232,126
41,F3,267372,232,126
48,C4,267628,232,126
53,F4,267884,232,126
57,A4,268140,232,126
53,F4,268396,232,126
48,C4,268652,232,126
41,F3,268908,232,126
48,C4,269140,232,126
43,G3,269396,232,126
50,D4,269652,232,126
55,G4,269908,232,126
59,B4,270164,232,126
55,G4,270420,232,126
50,D4,270676,232,126
43,G3,270932,232,126
50,D4,271188,232,126
48,C4,271444,232,126
55,G4,271700,232,126
60,C5,271956,232,126
55,G4,272212,232,126
60,C5,272468,464,126
62,D5,272980,464,126
64,E5,273492,924,126
41,F3,275540,464,126
48,C4,276052,464,126
55,G4,276564,924,126
43,G3,277488,464,126
50,D4,278000,464,126
55,G4,278512,924,126
45,A3,279536,464,126
52,E4,280048,464,126
55,G4,280560,924,126
40,E3,281584,464,126
50,D4,282096,464,126
55,G4,282608,924,126
41,F3,283632,464,126
48,C4,284144,464,126
55,G4,284656,924,126
43,G3,285680,464,126
50,D4,286192,464,126
55,G4,286704,924,126
48,C4,287728,464,126
55,G4,288240,464,126
60,C5,288752,464,126
62,D5,289264,464,126
64,E5,289776,924,126
41,F3,291824,464,126
48,C4,292336,464,126
55,G4,292848,924,126
43,G3,293872,464,126
50,D4,294384,464,126
55,G4,294896,924,126
45,A3,295920,464,126
52,E4,296432,464,126
55,G4,296944,924,126
40,E3,297968,464,126
50,D4,298432,464,126
55,G4,298944,924,126
41,F3,299968,464,126
48,C4,300480,464,126
55,G4,300992,924,126
43,G3,301916,464,126
50,D4,302428,464,126
55,G4,302940,924,126
48,C4,303964,464,126
55,G4,304476,464,126
60,C5,304988,464,126
62,D5,305500,464,126
64,E5,306012,924,126
48,C4,307036,924,126
41,F3,308060,232,126
48,C4,308316,232,126
53,F4,308572,232,126
57,A4,308828,232,126
53,F4,309084,232,126
48,C4,309340,232,126
41,F3,309596,232,126
48,C4,309828,232,126
43,G3,310084,232,126
50,D4,310340,232,126
55,G4,310596,232,126
59,B4,310852,232,126
55,G4,311108,232,126
50,D4,311364,232,126
43,G3,311620,232,126
50,D4,311876,232,126
45,A3,312132,232,126
52,E4,312388,232,126
57,A4,312644,232,126
60,C5,312900,232,126
57,A4,313156,232,126
52,E4,313412,232,126
45,A3,313644,232,126
52,E4,313876,232,126
40,E3,314132,232,126
47,B3,314388,232,126
52,E4,314644,232,126
55,G4,314900,232,126
52,E4,315156,232,126
47,B3,315412,232,126
40,E3,315668,232,126
47,B3,315924,232,126
41,F3,316156,232,126
48,C4,316412,232,126
53,F4,316668,232,126
57,A4,316924,232,126
53,F4,317180,232,126
48,C4,317436,232,126
41,F3,317692,232,126
48,C4,317924,232,126
43,G3,318180,232,126
50,D4,318436,232,126
55,G4,318692,232,126
59,B4,318948,232,126
55,G4,319180,232,126
50,D4,319436,232,126
43,G3,319692,232,126
50,D4,319948,232,126
48,C4,320204,232,126
55,G4,320460,232,126
60,C5,320716,232,126
65,F5,320972,232,126
60,C5,321228,232,126
55,G4,321484,232,126
48,C4,321740,232,126
55,G4,321972,232,126
48,C4,322228,232,126
55,G4,322484,232,126
60,C5,322740,232,126
62,D5,322996,232,126
64,E5,323252,924,126
41,F3,324276,232,126
48,C4,324532,232,126
53,F4,324788,232,126
57,A4,325044,232,126
53,F4,325300,232,126
48,C4,325556,232,126
41,F3,325812,232,126
48,C4,326044,232,126
43,G3,326300,232,126
50,D4,326556,232,126
55,G4,326812,232,126
59,B4,327068,232,126
55,G4,327324,232,126
50,D4,327580,232,126
43,G3,327836,232,126
50,D4,328092,232,126
45,A3,328348,232,126
52,E4,328604,232,126
57,A4,328860,232,126
60,C5,329116,232,126
57,A4,329372,232,126
52,E4,329628,232,126
45,A3,329884,232,126
52,E4,330116,232,126
40,E3,330372,232,126
47,B3,330628,232,126
52,E4,330884,232,126
55,G4,331140,232,126
52,E4,331396,232,126
47,B3,331652,232,126
40,E3,331908,232,126
47,B3,332164,232,126
41,F3,332420,232,126
48,C4,332676,232,126
53,F4,332932,232,126
57,A4,333188,232,126
53,F4,333444,232,126
48,C4,333700,232,126
41,F3,333956,232,126
48,C4,334188,232,126
43,G3,334444,232,126
50,D4,334700,232,126
55,G4,334956,232,126
59,B4,335212,232,126
55,G4,335468,232,126
50,D4,335724,232,126
43,G3,335980,232,126
50,D4,336236,232,126
48,C4,336492,924,126
55,G4,337516,924,126
60,C5,338540,924,126
41,F3,340588,232,126
48,C4,340844,232,126
53,F4,341100,232,126
57,A4,341356,232,126
53,F4,341612,232,126
48,C4,341868,232,126
41,F3,342124,232,126
48,C4,342380,232,126
43,G3,342636,232,126
50,D4,342892,232,126
55,G4,343148,232,126
59,B4,343404,232,126
55,G4,343660,232,126
50,D4,343916,232,126
43,G3,344172,232,126
50,D4,344428,232,126
45,A3,344684,232,126
52,E4,344940,232,126
57,A4,345196,232,126
60,C5,345452,232,126
57,A4,345708,232,126
52,E4,345964,232,126
45,A3,346220,232,126
52,E4,346452,232,126
40,E3,346708,232,126
47,B3,346964,232,126
52,E4,347220,232,126
55,G4,347476,232,126
52,E4,347732,232,126
47,B3,347988,232,126
40,E3,348244,232,126
47,B3,348500,232,126
41,F3,348756,232,126
48,C4,349012,232,126
53,F4,349268,232,126
57,A4,349524,232,126
53,F4,349780,232,126
48,C4,350036,232,126
41,F3,350292,232,126
48,C4,350548,232,126
43,G3,350804,232,126
50,D4,351060,232,126
55,G4,351316,232,126
59,B4,351572,232,126
55,G4,351828,232,126
50,D4,352084,232,126
43,G3,352340,232,126
50,D4,352596,232,126
48,C4,352852,232,126
55,G4,353108,232,126
60,C5,353364,232,126
65,F5,353620,232,126
60,C5,353876,232,126
55,G4,354132,232,126
48,C4,354388,232,126
55,G4,354620,232,126
48,C4,354876,232,126
55,G4,355132,232,126
60,C5,355388,232,126
62,D5,355644,232,126
64,E5,355900,924,126
41,F3,356924,232,126
48,C4,357180,232,126
53,F4,357436,232,126
57,A4,357692,232,126
53,F4,357948,232,126
48,C4,358204,232,126
41,F3,358460,232,126
48,C4,358692,232,126
43,G3,358948,232,126
50,D4,359204,232,126
55,G4,359460,232,126
59,B4,359716,232,126
55,G4,359972,232,126
50,D4,360228,232,126
43,G3,360484,232,126
50,D4,360740,232,126
45,A3,360996,232,126
52,E4,361252,232,126
57,A4,361508,232,126
60,C5,361764,232,126
57,A4,362020,232,126
52,E4,362276,232,126
45,A3,362532,232,126
52,E4,362764,232,126
40,E3,363020,232,126
47,B3,363276,232,126
52,E4,363532,232,126
55,G4,363788,232,126
52,E4,364044,232,126
47,B3,364300,232,126
40,E3,364556,232,126
47,B3,364812,232,126
41,F3,365068,232,126
48,C4,365324,232,126
53,F4,365580,232,126
57,A4,365836,232,126
53,F4,366092,232,126
48,C4,366348,232,126
41,F3,366604,232,126
48,C4,366836,232,126
43,G3,367092,232,126
50,D4,367348,232,126
55,G4,367604,232,126
59,B4,367860,232,126
55,G4,368116,232,126
50,D4,368372,232,126
43,G3,368628,232,126
50,D4,368884,232,126
48,C4,369140,232,126
55,G4,369372,232,126
60,C5,369628,232,126
55,G4,369884,232,126
60,C5,370140,464,126
62,D5,370652,464,126
64,E5,371164,924,126
53,F4,373212,1848,126
60,C5,375060,1848,126
55,G4,375060,1848,126
62,D5,376908,1848,126
57,A4,377108,1848,126
64,E5,378956,1848,126
52,E4,378956,1848,126
62,D5,380804,1848,126
53,F4,380804,1848,126
60,C5,382652,1848,126
55,G4,382852,1848,126
62,D5,384700,1848,126
48,C4,384900,3896,126
55,G4,388796,3896,126