43,G3,0,1791,126
55,G4,1791,1791,126
43,G3,1791,1791,126
55,G4,3582,1791,126
40,E3,3582,1791,126
52,E4,5373,1791,126
40,E3,5373,1791,126
52,E4,7164,1791,126
43,G3,7164,1791,126
55,G4,8955,1791,126
43,G3,8955,1791,126
55,G4,10746,1791,126
38,D3,10746,3358,126
50,D4,14104,3358,126
39,D#3,14104,447,126
42,F#3,14551,223,126
46,A#3,14774,223,126
54,F#4,14997,223,126
51,D#4,15220,501,126
51,D#4,15836,54,126
53,F4,15890,447,126
51,D#4,16337,223,126
49,C#4,16560,402,126
49,C#4,17006,402,126
39,D#3,17676,447,126
42,F#3,18123,223,126
46,A#3,18346,223,126
54,F#4,18569,223,126
51,D#4,18792,501,126
51,D#4,19408,54,126
53,F4,19462,447,126
51,D#4,19909,223,126
49,C#4,20132,402,126
39,D#3,21250,447,126
42,F#3,21697,223,126
46,A#3,21920,223,126
54,F#4,22143,179,126
54,F#4,22366,223,126
51,D#4,22589,201,126
51,D#4,22982,54,126
49,C#4,23036,447,126
53,F4,23483,447,126
51,D#4,23483,223,126
46,A#3,23706,447,126
49,C#4,24153,447,126
49,C#4,24153,671,126
46,A#3,24824,671,126
39,D#3,24824,447,126
42,F#3,25271,223,126
46,A#3,25494,223,126
54,F#4,25717,179,126
54,F#4,25940,223,126
51,D#4,26163,201,126
51,D#4,26556,54,126
49,C#4,26610,447,126
53,F4,27057,447,126
51,D#4,27057,223,126
46,A#3,27280,1567,126
49,C#4,28847,1567,126
58,A#4,28847,140,126
58,A#4,29070,140,126
58,A#4,29293,140,126
56,G#4,29516,140,126
58,A#4,29739,140,126
56,G#4,29962,140,126
58,A#4,30185,140,126
61,C#5,30408,140,126
58,A#4,30631,140,126
56,G#4,30854,447,126
56,G#4,31301,71,126
58,A#4,31372,537,126
58,A#4,31971,179,126
58,A#4,32194,140,126
58,A#4,32417,140,126
58,A#4,32640,140,126
58,A#4,32863,140,126
58,A#4,33086,140,126
58,A#4,33309,140,126
56,G#4,33532,140,126
54,F#4,33755,140,126
56,G#4,33978,140,126
54,F#4,34201,140,126
56,G#4,34424,62,126
58,A#4,34486,201,126
58,A#4,35542,223,126
56,G#4,35765,140,126
54,F#4,35988,140,126
51,D#4,36211,140,126
49,C#4,36434,140,126
51,D#4,36657,249,126
51,D#4,37103,140,126
51,D#4,37326,140,126
53,F4,37549,140,126
51,D#4,37772,140,126
49,C#4,37995,140,126
46,A#3,38218,140,126
49,C#4,38441,249,126
51,D#4,38887,281,126
46,A#3,39334,223,126
54,F#4,39557,223,126
51,D#4,39557,140,126
51,D#4,40675,402,126
53,F4,41121,223,126
46,A#3,41344,223,126
49,C#4,41344,140,126
63,D#5,43134,223,126
58,A#4,43357,223,126
70,A#5,43357,223,126
63,D#5,43357,223,126
58,A#4,43580,223,126
70,A#5,43580,223,126
63,D#5,43580,223,126
58,A#4,43803,223,126
70,A#5,43803,223,126
56,G#4,43803,223,126
68,G#5,44026,223,126
58,A#4,44026,223,126
70,A#5,44249,223,126
56,G#4,44249,223,126
68,G#5,44472,223,126
58,A#4,44472,223,126
70,A#5,44695,223,126
66,F#5,44695,223,126
61,C#5,44918,223,126
73,C#6,44918,223,126
58,A#4,44918,223,126
70,A#5,45141,223,126
56,G#4,45141,447,126
68,G#5,45588,447,126
68,G#5,45588,71,126
56,G#4,45659,71,126
58,A#4,45659,599,126
70,A#5,46258,599,126
58,A#4,46258,223,126
70,A#5,46481,223,126
63,D#5,46481,223,126
58,A#4,46704,223,126
70,A#5,46704,223,126
63,D#5,46704,223,126
58,A#4,46927,223,126
70,A#5,46927,223,126
63,D#5,46927,223,126
58,A#4,47150,223,126
70,A#5,47150,223,126
70,A#5,47150,223,126
63,D#5,47373,223,126
58,A#4,47373,223,126
58,A#4,47373,223,126
70,A#5,47596,223,126
58,A#4,47596,223,126
70,A#5,47819,223,126
56,G#4,47819,223,126
68,G#5,48042,223,126
54,F#4,48042,223,126
66,F#5,48265,223,126
61,C#5,48265,223,126
56,G#4,48488,223,126
68,G#5,48488,223,126
61,C#5,48488,223,126
54,F#4,48711,223,126
66,F#5,48711,223,126
68,G#5,48711,62,126
56,G#4,48773,62,126
58,A#4,48773,1056,126
70,A#5,49829,1056,126
58,A#4,49829,223,126
70,A#5,50052,223,126
68,G#5,50052,223,126
63,D#5,50275,223,126
56,G#4,50275,223,126
54,F#4,50275,223,126
66,F#5,50498,223,126
63,D#5,50498,223,126
51,D#4,50721,223,126
61,C#5,50721,223,126
49,C#4,50944,223,126
63,D#5,50944,447,126
51,D#4,51391,447,126
54,F#4,51391,447,126
63,D#5,51391,223,126
51,D#4,51614,223,126
63,D#5,51614,223,126
51,D#4,51837,223,126
65,F5,51837,223,126
58,A#4,52060,223,126
53,F4,52060,223,126
63,D#5,52060,223,126
51,D#4,52283,223,126
61,C#5,52283,223,126
49,C#4,52506,223,126
46,A#3,52506,223,126
58,A#4,52729,223,126
61,C#5,52729,447,126
53,F4,53176,447,126
49,C#4,53176,447,126
63,D#5,53176,447,126
58,A#4,53623,447,126
51,D#4,53623,447,126
66,F#5,53623,223,126
58,A#4,53846,223,126
54,F#4,53846,223,126
63,D#5,53846,1119,126
51,D#4,54965,1119,126
58,A#4,54965,223,126
70,A#5,55188,223,126
58,A#4,55188,223,126
70,A#5,55411,223,126
66,F#5,55411,223,126
61,C#5,55634,223,126
73,C#6,55634,223,126
58,A#4,55634,223,126
70,A#5,55857,223,126
56,G#4,55857,447,126
68,G#5,56304,447,126
68,G#5,56304,71,126
56,G#4,56375,71,126
58,A#4,56375,823,126
70,A#5,57198,823,126
66,F#5,57198,223,126
58,A#4,57421,223,126
70,A#5,57421,223,126
66,F#5,57421,671,126
58,A#4,58092,671,126
70,A#5,58092,671,126
54,F#4,58092,223,126
66,F#5,58315,223,126
54,F#4,58315,671,126
66,F#5,58986,671,126
66,F#5,58986,223,126
58,A#4,59209,223,126
70,A#5,59209,223,126
66,F#5,59209,671,126
58,A#4,59880,671,126
70,A#5,59880,671,126
65,F5,59880,223,126
53,F4,60103,223,126
53,F4,60103,447,126
65,F5,60550,447,126
58,A#4,60550,447,126
70,A#5,60997,447,126
66,F#5,60997,447,126
58,A#4,60997,223,126
70,A#5,61220,223,126
58,A#4,61220,223,126
70,A#5,61443,223,126
58,A#4,61443,223,126
70,A#5,61666,223,126
66,F#5,61666,447,126
61,C#5,62113,447,126
73,C#6,62113,447,126
58,A#4,62113,223,126
70,A#5,62336,223,126
66,F#5,62336,447,126
61,C#5,62783,447,126
73,C#6,62783,447,126
58,A#4,62783,1343,126
70,A#5,64126,1343,126
56,G#4,64126,447,126
68,G#5,64573,447,126
63,D#5,64573,447,126
54,F#4,64573,223,126
66,F#5,64796,223,126
63,D#5,64796,447,126
56,G#4,65243,447,126
68,G#5,65243,447,126
61,C#5,65243,223,126
54,F#4,65466,223,126
66,F#5,65466,223,126
56,G#4,65466,447,126
68,G#5,65913,447,126
56,G#4,65913,447,126
68,G#5,66360,447,126
61,C#5,66360,447,126
54,F#4,66360,223,126
66,F#5,66583,223,126
61,C#5,66583,447,126
56,G#4,67030,447,126
68,G#5,67030,447,126
61,C#5,67030,223,126
54,F#4,67253,223,126
66,F#5,67253,223,126
56,G#4,67253,671,126
68,G#5,67924,671,126
58,A#4,67924,223,126
66,F#5,68147,223,126
54,F#4,68147,223,126
63,D#5,68147,7164,126
51,D#4,75311,7164,126
58,A#4,75311,223,126
58,A#4,75534,223,126
56,G#4,75757,223,126
58,A#4,75980,805,126
61,C#5,76874,313,126
66,F#5,77187,44,126
65,F5,77231,44,126
61,C#5,77275,44,126
58,A#4,77319,223,126
56,G#4,77542,223,126
58,A#4,77765,402,126
58,A#4,78883,223,126
58,A#4,79106,223,126
56,G#4,79329,223,126
58,A#4,79552,358,126
54,F#4,79999,402,126
56,G#4,80445,223,126
58,A#4,80668,671,126
58,A#4,82010,223,126
56,G#4,82233,223,126
54,F#4,82456,223,126
51,D#4,82679,223,126
54,F#4,82902,223,126
51,D#4,83125,671,126
54,F#4,83796,223,126
53,F4,84019,223,126
51,D#4,84242,223,126
49,C#4,84465,223,126
46,A#3,84688,223,126
49,C#4,84911,358,126
51,D#4,85358,402,126
54,F#4,85804,223,126
51,D#4,86027,179,126
51,D#4,87146,402,126
53,F4,87592,179,126
49,C#4,87815,179,126
66,F#5,89605,223,126
70,A#5,89828,223,126
66,F#5,89828,223,126
70,A#5,90051,223,126
70,A#5,90051,223,126
66,F#5,90274,223,126
66,F#5,90274,447,126
70,A#5,90721,447,126
65,F5,90721,223,126
68,G#5,90944,223,126
66,F#5,90944,223,126
70,A#5,91167,223,126
70,A#5,91167,447,126
73,C#6,91614,447,126
66,F#5,91614,223,126
70,A#5,91837,223,126
65,F5,91837,223,126
68,G#5,92060,223,126
66,F#5,92060,1119,126
70,A#5,93179,1119,126
66,F#5,93179,223,126
70,A#5,93402,223,126
66,F#5,93402,223,126
70,A#5,93625,223,126
66,F#5,93625,223,126
70,A#5,93848,223,126
66,F#5,93848,447,126
70,A#5,94295,447,126
65,F5,94295,223,126
68,G#5,94518,223,126
63,D#5,94518,223,126
66,F#5,94741,223,126
65,F5,94741,223,126
68,G#5,94964,223,126
66,F#5,94964,1343,126
70,A#5,96307,1343,126
66,F#5,96307,223,126
70,A#5,96530,223,126
65,F5,96530,223,126
68,G#5,96753,223,126
63,D#5,96753,223,126
66,F#5,96976,223,126
59,B4,96976,223,126
63,D#5,97199,223,126
63,D#5,97199,223,126
66,F#5,97422,223,126
63,D#5,97422,671,126
59,B4,98093,671,126
63,D#5,98093,223,126
66,F#5,98316,223,126
65,F5,98316,223,126
61,C#5,98539,223,126
63,D#5,98539,223,126
61,C#5,98762,223,126
58,A#4,98985,223,126
58,A#4,99208,447,126
61,C#5,99655,447,126
58,A#4,99655,447,126
63,D#5,100102,447,126
63,D#5,100102,223,126
66,F#5,100325,223,126
58,A#4,100325,1119,126
63,D#5,101444,1119,126
66,F#5,101444,223,126
70,A#5,101667,223,126
66,F#5,101667,223,126
70,A#5,101890,223,126
66,F#5,101890,223,126
73,C#6,102113,223,126
63,D#5,102113,223,126
70,A#5,102336,223,126
68,G#5,102336,447,126
61,C#5,102783,447,126
63,D#5,102783,895,126
70,A#5,103678,895,126
66,F#5,103678,223,126
61,C#5,103901,223,126
70,A#5,103901,223,126
70,A#5,103901,671,126
61,C#5,104572,671,126
66,F#5,104572,671,126
58,A#4,104572,223,126
66,F#5,104795,223,126
58,A#4,104795,671,126
66,F#5,105466,671,126
66,F#5,105466,223,126
63,D#5,105689,223,126
70,A#5,105689,223,126
70,A#5,105689,671,126
63,D#5,106360,671,126
66,F#5,106360,671,126
58,A#4,106360,223,126
65,F5,106583,223,126
58,A#4,106583,599,126
65,F5,107182,599,126
54,F#4,107182,71,126
61,C#5,107253,71,126
66,F#5,107253,402,126
70,A#5,111057,111,126
70,A#5,111168,111,126
70,A#5,111279,223,126
70,A#5,111502,223,126
68,G#5,111725,223,126
70,A#5,111948,223,126
68,G#5,112171,223,126
70,A#5,112394,223,126
73,C#6,112617,223,126
70,A#5,112840,223,126
68,G#5,113063,223,126
66,F#5,113286,111,126
68,G#5,113397,111,126
70,A#5,113508,179,126
63,D#5,113731,223,126
66,F#5,113954,223,126
68,G#5,114177,201,126
70,A#5,114624,111,126
70,A#5,114735,111,126
70,A#5,114846,223,126
70,A#5,115069,223,126
70,A#5,115292,223,126
73,C#6,115515,111,126
70,A#5,115626,111,126
68,G#5,115737,223,126
66,F#5,115960,223,126
68,G#5,116183,223,126
66,F#5,116406,223,126
70,A#5,116629,402,126
61,C#5,117299,223,126
66,F#5,117522,223,126
70,A#5,117745,223,126
68,G#5,117968,223,126
70,A#5,118191,111,126
68,G#5,118302,111,126
66,F#5,118413,223,126
65,F5,118636,223,126
63,D#5,118859,223,126
59,B4,119082,223,126
63,D#5,119305,223,126
66,F#5,119528,223,126
65,F5,119751,223,126
66,F#5,119974,111,126
65,F5,120085,111,126
63,D#5,120196,223,126
61,C#5,120419,223,126
58,A#4,120642,223,126
61,C#5,120865,223,126
66,F#5,121088,223,126
65,F5,121311,223,126
66,F#5,121534,223,126
63,D#5,121757,201,126
63,D#5,122875,402,126
65,F5,123321,223,126
61,C#5,123544,201,126
70,A#5,125334,111,126
70,A#5,125445,111,126
70,A#5,125556,223,126
70,A#5,125779,223,126
68,G#5,126002,223,126
70,A#5,126225,223,126
68,G#5,126448,223,126
70,A#5,126671,223,126
73,C#6,126894,223,126
70,A#5,127117,223,126
68,G#5,127340,223,126
66,F#5,127563,111,126
68,G#5,127674,111,126
70,A#5,127785,179,126
63,D#5,128008,223,126
66,F#5,128231,223,126
68,G#5,128454,201,126
70,A#5,128901,111,126
70,A#5,129012,111,126
70,A#5,129123,223,126
70,A#5,129346,223,126
70,A#5,129569,223,126
73,C#6,129792,111,126
70,A#5,129903,111,126
68,G#5,130014,223,126
66,F#5,130237,223,126
68,G#5,130460,223,126
66,F#5,130683,223,126
70,A#5,130906,402,126
61,C#5,131576,223,126
66,F#5,131799,223,126
70,A#5,132022,223,126
68,G#5,132245,223,126
70,A#5,132468,111,126
68,G#5,132579,111,126
66,F#5,132690,223,126
65,F5,132913,223,126
63,D#5,133136,223,126
59,B4,133359,223,126
63,D#5,133582,223,126
66,F#5,133805,223,126
65,F5,134028,223,126
66,F#5,134251,111,126
65,F5,134362,111,126
63,D#5,134473,223,126
61,C#5,134696,223,126
58,A#4,134919,223,126
61,C#5,135142,223,126
66,F#5,135365,223,126
65,F5,135588,223,126
66,F#5,135811,223,126
63,D#5,136034,201,126
75,D#6,138496,805,126
70,A#5,143196,223,126
63,D#5,143419,223,126
58,A#4,143419,223,126
63,D#5,143419,223,126
58,A#4,143642,223,126
70,A#5,143642,223,126
63,D#5,143642,223,126
58,A#4,143865,223,126
70,A#5,143865,223,126
56,G#4,143865,223,126
68,G#5,144088,223,126
58,A#4,144088,223,126
70,A#5,144311,223,126
56,G#4,144311,223,126
68,G#5,144534,223,126
58,A#4,144534,223,126
70,A#5,144757,223,126
66,F#5,144757,223,126
61,C#5,144980,223,126
73,C#6,144980,223,126
58,A#4,144980,223,126
70,A#5,145203,223,126
56,G#4,145203,447,126
68,G#5,145650,447,126
68,G#5,145650,71,126
56,G#4,145721,71,126
58,A#4,145721,599,126
70,A#5,146320,599,126
58,A#4,146320,223,126
70,A#5,146543,223,126
63,D#5,146543,223,126
58,A#4,146766,223,126
70,A#5,146766,223,126
63,D#5,146766,223,126
58,A#4,146989,223,126
70,A#5,146989,223,126
63,D#5,146989,223,126
58,A#4,147212,223,126
70,A#5,147212,223,126
63,D#5,147212,223,126
58,A#4,147435,223,126
70,A#5,147435,223,126
58,A#4,147435,223,126
70,A#5,147658,223,126
58,A#4,147658,223,126
70,A#5,147881,223,126
68,G#5,147881,223,126
56,G#4,148104,223,126
54,F#4,148104,223,126
66,F#5,148327,223,126
61,C#5,148327,223,126
56,G#4,148550,223,126
68,G#5,148550,223,126
61,C#5,148550,223,126
54,F#4,148773,223,126
66,F#5,148773,223,126
68,G#5,148773,62,126
56,G#4,148835,62,126
58,A#4,148835,1056,126
70,A#5,149891,1056,126
58,A#4,149891,223,126
70,A#5,150114,223,126
63,D#5,150114,223,126
56,G#4,150337,223,126
68,G#5,150337,223,126
54,F#4,150337,223,126
66,F#5,150560,223,126
63,D#5,150560,223,126
51,D#4,150783,223,126
49,C#4,150783,223,126
61,C#5,151006,223,126
63,D#5,151006,447,126
51,D#4,151453,447,126
54,F#4,151453,447,126
63,D#5,151453,223,126
51,D#4,151676,223,126
63,D#5,151676,223,126
51,D#4,151899,223,126
65,F5,151899,223,126
58,A#4,152122,223,126
53,F4,152122,223,126
63,D#5,152122,223,126
51,D#4,152345,223,126
61,C#5,152345,223,126
49,C#4,152568,223,126
58,A#4,152568,223,126
46,A#3,152791,223,126
61,C#5,152791,447,126
53,F4,153238,447,126
49,C#4,153238,447,126
63,D#5,153238,447,126
58,A#4,153685,447,126
51,D#4,153685,447,126
66,F#5,153685,223,126
58,A#4,153908,223,126
54,F#4,153908,223,126
63,D#5,153908,1119,126
51,D#4,155027,1119,126
58,A#4,155027,223,126
70,A#5,155250,223,126
58,A#4,155250,223,126
70,A#5,155473,223,126
66,F#5,155473,223,126
61,C#5,155696,223,126
73,C#6,155696,223,126
58,A#4,155696,223,126
70,A#5,155919,223,126
56,G#4,155919,447,126
68,G#5,156366,447,126
68,G#5,156366,71,126
56,G#4,156437,71,126
58,A#4,156437,823,126
70,A#5,157260,823,126
66,F#5,157260,223,126
58,A#4,157483,223,126
70,A#5,157483,223,126
66,F#5,157483,671,126
58,A#4,158154,671,126
70,A#5,158154,671,126
54,F#4,158154,223,126
66,F#5,158377,223,126
54,F#4,158377,671,126
66,F#5,159048,671,126
66,F#5,159048,223,126
58,A#4,159271,223,126
70,A#5,159271,223,126
66,F#5,159271,671,126
58,A#4,159942,671,126
70,A#5,159942,671,126
65,F5,159942,223,126
53,F4,160165,223,126
65,F5,160165,447,126
53,F4,160612,447,126
58,A#4,160612,447,126
70,A#5,161059,447,126
66,F#5,161059,447,126
58,A#4,161059,223,126
70,A#5,161282,223,126
70,A#5,161282,223,126
58,A#4,161505,223,126
58,A#4,161505,223,126
70,A#5,161728,223,126
66,F#5,161728,447,126
61,C#5,162175,447,126
73,C#6,162175,447,126
58,A#4,162175,223,126
70,A#5,162398,223,126
66,F#5,162398,447,126
61,C#5,162845,447,126
73,C#6,162845,447,126
58,A#4,162845,1343,126
70,A#5,164188,1343,126
56,G#4,164188,447,126
68,G#5,164635,447,126
63,D#5,164635,447,126
54,F#4,164635,223,126
66,F#5,164858,223,126
63,D#5,164858,447,126
56,G#4,165305,447,126
68,G#5,165305,447,126
54,F#4,165305,223,126
66,F#5,165528,223,126
61,C#5,165528,223,126
56,G#4,165528,447,126
68,G#5,165975,447,126
56,G#4,165975,447,126
68,G#5,166422,447,126
61,C#5,166422,447,126
54,F#4,166422,223,126
66,F#5,166645,223,126
61,C#5,166645,447,126
56,G#4,167092,447,126
68,G#5,167092,447,126
61,C#5,167092,223,126
54,F#4,167315,223,126
66,F#5,167315,223,126
56,G#4,167315,671,126
68,G#5,167986,671,126
58,A#4,167986,223,126
66,F#5,168209,223,126
54,F#4,168209,223,126
63,D#5,168209,3358,126
51,D#4,171567,3358,126
46,A#3,171567,1611,126
51,D#4,173178,1611,126
--end--
31,G2,0,1791,126
19,G1,1791,1791,126
31,G2,1791,1791,126
19,G1,3582,1791,126
28,E2,3582,1791,126
16,E1,5373,1791,126
28,E2,5373,1791,126
16,E1,7164,1791,126
31,G2,7164,1791,126
19,G1,8955,1791,126
31,G2,8955,1791,126
19,G1,10746,1791,126
26,D2,10746,3582,126
14,D1,14328,3582,126
27,D#2,14328,402,126
39,D#3,14774,671,126
42,F#3,15445,671,126
34,A#2,15445,223,126
39,D#3,15668,447,126
42,F#3,16115,447,126
34,A#2,16115,402,126
41,F3,16561,671,126
46,A#3,17232,671,126
34,A#2,17232,223,126
41,F3,17455,447,126
37,C#3,17902,447,126
27,D#2,17902,402,126
39,D#3,18348,671,126
42,F#3,19019,671,126
34,A#2,19019,223,126
39,D#3,19242,447,126
42,F#3,19689,447,126
34,A#2,19689,402,126
41,F3,20135,671,126
46,A#3,20806,671,126
34,A#2,20806,223,126
37,C#3,21029,447,126
41,F3,21476,447,126
27,D#2,21476,402,126
39,D#3,21922,671,126
42,F#3,22593,671,126
34,A#2,22593,223,126
39,D#3,22816,447,126
42,F#3,23263,447,126
34,A#2,23263,402,126
41,F3,23709,671,126
46,A#3,24380,671,126
34,A#2,24380,223,126
37,C#3,24603,447,126
41,F3,25050,447,126
27,D#2,25050,402,126
39,D#3,25496,671,126
42,F#3,26167,671,126
34,A#2,26167,223,126
39,D#3,26390,447,126
42,F#3,26837,447,126
34,A#2,26837,402,126
41,F3,27283,671,126
46,A#3,27954,671,126
34,A#2,27954,223,126
41,F3,28177,447,126
37,C#3,28624,447,126
27,D#2,28624,223,126
39,D#3,28847,223,126
27,D#2,29070,223,126
39,D#3,29070,447,126
27,D#2,29517,447,126
39,D#3,29517,671,126
27,D#2,30188,671,126
37,C#3,30188,223,126
25,C#2,30411,223,126
37,C#3,30411,447,126
25,C#2,30858,447,126
37,C#3,30858,671,126
25,C#2,31529,671,126
37,C#3,31529,223,126
42,F#3,31752,447,126
46,A#3,32199,447,126
27,D#2,32199,223,126
39,D#3,32422,223,126
27,D#2,32645,223,126
39,D#3,32645,447,126
27,D#2,33092,447,126
39,D#3,33092,671,126
27,D#2,33763,671,126
37,C#3,33763,223,126
25,C#2,33986,223,126
37,C#3,33986,447,126
25,C#2,34433,447,126
37,C#3,34433,671,126
25,C#2,35104,671,126
37,C#3,35104,223,126
42,F#3,35327,447,126
46,A#3,35774,447,126
23,B1,35774,223,126
35,B2,35997,223,126
23,B1,36220,223,126
35,B2,36220,447,126
23,B1,36667,447,126
23,B1,36667,671,126
35,B2,37338,671,126
37,C#3,37338,223,126
25,C#2,37561,223,126
37,C#3,37561,447,126
25,C#2,38008,447,126
37,C#3,38008,671,126
25,C#2,38679,671,126
34,A#2,38679,223,126
37,C#3,38902,447,126
41,F3,39349,447,126
27,D#2,39349,223,126
39,D#3,39572,223,126
27,D#2,39795,223,126
39,D#3,39795,447,126
27,D#2,40242,447,126
39,D#3,40242,671,126
27,D#2,40913,671,126
37,C#3,40913,223,126
25,C#2,41136,223,126
37,C#3,41136,447,126
25,C#2,41583,447,126
37,C#3,41583,671,126
25,C#2,42254,671,126
34,A#2,42254,223,126
41,F3,42477,447,126
37,C#3,42924,447,126
39,D#3,42924,447,126
27,D#2,43371,447,126
42,F#3,43371,671,126
39,D#3,44042,671,126
46,A#3,44042,671,126
34,A#2,44042,223,126
22,A#1,44265,223,126
42,F#3,44265,447,126
39,D#3,44712,447,126
46,A#3,44712,447,126
34,A#2,44712,447,126
22,A#1,45159,447,126
41,F3,45159,671,126
37,C#3,45830,671,126
46,A#3,45830,671,126
34,A#2,45830,223,126
22,A#1,46053,223,126
37,C#3,46053,447,126
41,F3,46500,447,126
39,D#3,46500,447,126
27,D#2,46947,447,126
42,F#3,46947,223,126
39,D#3,47170,223,126
46,A#3,47170,223,126
42,F#3,47170,447,126
39,D#3,47617,447,126
46,A#3,47617,447,126
34,A#2,47617,223,126
22,A#1,47840,223,126
42,F#3,47840,447,126
39,D#3,48287,447,126
46,A#3,48287,447,126
37,C#3,48287,447,126
25,C#2,48734,447,126
42,F#3,48734,671,126
37,C#3,49405,671,126
46,A#3,49405,671,126
37,C#3,49405,223,126
25,C#2,49628,223,126
42,F#3,49628,447,126
46,A#3,50075,447,126
35,B2,50075,447,126
23,B1,50522,447,126
42,F#3,50522,223,126
39,D#3,50745,223,126
47,B3,50745,223,126
42,F#3,50745,447,126
39,D#3,51192,447,126
47,B3,51192,447,126
35,B2,51192,223,126
23,B1,51415,223,126
39,D#3,51415,447,126
42,F#3,51862,447,126
37,C#3,51862,447,126
25,C#2,52309,447,126
41,F3,52309,671,126
37,C#3,52980,671,126
44,G#3,52980,671,126
37,C#3,52980,223,126
25,C#2,53203,223,126
41,F3,53203,447,126
44,G#3,53650,447,126
27,D#2,53650,223,126
39,D#3,53873,223,126
27,D#2,54096,223,126
39,D#3,54096,447,126
27,D#2,54543,447,126
39,D#3,54543,671,126
27,D#2,55214,671,126
37,C#3,55214,223,126
25,C#2,55437,223,126
37,C#3,55437,447,126
25,C#2,55884,447,126
25,C#2,55884,671,126
37,C#3,56555,671,126
34,A#2,56555,223,126
41,F3,56778,223,126
37,C#3,57001,223,126
27,D#2,57001,447,126
30,F#2,57448,223,126
18,F#1,57671,223,126
34,A#2,57671,223,126
22,A#1,57894,223,126
42,F#3,57894,223,126
30,F#2,58117,223,126
39,D#3,58117,617,126
27,D#2,58734,617,126
39,D#3,58734,54,126
27,D#2,58788,54,126
29,F2,58788,447,126
41,F3,59235,447,126
39,D#3,59235,223,126
27,D#2,59458,223,126
37,C#3,59458,447,126
25,C#2,59905,447,126
37,C#3,59905,671,126
25,C#2,60576,671,126
27,D#2,60576,447,126
18,F#1,61023,223,126
30,F#2,61246,223,126
34,A#2,61246,223,126
22,A#1,61469,223,126
42,F#3,61469,223,126
30,F#2,61692,223,126
39,D#3,61692,617,126
27,D#2,62309,617,126
39,D#3,62309,54,126
27,D#2,62363,54,126
29,F2,62363,447,126
41,F3,62810,447,126
39,D#3,62810,223,126
27,D#2,63033,223,126
37,C#3,63033,671,126
25,C#2,63704,671,126
34,A#2,63704,223,126
37,C#3,63927,447,126
41,F3,64374,447,126
23,B1,64374,223,126
35,B2,64597,223,126
23,B1,64820,223,126
35,B2,64820,447,126
23,B1,65267,447,126
35,B2,65267,671,126
23,B1,65938,671,126
37,C#3,65938,223,126
25,C#2,66161,223,126
37,C#3,66161,447,126
25,C#2,66608,447,126
37,C#3,66608,671,126
25,C#2,67279,671,126
37,C#3,67279,223,126
44,G#3,67502,447,126
41,F3,67949,447,126
27,D#2,67949,223,126
30,F#2,68172,223,126
18,F#1,68395,223,126
34,A#2,68395,223,126
22,A#1,68618,223,126
42,F#3,68618,223,126
30,F#2,68841,223,126
39,D#3,68841,617,126
27,D#2,69458,617,126
39,D#3,69458,54,126
27,D#2,69512,54,126
29,F2,69512,447,126
41,F3,69959,447,126
39,D#3,69959,223,126
27,D#2,70182,223,126
25,C#2,70182,447,126
37,C#3,70629,447,126
37,C#3,70629,895,126
25,C#2,71524,895,126
27,D#2,71524,223,126
34,A#2,71747,223,126
39,D#3,71970,223,126
34,A#2,72193,223,126
42,F#3,72416,223,126
39,D#3,72639,223,126
46,A#3,72862,223,126
34,A#2,73085,223,126
27,D#2,73308,223,126
34,A#2,73531,223,126
39,D#3,73754,223,126
34,A#2,73977,223,126
42,F#3,74200,223,126
39,D#3,74423,223,126
46,A#3,74646,223,126
34,A#2,74869,223,126
27,D#2,75092,223,126
34,A#2,75315,223,126
39,D#3,75538,223,126
34,A#2,75761,223,126
42,F#3,75984,223,126
39,D#3,76207,223,126
46,A#3,76430,223,126
34,A#2,76653,223,126
27,D#2,76876,223,126
34,A#2,77099,223,126
39,D#3,77322,223,126
34,A#2,77545,223,126
25,C#2,77768,223,126
34,A#2,77991,223,126
39,D#3,78214,223,126
34,A#2,78437,223,126
24,C2,78660,179,126
30,F#2,78883,223,126
34,A#2,79106,223,126
30,F#2,79329,223,126
39,D#3,79552,223,126
34,A#2,79775,223,126
42,F#3,79998,223,126
30,F#2,80221,223,126
27,D#2,80444,223,126
34,A#2,80667,223,126
39,D#3,80890,223,126
42,F#3,81113,223,126
46,A#3,81336,223,126
42,F#3,81559,223,126
39,D#3,81782,223,126
34,A#2,82005,223,126
32,G#2,82228,223,126
39,D#3,82451,223,126
44,G#3,82674,223,126
39,D#3,82897,223,126
47,B3,83120,223,126
44,G#3,83343,223,126
51,D#4,83566,223,126
39,D#3,83789,223,126
22,A#1,84012,223,126
29,F2,84235,223,126
37,C#3,84458,223,126
34,A#2,84681,223,126
41,F3,84904,223,126
37,C#3,85127,223,126
46,A#3,85350,223,126
34,A#2,85573,223,126
27,D#2,85796,223,126
34,A#2,86019,223,126
39,D#3,86242,223,126
34,A#2,86465,223,126
42,F#3,86688,223,126
39,D#3,86911,223,126
46,A#3,87134,223,126
34,A#2,87357,223,126
25,C#2,87580,223,126
34,A#2,87803,223,126
37,C#3,88026,223,126
34,A#2,88249,223,126
41,F3,88472,223,126
37,C#3,88695,223,126
44,G#3,88918,223,126
34,A#2,89141,223,126
27,D#2,89364,223,126
34,A#2,89587,223,126
39,D#3,89810,223,126
34,A#2,90033,223,126
42,F#3,90256,223,126
39,D#3,90479,223,126
46,A#3,90702,223,126
34,A#2,90925,223,126
27,D#2,91148,223,126
34,A#2,91371,223,126
39,D#3,91594,223,126
34,A#2,91817,223,126
25,C#2,92040,223,126
34,A#2,92263,223,126
39,D#3,92486,223,126
34,A#2,92709,223,126
24,C2,92932,179,126
30,F#2,93155,223,126
34,A#2,93378,223,126
30,F#2,93601,223,126
39,D#3,93824,223,126
34,A#2,94047,223,126
42,F#3,94270,223,126
30,F#2,94493,223,126
27,D#2,94716,223,126
34,A#2,94939,223,126
39,D#3,95162,223,126
42,F#3,95385,223,126
46,A#3,95608,223,126
42,F#3,95831,223,126
39,D#3,96054,223,126
34,A#2,96277,223,126
32,G#2,96500,223,126
39,D#3,96723,223,126
44,G#3,96946,223,126
39,D#3,97169,223,126
47,B3,97392,223,126
44,G#3,97615,223,126
51,D#4,97838,223,126
39,D#3,98061,223,126
22,A#1,98284,223,126
29,F2,98507,223,126
37,C#3,98730,223,126
34,A#2,98953,223,126
41,F3,99176,223,126
37,C#3,99399,223,126
46,A#3,99622,223,126
34,A#2,99845,223,126
27,D#2,100068,223,126
34,A#2,100291,223,126
39,D#3,100514,223,126
34,A#2,100737,223,126
42,F#3,100960,223,126
39,D#3,101183,223,126
46,A#3,101406,223,126
34,A#2,101629,223,126
25,C#2,101852,223,126
34,A#2,102075,223,126
37,C#3,102298,223,126
34,A#2,102521,223,126
42,F#3,102744,223,126
37,C#3,102967,223,126
46,A#3,103190,223,126
29,F2,103413,223,126
30,F#2,103636,223,126
37,C#3,103859,223,126
42,F#3,104082,223,126
46,A#3,104305,223,126
54,F#4,104528,223,126
49,C#4,104751,223,126
46,A#3,104974,223,126
42,F#3,105197,223,126
27,D#2,105420,223,126
34,A#2,105643,223,126
39,D#3,105866,223,126
46,A#3,106089,223,126
49,C#4,106312,223,126
46,A#3,106535,223,126
41,F3,106758,223,126
37,C#3,106981,223,126
30,F#2,107204,223,126
37,C#3,107427,223,126
42,F#3,107650,223,126
37,C#3,107873,223,126
46,A#3,108096,223,126
42,F#3,108319,223,126
49,C#4,108542,223,126
34,A#2,108765,223,126
39,D#3,108988,140,126
46,A#3,109211,223,126
42,F#3,109434,223,126
34,A#2,109434,140,126
42,F#3,109657,223,126
46,A#3,109880,223,126
39,D#3,109880,140,126
42,F#3,110103,223,126
46,A#3,110326,223,126
34,A#2,110326,140,126
42,F#3,110549,223,126
46,A#3,110772,223,126
27,D#2,110772,140,126
46,A#3,110995,223,126
42,F#3,111218,223,126
34,A#2,111218,140,126
46,A#3,111441,223,126
42,F#3,111664,223,126
39,D#3,111664,140,126
42,F#3,111887,223,126
46,A#3,112110,223,126
34,A#2,112110,140,126
42,F#3,112333,223,126
46,A#3,112556,223,126
27,D#2,112556,140,126
46,A#3,112779,223,126
42,F#3,113002,223,126
34,A#2,113002,140,126
46,A#3,113225,223,126
42,F#3,113448,223,126
39,D#3,113448,140,126
42,F#3,113671,223,126
46,A#3,113894,223,126
34,A#2,113894,140,126
42,F#3,114117,223,126
46,A#3,114340,223,126
27,D#2,114340,140,126
46,A#3,114563,223,126
42,F#3,114786,223,126
34,A#2,114786,140,126
46,A#3,115009,223,126
42,F#3,115232,223,126
39,D#3,115232,140,126
42,F#3,115455,223,126
46,A#3,115678,223,126
34,A#2,115678,140,126
42,F#3,115901,223,126
46,A#3,116124,223,126
25,C#2,116124,140,126
46,A#3,116347,223,126
42,F#3,116570,223,126
30,F#2,116570,140,126
46,A#3,116793,223,126
42,F#3,117016,223,126
34,A#2,117016,140,126
46,A#3,117239,223,126
42,F#3,117462,223,126
37,C#3,117462,140,126
46,A#3,117685,223,126
42,F#3,117908,223,126
23,B1,117908,140,126
42,F#3,118131,223,126
39,D#3,118354,223,126
30,F#2,118354,140,126
42,F#3,118577,223,126
39,D#3,118800,223,126
35,B2,118800,140,126
42,F#3,119023,223,126
39,D#3,119246,223,126
30,F#2,119246,140,126
42,F#3,119469,223,126
39,D#3,119692,223,126
25,C#2,119692,140,126
44,G#3,119915,223,126
41,F3,120138,223,126
32,G#2,120138,140,126
41,F3,120361,223,126
44,G#3,120584,223,126
37,C#3,120584,140,126
44,G#3,120807,223,126
41,F3,121030,223,126
32,G#2,121030,140,126
44,G#3,121253,223,126
41,F3,121476,223,126
27,D#2,121476,140,126
46,A#3,121699,223,126
42,F#3,121922,223,126
34,A#2,121922,140,126
46,A#3,122145,223,126
42,F#3,122368,223,126
39,D#3,122368,223,126
41,F3,122591,223,126
42,F#3,122814,223,126
46,A#3,123037,223,126
25,C#2,123260,140,126
44,G#3,123483,223,126
41,F3,123706,223,126
32,G#2,123706,140,126
44,G#3,123929,223,126
41,F3,124152,223,126
37,C#3,124152,223,126
39,D#3,124375,223,126
41,F3,124598,223,126
44,G#3,124821,223,126
51,D#4,125044,223,126
58,A#4,125267,223,126
54,F#4,125490,223,126
58,A#4,125713,223,126
51,D#4,125936,223,126
58,A#4,126159,223,126
54,F#4,126382,223,126
58,A#4,126605,223,126
49,C#4,126828,223,126
58,A#4,127051,223,126
54,F#4,127274,223,126
58,A#4,127497,223,126
49,C#4,127720,223,126
58,A#4,127943,223,126
54,F#4,128166,223,126
58,A#4,128389,223,126
51,D#4,128612,223,126
58,A#4,128835,223,126
54,F#4,129058,223,126
58,A#4,129281,223,126
51,D#4,129504,223,126
58,A#4,129727,223,126
54,F#4,129950,223,126
58,A#4,130173,223,126
49,C#4,130396,223,126
58,A#4,130619,223,126
54,F#4,130842,223,126
58,A#4,131065,223,126
49,C#4,131288,223,126
58,A#4,131511,223,126
54,F#4,131734,223,126
58,A#4,131957,223,126
47,B3,132180,223,126
54,F#4,132403,223,126
51,D#4,132626,223,126
54,F#4,132849,223,126
47,B3,133072,223,126
54,F#4,133295,223,126
51,D#4,133518,223,126
54,F#4,133741,223,126
49,C#4,133964,223,126
56,G#4,134187,223,126
53,F4,134410,223,126
56,G#4,134633,223,126
49,C#4,134856,223,126
56,G#4,135079,223,126
54,F#4,135302,223,126
56,G#4,135525,223,126
51,D#4,135748,223,126
58,A#4,135971,223,126
54,F#4,136194,223,126
58,A#4,136417,223,126
51,D#4,136640,223,126
53,F4,136863,223,126
54,F#4,137086,223,126
58,A#4,137309,223,126
63,D#5,137532,223,126
65,F5,137755,223,126
66,F#5,137978,223,126
70,A#5,138201,201,126
34,A#2,139257,62,126
46,A#3,139319,447,126
42,F#3,139766,447,126
39,D#3,139766,447,126
42,F#3,139766,447,126
39,D#3,140213,447,126
46,A#3,140213,447,126
42,F#3,140213,447,126
39,D#3,140660,447,126
46,A#3,140660,447,126
42,F#3,140660,385,126
39,D#3,141045,385,126
46,A#3,141045,385,126
34,A#2,141045,62,126
42,F#3,141107,447,126
39,D#3,141554,447,126
46,A#3,141554,447,126
42,F#3,141554,447,126
39,D#3,142001,447,126
46,A#3,142001,447,126
42,F#3,142001,447,126
39,D#3,142448,447,126
46,A#3,142448,447,126
42,F#3,142448,447,126
39,D#3,142895,447,126
46,A#3,142895,447,126
46,A#3,142895,447,126
42,F#3,143342,447,126
39,D#3,143342,447,126
42,F#3,143342,447,126
39,D#3,143789,447,126
46,A#3,143789,447,126
42,F#3,143789,447,126
39,D#3,144236,447,126
46,A#3,144236,447,126
42,F#3,144236,447,126
39,D#3,144683,447,126
46,A#3,144683,447,126
41,F3,144683,447,126
37,C#3,145130,447,126
44,G#3,145130,447,126
41,F3,145130,447,126
37,C#3,145577,447,126
44,G#3,145577,447,126
41,F3,145577,447,126
37,C#3,146024,447,126
44,G#3,146024,447,126
41,F3,146024,447,126
37,C#3,146471,447,126
44,G#3,146471,447,126
39,D#3,146471,447,126
46,A#3,146918,447,126
42,F#3,146918,447,126
42,F#3,146918,447,126
39,D#3,147365,447,126
46,A#3,147365,447,126
42,F#3,147365,447,126
39,D#3,147812,447,126
46,A#3,147812,447,126
42,F#3,147812,447,126
39,D#3,148259,447,126
46,A#3,148259,447,126
41,F3,148259,447,126
37,C#3,148706,447,126
44,G#3,148706,447,126
41,F3,148706,447,126
37,C#3,149153,447,126
44,G#3,149153,447,126
41,F3,149153,447,126
37,C#3,149600,447,126
44,G#3,149600,447,126
41,F3,149600,447,126
37,C#3,150047,447,126
44,G#3,150047,447,126
39,D#3,150047,447,126
35,B2,150494,447,126
42,F#3,150494,447,126
39,D#3,150494,447,126
35,B2,150941,447,126
42,F#3,150941,447,126
39,D#3,150941,447,126
35,B2,151388,447,126
42,F#3,151388,447,126
39,D#3,151388,447,126
35,B2,151835,447,126
42,F#3,151835,447,126
41,F3,151835,447,126
37,C#3,152282,447,126
44,G#3,152282,447,126
41,F3,152282,447,126
37,C#3,152729,447,126
44,G#3,152729,447,126
41,F3,152729,447,126
37,C#3,153176,447,126
44,G#3,153176,447,126
41,F3,153176,447,126
37,C#3,153623,447,126
44,G#3,153623,447,126
27,D#2,153623,223,126
39,D#3,153846,223,126
27,D#2,154069,223,126
27,D#2,154069,447,126
39,D#3,154516,447,126
39,D#3,154516,671,126
27,D#2,155187,671,126
37,C#3,155187,223,126
25,C#2,155410,223,126
37,C#3,155410,447,126
25,C#2,155857,447,126
37,C#3,155857,671,126
25,C#2,156528,671,126
34,A#2,156528,223,126
41,F3,156751,223,126
37,C#3,156974,223,126
27,D#2,156974,447,126
30,F#2,157421,223,126
18,F#1,157644,223,126
34,A#2,157644,223,126
22,A#1,157867,223,126
42,F#3,157867,223,126
30,F#2,158090,223,126
39,D#3,158090,617,126
27,D#2,158707,617,126
39,D#3,158707,54,126
27,D#2,158761,54,126
29,F2,158761,447,126
41,F3,159208,447,126
39,D#3,159208,223,126
27,D#2,159431,223,126
37,C#3,159431,447,126
25,C#2,159878,447,126
37,C#3,159878,671,126
25,C#2,160549,671,126
27,D#2,160549,447,126
30,F#2,160996,223,126
18,F#1,161219,223,126
34,A#2,161219,223,126
22,A#1,161442,223,126
42,F#3,161442,223,126
30,F#2,161665,223,126
39,D#3,161665,617,126
27,D#2,162282,617,126
39,D#3,162282,54,126
27,D#2,162336,54,126
29,F2,162336,447,126
41,F3,162783,447,126
39,D#3,162783,223,126
27,D#2,163006,223,126
37,C#3,163006,671,126
25,C#2,163677,671,126
34,A#2,163677,223,126
41,F3,163900,447,126
37,C#3,164347,447,126
23,B1,164347,223,126
35,B2,164570,223,126
23,B1,164793,223,126
35,B2,164793,447,126
23,B1,165240,447,126
35,B2,165240,671,126
23,B1,165911,671,126
37,C#3,165911,223,126
25,C#2,166134,223,126
37,C#3,166134,447,126
25,C#2,166581,447,126
37,C#3,166581,671,126
25,C#2,167252,671,126
37,C#3,167252,223,126
44,G#3,167475,447,126
41,F3,167922,447,126
27,D#2,167922,223,126
30,F#2,168145,223,126
18,F#1,168368,223,126
34,A#2,168368,223,126
22,A#1,168591,223,126
42,F#3,168591,223,126
30,F#2,168814,223,126
27,D#2,168814,617,126
39,D#3,169431,617,126
39,D#3,169431,54,126
27,D#2,169485,54,126
29,F2,169485,447,126
41,F3,169932,447,126
39,D#3,169932,223,126
27,D#2,170155,223,126
37,C#3,170155,447,126
25,C#2,170602,447,126
25,C#2,170602,895,126
37,C#3,171497,895,126
39,D#3,171497,1611,126
27,D#2,173108,1611,126