57,A4,352,331,80
72,C6,705,352,80
60,C5,1057,353,80
69,A5,1057,331,80
67,G5,1410,331,80
64,E5,1763,331,80
60,C5,2116,352,80
72,C6,2468,353,80
62,D5,2468,331,80
72,C6,3527,331,80
62,D5,4233,59,80
64,E5,4292,272,80
60,C5,4586,331,80
72,C6,4939,352,80
62,D5,5291,353,80
57,A4,5291,330,80
57,A4,5996,331,80
72,C6,6349,352,80
60,C5,6701,353,80
69,A5,6701,331,80
67,G5,7054,331,80
64,E5,7407,331,80
72,C6,7760,352,80
62,D5,8112,353,80
64,E5,8112,331,80
60,C5,9171,705,89
72,C6,9876,706,80
64,E5,9876,59,80
65,F5,9935,272,80
64,E5,10229,331,80
72,C6,10582,352,80
62,D5,10934,353,80
64,E5,10934,176,80
48,C4,11110,176,92
48,C4,11110,162,92
52,E4,11287,58,80
48,C4,11345,58,92
53,F4,11345,59,80
57,A4,11404,66,80
60,C5,11470,170,80
45,A3,11640,352,92
57,A4,11992,352,80
72,C6,11992,176,80
60,C5,12168,176,80
48,C4,12168,177,92
48,C4,12168,162,92
69,A5,12344,176,80
48,C4,12520,177,92
50,D4,12520,162,92
56,G#4,12696,58,80
47,B3,12754,59,92
59,B4,12754,59,80
62,D5,12813,66,80
67,G5,12879,169,80
47,B3,13048,352,92
64,E5,13400,353,80
48,C4,13400,352,92
72,C6,13752,352,80
60,C5,13752,353,80
62,D5,13752,331,80
55,G4,14105,59,80
57,A4,14164,59,80
60,C5,14223,66,80
64,E5,14289,162,80
45,A3,14635,161,92
72,C6,14811,176,80
48,C4,14987,176,92
48,C4,14987,162,92
48,C4,15164,162,92
48,C4,15340,162,92
53,F4,15517,58,80
48,C4,15575,59,92
58,A#4,15575,59,80
62,D5,15634,66,80
64,E5,15700,169,80
60,C5,15869,352,80
45,A3,16221,353,92
72,C6,16221,176,80
62,D5,16397,176,80
53,F4,16397,176,92
52,E4,16397,162,92
57,A4,16574,176,80
50,D4,16750,176,92
48,C4,16750,162,92
52,E4,16927,58,80
45,A3,16985,58,92
53,F4,16985,59,80
57,A4,17044,59,80
43,G3,17103,183,92
60,C5,17286,170,80
57,A4,17286,176,80
43,G3,17462,162,92
72,C6,17639,176,80
60,C5,17815,176,80
48,C4,17815,176,92
48,C4,17815,162,92
69,A5,17991,176,80
48,C4,18167,177,92
50,D4,18167,162,92
56,G#4,18343,58,80
47,B3,18401,59,92
59,B4,18401,59,80
62,D5,18460,66,80
67,G5,18526,169,80
47,B3,18695,352,92
64,E5,19047,353,80
48,C4,19047,352,92
72,C6,19399,352,80
62,D5,19399,353,80
64,E5,19399,331,80
55,G4,19752,59,80
57,A4,19811,59,80
60,C5,19870,66,80
64,E5,19936,162,80
45,A3,20282,161,92
72,C6,20458,176,80
48,C4,20634,177,92
48,C4,20634,161,92
48,C4,20810,162,92
48,C4,20986,162,92
55,G4,21163,88,80
48,C4,21251,88,92
58,A#4,21251,96,80
65,F5,21347,169,80
64,E5,21516,352,80
45,A3,21868,353,92
45,A3,21868,352,92
72,C6,22220,352,80
62,D5,22220,353,80
64,E5,22220,331,80
52,E4,22573,59,80
53,F4,22632,58,80
57,A4,22690,67,80
60,C5,22757,169,80
57,A4,22926,176,80
43,G3,23102,176,92
43,G3,23102,162,92
48,C4,23279,176,92
72,C6,23455,176,80
60,C5,23455,176,80
48,C4,23455,162,92
69,A5,23632,176,80
48,C4,23808,176,92
50,D4,23808,162,92
56,G#4,23984,58,80
47,B3,24042,59,92
59,B4,24042,59,80
62,D5,24101,66,80
67,G5,24167,169,80
47,B3,24336,352,92
64,E5,24688,353,80
48,C4,24688,352,92
72,C6,25040,352,80
60,C5,25040,353,80
62,D5,25040,331,80
55,G4,25393,59,80
57,A4,25452,59,80
60,C5,25511,66,80
64,E5,25577,162,80
72,C6,26099,176,80
48,C4,26275,177,92
48,C4,26275,161,92
48,C4,26451,162,92
48,C4,26628,161,92
53,F4,26804,58,80
48,C4,26862,59,92
58,A#4,26862,59,80
62,D5,26921,66,80
64,E5,26987,169,80
60,C5,27156,352,80
45,A3,27508,353,92
72,C6,27508,176,80
62,D5,27684,176,80
53,F4,27684,176,92
52,E4,27684,162,92
57,A4,27861,176,80
50,D4,28037,176,92
48,C4,28037,162,92
52,E4,28214,58,80
45,A3,28272,59,92
53,F4,28272,58,80
57,A4,28330,59,80
43,G3,28389,184,92
60,C5,28573,169,80
57,A4,28573,176,80
43,G3,28749,162,92
72,C6,28926,176,80
60,C5,29102,176,80
48,C4,29102,176,92
48,C4,29102,162,92
69,A5,29279,176,80
48,C4,29455,176,92
50,D4,29455,162,92
56,G#4,29632,58,80
47,B3,29690,58,92
59,B4,29690,59,80
62,D5,29749,66,80
67,G5,29815,169,80
47,B3,29984,352,92
64,E5,30336,353,80
48,C4,30336,352,92
62,D5,30688,352,80
72,C6,30688,353,80
64,E5,30688,331,80
55,G4,31041,59,80
57,A4,31100,59,80
60,C5,31159,66,80
64,E5,31225,162,80
45,A3,31571,161,92
72,C6,31747,176,80
48,C4,31923,177,92
48,C4,31923,161,92
48,C4,32099,162,92
48,C4,32276,161,92
55,G4,32452,88,80
48,C4,32540,88,92
58,A#4,32540,96,80
65,F5,32636,169,80
64,E5,32805,352,80
45,A3,33157,353,92
72,C6,33157,88,80
67,G5,33245,88,80
64,E5,33245,88,80
62,D5,33333,89,80
60,C5,33422,88,80
64,E5,33510,88,80
57,A4,33598,88,80
55,G4,33598,88,80
52,E4,33686,89,80
50,D4,33775,88,80
53,F4,33863,352,80
48,C4,34215,352,80
52,E4,34215,352,80
57,A4,34215,353,92
57,A4,34215,162,92
57,A4,34391,529,92
53,F4,34920,529,80
48,C4,34920,529,80
52,E4,34920,530,80
59,B4,34920,161,92
57,A4,35096,177,92
44,G#3,35273,352,80
47,B3,35625,352,80
50,D4,35625,352,80
52,E4,35625,353,80
55,G4,35625,161,92
52,E4,35801,176,92
45,A3,35977,81,80
44,G#3,36154,81,80
48,C4,36507,162,92
50,D4,36683,331,92
48,C4,37036,162,92
50,D4,37213,500,92
52,E4,37742,162,92
52,E4,37919,500,92
50,D4,38448,162,92
48,C4,38625,500,92
45,A3,39154,162,92
45,A3,39330,162,92
53,F4,39507,352,80
48,C4,39859,352,80
52,E4,39859,352,80
57,A4,39859,353,92
57,A4,39859,162,92
57,A4,40035,529,92
53,F4,40564,529,80
48,C4,40564,529,80
52,E4,40564,530,80
59,B4,40564,161,92
57,A4,40740,177,92
44,G#3,40917,352,80
47,B3,41269,352,80
50,D4,41269,352,80
52,E4,41269,353,80
55,G4,41269,161,92
52,E4,41445,177,92
45,A3,41622,80,80
44,G#3,41798,81,80
50,D4,42327,331,92
48,C4,42680,162,92
52,E4,42857,331,92
48,C4,43210,162,92
48,C4,43386,162,92
48,C4,43563,500,92
45,A3,44092,331,92
55,G4,44445,88,80
52,E4,44533,89,80
50,D4,44622,88,80
48,C4,44710,88,80
48,C4,44798,88,92
45,A3,44886,88,80
43,G3,44886,88,80
48,C4,44974,88,92
40,E3,45062,89,80
38,D3,45062,88,80
53,F4,45150,352,80
48,C4,45502,352,80
52,E4,45502,352,80
57,A4,45502,353,92
57,A4,45502,162,92
57,A4,45678,352,92
53,F4,46030,352,80
48,C4,46030,352,80
52,E4,46030,353,80
59,B4,46030,331,92
60,C5,46383,177,92
44,G#3,46560,352,80
47,B3,46912,352,80
50,D4,46912,352,80
52,E4,46912,353,80
59,B4,46912,353,92
45,A3,47265,80,80
44,G#3,47441,81,80
48,C4,47794,162,92
50,D4,47970,331,92
48,C4,48323,162,92
50,D4,48500,331,92
52,E4,48853,331,92
53,F4,49206,162,92
52,E4,49382,669,92
53,F4,50088,162,92
52,E4,50265,161,92
50,D4,50441,162,92
48,C4,50618,161,92
52,E4,50794,352,80
53,F4,51146,352,80
48,C4,51146,353,92
45,A3,51146,176,92
53,F4,51322,882,80
48,C4,52204,882,80
52,E4,52204,883,80
47,B3,52204,529,80
50,D4,52733,529,80
52,E4,52733,529,80
43,G3,52733,162,92
53,F4,52910,161,92
52,E4,53086,162,92
50,D4,53263,161,92
48,C4,53439,162,92
52,E4,53616,58,80
48,C4,53674,58,92
55,G4,53674,59,80
57,A4,53733,66,80
60,C5,53799,169,80
50,D4,53968,162,92
52,E4,54145,1507,92
55,G4,55733,331,92
57,A4,56086,331,92
60,C5,56439,58,80
55,G4,56497,59,92
64,E5,56497,59,80
65,F5,56556,59,80
52,E4,56615,183,92
69,A5,56798,169,80
57,A4,56798,331,80
45,A3,57151,352,80
48,C4,57503,352,80
57,A4,57503,352,80
60,C5,57503,353,80
69,A5,57503,176,80
52,E4,57679,176,92
52,E4,57679,177,92
56,G#4,57856,59,80
59,B4,57915,58,80
62,D5,57973,59,80
52,E4,58032,184,92
67,G5,58216,169,80
64,E5,58216,352,80
55,G4,58568,353,92
50,D4,58568,176,80
44,G#3,58744,176,80
47,B3,58744,176,80
60,C5,58744,176,80
55,G4,58744,176,80
52,E4,58744,162,92
62,D5,58921,352,80
52,E4,59273,353,92
55,G4,59273,58,80
52,E4,59331,58,92
57,A4,59331,59,80
60,C5,59390,66,80
64,E5,59456,170,80
52,E4,59626,161,92
52,E4,59802,176,92
48,C4,59978,176,80
57,A4,60154,176,80
60,C5,60154,177,80
52,E4,60154,162,92
55,G4,60330,331,92
53,F4,60683,58,80
55,G4,60741,59,92
58,A#4,60741,59,80
62,D5,60800,59,80
52,E4,60859,183,92
64,E5,61042,169,80
60,C5,61042,331,80
55,G4,61395,59,80
58,A#4,61454,59,80
60,C5,61513,66,80
64,E5,61579,169,80
57,A4,61748,331,80
60,C5,62101,58,80
55,G4,62159,59,92
64,E5,62159,59,80
65,F5,62218,59,80
52,E4,62277,183,92
69,A5,62460,169,80
57,A4,62460,331,80
45,A3,62813,352,80
48,C4,63165,352,80
57,A4,63165,352,80
60,C5,63165,353,80
69,A5,63165,176,80
52,E4,63341,176,92
52,E4,63341,162,92
56,G#4,63518,58,80
52,E4,63576,59,92
59,B4,63576,59,80
62,D5,63635,58,80
52,E4,63693,184,92
67,G5,63877,169,80
55,G4,63877,352,92
64,E5,64229,353,80
59,B4,64229,352,80
50,D4,64581,352,80
56,G#4,64581,352,80
62,D5,64581,352,80
55,G4,64581,353,80
64,E5,64581,352,80
52,E4,64933,353,92
55,G4,64933,58,80
53,F4,64991,58,92
57,A4,64991,59,80
60,C5,65050,66,80
64,E5,65116,170,80
52,E4,65286,161,92
50,D4,65462,177,92
52,E4,65639,176,80
57,A4,65815,176,80
60,C5,65815,176,80
48,C4,65815,162,92
50,D4,65991,331,92
52,E4,66344,58,92
55,G4,66402,59,80
58,A#4,66402,59,80
62,D5,66461,66,80
65,F5,66527,169,80
64,E5,66696,331,80
55,G4,67049,58,80
48,C4,67107,59,92
58,A#4,67107,59,80
60,C5,67166,66,80
64,E5,67232,169,80
52,E4,67401,352,92
67,G5,67753,353,80
60,C5,67753,59,80
64,E5,67812,59,80
65,F5,67871,66,80
69,A5,67937,169,80
52,E4,68106,176,92
57,A4,68282,177,80
50,D4,68282,176,92
52,E4,68458,176,80
57,A4,68634,176,80
60,C5,68634,177,80
48,C4,68634,161,92
69,A5,68810,176,80
45,A3,68986,176,92
48,C4,68986,177,92
56,G#4,69163,59,80
59,B4,69222,59,80
62,D5,69281,66,80
67,G5,69347,169,80
64,E5,69516,176,80
52,E4,69692,176,92
50,D4,69692,177,92
47,B3,69869,176,80
56,G#4,70045,176,80
60,C5,70045,176,80
48,C4,70045,162,92
62,D5,70222,352,80
45,A3,70574,353,92
55,G4,70574,59,80
57,A4,70633,58,80
60,C5,70691,67,80
64,E5,70758,169,80
52,E4,70927,161,92
50,D4,71103,177,92
52,E4,71280,176,80
57,A4,71456,176,80
60,C5,71456,176,80
48,C4,71456,162,92
45,A3,71633,161,92
48,C4,71809,176,92
53,F4,71985,59,80
58,A#4,72044,59,80
62,D5,72103,66,80
64,E5,72169,169,80
45,A3,72338,352,92
60,C5,72690,353,80
57,A4,72690,89,80
60,C5,72779,95,80
64,E5,72874,169,80
57,A4,73043,352,80
55,G4,73395,353,92
55,G4,73395,58,92
60,C5,73453,59,80
64,E5,73453,59,80
65,F5,73512,59,80
52,E4,73571,183,92
69,A5,73754,169,80
57,A4,73754,331,80
45,A3,74107,352,80
48,C4,74459,352,80
57,A4,74459,352,80
60,C5,74459,353,80
69,A5,74459,176,80
52,E4,74635,177,92
52,E4,74635,161,92
56,G#4,74811,58,80
52,E4,74869,59,92
59,B4,74869,59,80
62,D5,74928,66,80
67,G5,74994,169,80
64,E5,75163,176,80
57,A4,75339,176,92
52,E4,75339,162,92
62,D5,75516,352,80
55,G4,75868,352,80
59,B4,75868,352,80
50,D4,75868,352,80
56,G#4,75868,353,80
64,E5,75868,176,80
52,E4,76044,176,92
52,E4,76044,162,92
55,G4,76221,58,80
53,F4,76279,59,92
57,A4,76279,58,80
60,C5,76337,67,80
64,E5,76404,169,80
52,E4,76573,161,92
50,D4,76749,177,92
52,E4,76926,176,80
57,A4,77102,176,80
60,C5,77102,176,80
50,D4,77102,162,92
50,D4,77279,330,92
53,F4,77632,58,80
50,D4,77690,58,92
55,G4,77690,59,80
58,A#4,77749,59,80
48,C4,77808,536,92
62,D5,78344,522,80
55,G4,78344,89,80
52,E4,78433,88,80
50,D4,78521,88,80
48,C4,78609,66,80
52,E4,78697,88,92
45,A3,78785,89,80
43,G3,78785,88,80
40,E3,78873,88,80
38,D3,78961,88,80
52,E4,79049,705,80
64,E5,79754,706,80
52,E4,79754,705,80
53,F4,80459,705,80
57,A4,80459,705,80
60,C5,80459,705,80
64,E5,80459,706,80
67,G5,80459,352,80
55,G4,80811,353,80
53,F4,80811,352,80
65,F5,81163,353,80
56,G#4,81163,352,80
59,B4,81515,352,80
62,D5,81515,352,80
64,E5,81515,352,80
52,E4,81515,353,80
50,D4,81515,352,80
62,D5,81867,353,80
50,D4,81867,705,80
62,D5,82572,706,80
52,E4,82572,705,80
55,G4,83277,705,80
57,A4,83277,705,80
60,C5,83277,705,80
64,E5,83277,706,80
48,C4,83277,705,80
60,C5,83982,705,80
48,C4,83982,352,80
52,E4,84334,352,80
55,G4,84334,352,80
58,A#4,84334,352,80
60,C5,84334,353,80
52,E4,84334,352,80
64,E5,84686,353,80
52,E4,84686,705,80
64,E5,85391,706,80
52,E4,85391,705,80
53,F4,86096,705,80
57,A4,86096,705,80
60,C5,86096,705,80
64,E5,86096,706,80
67,G5,86096,352,80
55,G4,86448,353,80
53,F4,86448,352,80
65,F5,86800,353,80
64,E5,86800,352,80
52,E4,87152,352,80
56,G#4,87152,352,80
59,B4,87152,352,80
62,D5,87152,353,80
50,D4,87152,352,80
62,D5,87504,353,80
50,D4,87504,705,80
62,D5,88209,706,80
52,E4,88209,705,80
55,G4,88914,705,80
57,A4,88914,705,80
60,C5,88914,705,80
64,E5,88914,706,80
52,E4,88914,705,80
64,E5,89619,706,80
60,C5,89619,352,80
48,C4,89971,352,80
52,E4,89971,352,80
55,G4,89971,352,80
58,A#4,89971,352,80
52,E4,89971,352,80
64,E5,90323,353,80
52,E4,90323,705,80
64,E5,91028,706,80
53,F4,91028,705,80
57,A4,91733,705,80
60,C5,91733,705,80
64,E5,91733,705,80
52,E4,91733,706,80
67,G5,91733,352,80
55,G4,92085,353,80
53,F4,92085,352,80
65,F5,92437,353,80
56,G#4,92437,352,80
59,B4,92789,352,80
62,D5,92789,352,80
64,E5,92789,352,80
52,E4,92789,353,80
50,D4,92789,352,80
62,D5,93141,353,80
50,D4,93141,705,80
62,D5,93846,706,80
52,E4,93846,705,80
55,G4,94551,705,80
57,A4,94551,705,80
60,C5,94551,705,80
64,E5,94551,706,80
48,C4,94551,705,80
60,C5,95256,706,80
48,C4,95256,352,80
52,E4,95608,352,80
55,G4,95608,352,80
58,A#4,95608,352,80
60,C5,95608,353,80
52,E4,95608,705,80
64,E5,96313,705,80
64,E5,96313,176,80
52,E4,96489,177,80
62,D5,96489,176,80
50,D4,96665,176,80
52,E4,96665,176,80
53,F4,96841,177,80
60,C5,96841,176,80
48,C4,97017,176,80
57,A4,97017,176,80
45,A3,97193,177,80
48,C4,97193,529,80
60,C5,97722,529,80
64,E5,97722,176,80
52,E4,97898,177,80
50,D4,97898,176,80
62,D5,98074,176,80
47,B3,98074,176,80
52,E4,98250,176,80
56,G#4,98250,177,80
60,C5,98250,176,80
48,C4,98426,176,80
57,A4,98426,705,80
45,A3,99131,706,80
64,E5,99131,176,80
52,E4,99307,176,80
50,D4,99307,176,80
62,D5,99483,177,80
52,E4,99483,176,80
55,G4,99659,176,80
60,C5,99659,176,80
48,C4,99835,177,80
57,A4,99835,176,80
45,A3,100011,176,80
48,C4,100011,529,80
60,C5,100540,530,80
45,A3,100540,352,80
57,A4,100892,353,80
55,G4,100892,88,80
52,E4,100980,88,80
50,D4,101068,88,80
48,C4,101156,89,80
45,A3,101245,88,80
43,G3,101333,88,80
40,E3,101421,88,80
38,D3,101509,89,80
36,C3,101598,669,80
--end--
57,A4,0,529,71
48,C4,529,529,71
52,E4,529,529,71
53,F4,529,529,71
53,F4,529,352,71
48,C4,881,352,71
52,E4,881,353,71
38,D3,881,500,71
56,G#4,1410,529,71
47,B3,1939,529,71
50,D4,1939,529,71
52,E4,1939,530,71
40,E3,1939,161,71
45,A3,2115,81,71
44,G#3,2292,80,71
40,E3,2468,331,71
52,E4,2821,529,71
43,G3,3350,529,71
45,A3,3350,529,71
48,C4,3350,529,71
52,E4,3350,352,71
43,G3,3702,352,71
45,A3,3702,352,71
48,C4,3702,353,71
52,E4,3702,529,71
43,G3,4231,529,71
45,A3,4231,529,71
48,C4,4231,530,71
50,D4,4231,705,71
41,F3,4936,705,71
43,G3,4936,705,71
46,A#3,4936,706,71
43,G3,4936,58,71
46,A#3,4994,59,71
48,C4,5053,66,71
52,E4,5119,162,71
57,A4,5642,529,71
48,C4,6171,529,71
52,E4,6171,529,71
53,F4,6171,529,71
48,C4,6171,352,71
52,E4,6523,352,71
53,F4,6523,353,71
38,D3,6523,500,71
56,G#4,7052,529,71
47,B3,7581,529,71
50,D4,7581,529,71
52,E4,7581,530,71
40,E3,7581,161,71
45,A3,7757,81,71
44,G#3,7934,81,71
40,E3,8110,331,71
52,E4,8463,529,71
43,G3,8992,529,71
45,A3,8992,529,71
48,C4,8992,529,71
45,A3,8992,352,71
48,C4,9344,352,71
52,E4,9344,352,71
43,G3,9344,353,71
43,G3,9344,529,71
45,A3,9873,529,71
48,C4,9873,529,71
52,E4,9873,530,71
50,D4,9873,705,71
41,F3,10578,705,71
43,G3,10578,705,71
46,A#3,10578,706,71
43,G3,10578,59,71
46,A#3,10637,58,71
48,C4,10695,67,71
52,E4,10762,161,71
45,A3,11284,529,80
41,F3,11813,529,80
40,E3,11813,162,80
38,D3,12166,500,80
44,G#3,12695,529,80
40,E3,13224,530,80
40,E3,13224,162,80
45,A3,13400,81,80
44,G#3,13577,81,80
40,E3,13753,331,80
43,G3,14106,529,80
33,A2,14635,529,80
40,E3,14635,530,80
40,E3,14635,352,80
33,A2,14987,352,80
33,A2,14987,529,80
40,E3,15516,529,80
43,G3,15516,530,80
31,G2,15516,88,80
38,D3,15604,96,80
41,F3,15700,161,80
36,C3,16222,88,80
43,G3,16310,96,80
46,A#3,16406,161,80
45,A3,16928,529,80
41,F3,17457,529,80
40,E3,17457,162,80
38,D3,17810,500,80
44,G#3,18339,529,80
40,E3,18868,530,80
40,E3,18868,162,80
45,A3,19044,81,80
44,G#3,19221,81,80
40,E3,19397,331,80
43,G3,19750,529,80
33,A2,20279,529,80
40,E3,20279,530,80
40,E3,20279,352,80
33,A2,20631,353,80
33,A2,20631,529,80
40,E3,21160,529,80
43,G3,21160,529,80
31,G2,21160,88,80
38,D3,21248,96,80
41,F3,21344,162,80
31,G2,21866,88,80
36,C3,21954,96,80
40,E3,22050,161,80
45,A3,22572,529,80
41,F3,23101,529,80
40,E3,23101,162,80
38,D3,23454,500,80
44,G#3,23983,529,80
40,E3,24512,530,80
40,E3,24512,162,80
45,A3,24688,81,80
44,G#3,24865,81,80
40,E3,25041,331,80
40,E3,25394,529,80
43,G3,25923,529,80
33,A2,25923,530,80
40,E3,25923,352,80
33,A2,26275,353,80
33,A2,26275,529,80
40,E3,26804,529,80
43,G3,26804,529,80
31,G2,26804,88,80
38,D3,26892,96,80
41,F3,26988,162,80
36,C3,27510,88,80
43,G3,27598,96,80
46,A#3,27694,161,80
45,A3,28216,529,80
41,F3,28745,529,80
40,E3,28745,162,80
38,D3,29098,500,80
44,G#3,29628,529,80
40,E3,30157,529,80
40,E3,30157,162,80
45,A3,30333,81,80
44,G#3,30510,81,80
40,E3,30686,331,80
43,G3,31039,529,80
33,A2,31568,529,80
40,E3,31568,530,80
40,E3,31568,352,80
33,A2,31920,353,80
43,G3,31920,529,80
33,A2,32449,529,80
40,E3,32449,529,80
31,G2,32449,88,80
38,D3,32537,96,80
41,F3,32633,162,80
31,G2,33155,88,80
36,C3,33243,96,80
40,E3,33339,169,80
45,A3,33508,331,80
41,F3,33861,529,80
29,F2,34390,529,80
41,F3,34390,162,80
29,F2,34567,161,80
38,D3,34743,500,80
40,E3,35273,529,80
28,E2,35802,529,80
40,E3,35802,162,80
28,E2,35978,331,80
40,E3,36331,331,80
45,A3,36684,529,80
33,A2,37213,529,80
40,E3,37213,529,80
43,G3,37213,530,80
40,E3,37213,176,80
43,G3,37389,176,80
45,A3,37389,176,80
33,A2,37389,162,80
40,E3,37566,529,80
43,G3,38095,529,80
45,A3,38095,529,80
31,G2,38095,88,80
38,D3,38183,88,80
41,F3,38183,96,80
46,A#3,38279,162,80
43,G3,38625,161,80
36,C3,38801,88,80
31,G2,38889,88,80
40,E3,38889,96,80
46,A#3,38985,169,80
43,G3,39154,331,80
41,F3,39507,529,80
29,F2,40036,529,80
41,F3,40036,162,80
29,F2,40213,162,80
38,D3,40389,500,80
40,E3,40919,529,80
28,E2,41448,529,80
40,E3,41448,162,80
28,E2,41625,330,80
40,E3,41977,331,80
33,A2,42330,529,80
40,E3,42859,529,80
43,G3,42859,529,80
45,A3,42859,530,80
43,G3,42859,176,80
45,A3,43035,176,80
40,E3,43035,176,80
33,A2,43035,162,80
40,E3,43212,529,80
43,G3,43741,529,80
45,A3,43741,529,80
43,G3,43741,162,80
45,A3,43918,161,80
43,G3,44094,162,80
40,E3,44271,161,80
38,D3,44447,162,80
36,C3,44624,161,80
33,A2,44800,162,80
31,G2,44976,162,80
41,F3,45153,529,80
29,F2,45682,529,80
41,F3,45682,162,80
29,F2,45859,162,80
38,D3,46035,500,80
40,E3,46565,529,80
28,E2,47094,529,80
40,E3,47094,162,80
28,E2,47271,330,80
40,E3,47624,330,80
45,A3,47976,529,80
33,A2,48505,529,80
40,E3,48505,529,80
43,G3,48505,530,80
45,A3,48505,176,80
40,E3,48681,176,80
43,G3,48681,176,80
33,A2,48681,162,80
45,A3,48858,529,80
40,E3,49387,529,80
43,G3,49387,529,80
31,G2,49387,88,80
38,D3,49475,88,80
41,F3,49475,96,80
46,A#3,49571,162,80
43,G3,49917,161,80
36,C3,50093,88,80
31,G2,50181,88,80
40,E3,50181,96,80
46,A#3,50277,169,80
43,G3,50446,331,80
29,F2,50799,162,80
41,F3,50975,162,80
29,F2,51152,162,80
41,F3,51328,162,80
29,F2,51505,162,80
41,F3,51681,162,80
29,F2,51858,162,80
41,F3,52034,162,80
28,E2,52211,162,86
40,E3,52387,162,86
28,E2,52564,161,86
40,E3,52740,162,86
28,E2,52917,161,86
40,E3,53093,162,86
28,E2,53270,161,86
40,E3,53446,162,86
33,A2,53623,161,89
45,A3,53799,162,89
33,A2,53975,162,89
45,A3,54152,162,89
33,A2,54328,162,89
45,A3,54505,162,89
33,A2,54681,162,89
45,A3,54858,162,89
31,G2,55034,89,92
43,G3,55123,88,92
31,G2,55211,88,92
43,G3,55299,88,92
31,G2,55387,88,92
43,G3,55475,89,92
31,G2,55564,88,92
43,G3,55652,88,92
31,G2,55740,705,92
43,G3,56445,706,92
41,F3,56445,352,80
29,F2,56797,352,80
36,C3,56797,353,80
29,F2,56797,162,80
41,F3,56973,162,80
41,F3,57150,352,96
29,F2,57502,352,96
36,C3,57502,353,96
29,F2,57502,162,80
41,F3,57678,162,80
40,E3,57855,352,80
28,E2,58207,352,80
35,B2,58207,353,80
28,E2,58207,162,80
40,E3,58383,162,80
40,E3,58560,352,96
28,E2,58912,352,96
35,B2,58912,353,96
28,E2,58912,161,80
40,E3,59088,162,80
45,A3,59265,352,80
33,A2,59617,352,80
40,E3,59617,353,80
33,A2,59617,161,80
45,A3,59793,162,80
45,A3,59969,352,96
33,A2,60321,352,96
40,E3,60321,353,96
33,A2,60321,162,80
45,A3,60498,162,80
43,G3,60674,352,80
31,G2,61026,352,80
38,D3,61026,353,80
31,G2,61026,162,80
43,G3,61203,162,80
31,G2,61379,44,80
36,C3,61423,44,80
40,E3,61467,52,80
46,A#3,61519,544,80
41,F3,62085,352,80
29,F2,62437,352,80
36,C3,62437,353,80
29,F2,62437,162,80
41,F3,62614,161,80
41,F3,62790,352,96
29,F2,63142,352,96
36,C3,63142,353,96
29,F2,63142,162,80
41,F3,63318,162,80
28,E2,63495,352,80
35,B2,63847,352,80
40,E3,63847,353,80
28,E2,63847,162,80
40,E3,64023,162,80
40,E3,64200,352,96
28,E2,64552,352,96
35,B2,64552,353,96
28,E2,64552,161,80
40,E3,64728,162,80
40,E3,64905,352,80
45,A3,65257,352,80
33,A2,65257,353,80
33,A2,65257,161,80
45,A3,65433,162,80
45,A3,65610,352,96
33,A2,65962,352,96
40,E3,65962,352,96
33,A2,65962,162,80
45,A3,66139,162,80
43,G3,66315,352,80
31,G2,66667,352,80
38,D3,66667,353,80
43,G3,66667,176,80
31,G2,66843,177,80
43,G3,66843,176,80
31,G2,67019,176,80
43,G3,67019,117,80
31,G2,67136,118,80
31,G2,67136,117,80
43,G3,67253,118,80
43,G3,67253,117,80
31,G2,67370,117,80
43,G3,67370,117,80
31,G2,67487,118,80
43,G3,67487,117,80
31,G2,67604,118,80
43,G3,67604,117,80
31,G2,67721,117,80
41,F3,67721,352,80
29,F2,68073,352,80
36,C3,68073,353,80
29,F2,68073,162,80
41,F3,68250,161,80
41,F3,68426,352,96
29,F2,68778,352,96
36,C3,68778,353,96
29,F2,68778,162,80
41,F3,68954,162,80
35,B2,69131,352,80
40,E3,69483,352,80
28,E2,69483,353,80
28,E2,69483,162,80
40,E3,69659,162,80
40,E3,69836,352,96
28,E2,70188,352,96
35,B2,70188,353,96
28,E2,70188,162,80
40,E3,70364,162,80
45,A3,70541,352,80
33,A2,70893,352,80
40,E3,70893,353,80
33,A2,70893,161,80
45,A3,71069,162,80
45,A3,71246,352,96
33,A2,71598,352,96
40,E3,71598,353,96
33,A2,71598,161,80
45,A3,71774,162,80
38,D3,71950,352,80
43,G3,72302,352,80
31,G2,72302,353,80
31,G2,72302,162,80
43,G3,72479,162,80
31,G2,72655,44,80
36,C3,72699,45,80
40,E3,72744,51,80
46,A#3,72795,544,80
41,F3,73361,352,80
29,F2,73713,352,80
36,C3,73713,353,80
29,F2,73713,162,80
41,F3,73890,161,80
41,F3,74066,352,96
29,F2,74418,352,96
36,C3,74418,353,96
29,F2,74418,162,80
41,F3,74595,161,80
28,E2,74771,352,80
35,B2,75123,352,80
40,E3,75123,353,80
28,E2,75123,162,80
40,E3,75299,162,80
40,E3,75476,352,96
28,E2,75828,352,96
35,B2,75828,353,96
28,E2,75828,162,80
40,E3,76004,162,80
45,A3,76181,352,80
33,A2,76533,352,80
40,E3,76533,353,80
33,A2,76533,161,80
45,A3,76709,162,80
45,A3,76886,352,96
33,A2,77238,352,96
40,E3,77238,353,96
33,A2,77238,161,80
45,A3,77414,162,80
48,C4,77591,80,80
45,A3,77767,81,80
43,G3,77943,81,80
40,E3,78120,81,80
38,D3,78296,81,80
36,C3,78473,81,80
33,A2,78649,81,80
31,G2,78826,81,80
41,F3,79002,352,80
29,F2,79354,352,80
36,C3,79354,353,80
29,F2,79354,162,80
41,F3,79531,161,80
41,F3,79707,352,96
29,F2,80059,352,96
36,C3,80059,353,96
29,F2,80059,162,80
41,F3,80236,161,80
28,E2,80412,352,80
35,B2,80764,352,80
40,E3,80764,353,80
28,E2,80764,162,80
40,E3,80940,162,80
40,E3,81117,352,96
28,E2,81469,352,96
35,B2,81469,353,96
28,E2,81469,162,80
40,E3,81645,162,80
40,E3,81822,352,80
45,A3,82174,352,80
33,A2,82174,353,80
33,A2,82174,162,80
45,A3,82350,162,80
45,A3,82527,352,96
33,A2,82879,352,96
40,E3,82879,353,96
33,A2,82879,161,80
45,A3,83055,162,80
43,G3,83232,352,80
31,G2,83584,352,80
38,D3,83584,353,80
31,G2,83584,176,80
43,G3,83760,176,80
43,G3,83760,176,80
31,G2,83936,176,80
43,G3,83936,117,80
31,G2,84053,118,80
43,G3,84053,117,80
31,G2,84170,118,80
43,G3,84170,117,80
31,G2,84287,117,80
43,G3,84287,117,80
31,G2,84404,118,80
43,G3,84404,117,80
31,G2,84521,118,80
43,G3,84521,117,80
31,G2,84638,117,80
41,F3,84638,352,80
29,F2,84990,352,80
36,C3,84990,353,80
29,F2,84990,162,80
41,F3,85167,162,80
41,F3,85343,352,96
29,F2,85695,352,96
36,C3,85695,353,96
29,F2,85695,162,80
41,F3,85872,161,80
40,E3,86048,352,80
28,E2,86400,352,80
35,B2,86400,353,80
28,E2,86400,162,80
40,E3,86577,161,80
40,E3,86753,352,96
28,E2,87105,352,96
35,B2,87105,353,96
28,E2,87105,162,80
40,E3,87281,162,80
45,A3,87458,352,80
33,A2,87810,352,80
40,E3,87810,353,80
33,A2,87810,162,80
45,A3,87986,162,80
45,A3,88163,352,96
33,A2,88515,352,96
40,E3,88515,353,96
33,A2,88515,161,80
45,A3,88691,162,80
43,G3,88868,352,80
31,G2,89220,352,80
38,D3,89220,353,80
31,G2,89220,161,80
43,G3,89396,162,80
43,G3,89573,352,96
31,G2,89925,352,96
38,D3,89925,352,96
31,G2,89925,162,80
43,G3,90102,162,80
41,F3,90278,352,80
29,F2,90630,352,80
36,C3,90630,353,80
29,F2,90630,162,80
41,F3,90807,162,80
29,F2,90983,352,96
36,C3,91335,352,96
41,F3,91335,353,96
29,F2,91335,162,80
41,F3,91512,161,80
40,E3,91688,352,80
28,E2,92040,352,80
35,B2,92040,353,80
28,E2,92040,162,80
40,E3,92217,161,80
35,B2,92393,352,96
40,E3,92745,352,96
28,E2,92745,353,96
28,E2,92745,162,80
40,E3,92921,162,80
45,A3,93098,352,80
33,A2,93450,352,80
40,E3,93450,353,80
33,A2,93450,162,80
45,A3,93626,162,80
45,A3,93803,352,96
33,A2,94155,352,96
40,E3,94155,353,96
33,A2,94155,162,80
45,A3,94331,162,80
43,G3,94508,352,80
31,G2,94860,352,80
38,D3,94860,353,80
43,G3,94860,176,80
31,G2,95036,176,80
43,G3,95036,176,80
31,G2,95212,177,80
31,G2,95212,117,80
43,G3,95329,117,80
43,G3,95329,117,80
31,G2,95446,118,80
43,G3,95446,117,80
31,G2,95563,118,80
43,G3,95563,117,80
31,G2,95680,117,80
43,G3,95680,117,80
31,G2,95797,118,80
43,G3,95797,117,80
31,G2,95914,117,80
41,F3,95914,352,80
29,F2,96266,352,80
36,C3,96266,353,80
29,F2,96266,162,80
41,F3,96443,162,80
41,F3,96619,352,96
29,F2,96971,352,96
36,C3,96971,353,96
29,F2,96971,162,80
41,F3,97148,162,80
28,E2,97324,352,80
35,B2,97676,352,80
40,E3,97676,353,80
28,E2,97676,162,80
40,E3,97853,161,80
35,B2,98029,352,96
40,E3,98381,352,96
28,E2,98381,353,96
28,E2,98381,162,80
40,E3,98558,161,80
45,A3,98734,352,80
33,A2,99086,352,80
40,E3,99086,353,80
33,A2,99086,162,80
45,A3,99262,162,80
45,A3,99439,352,96
33,A2,99791,352,96
40,E3,99791,353,96
33,A2,99791,162,80
45,A3,99967,162,80
48,C4,100144,81,80
45,A3,100320,81,80
43,G3,100497,81,80
40,E3,100673,81,80
38,D3,100850,81,80
36,C3,101026,81,80
33,A2,101203,80,80
31,G2,101379,80,80