66,F#5,0,149,80
68,G#5,149,284,80
68,G#5,449,284,80
66,F#5,749,150,80
64,E5,899,150,80
61,C#5,1049,1282,80
66,F#5,2399,150,80
68,G#5,2549,284,80
68,G#5,2849,284,80
66,F#5,3149,150,80
64,E5,3299,150,80
63,D#5,3449,1282,80
66,F#5,4799,150,80
68,G#5,4949,284,80
68,G#5,5249,284,80
66,F#5,5549,150,80
64,E5,5699,150,80
61,C#5,5849,142,80
61,C#5,6299,569,80
63,D#5,6899,284,80
64,E5,7199,569,80
71,B5,7799,569,80
68,G#5,8399,1139,80
66,F#5,9599,150,80
68,G#5,9749,284,80
68,G#5,10049,284,80
66,F#5,10349,150,80
64,E5,10499,150,80
61,C#5,10649,1282,80
66,F#5,11999,150,80
68,G#5,12149,284,80
68,G#5,12449,284,80
66,F#5,12749,150,80
64,E5,12899,150,80
63,D#5,13049,1282,80
66,F#5,14399,150,80
68,G#5,14549,284,80
68,G#5,14849,284,80
66,F#5,15149,150,80
64,E5,15299,150,80
61,C#5,15449,142,80
61,C#5,15899,569,80
63,D#5,16499,284,80
64,E5,16799,569,80
71,B5,17399,569,80
68,G#5,17999,1139,80
69,A5,19199,284,80
68,G#5,19499,284,80
66,F#5,19799,284,80
64,E5,20099,284,80
66,F#5,20399,284,80
66,F#5,20699,150,80
66,F#5,20849,284,80
64,E5,21149,150,80
68,G#5,21299,284,80
66,F#5,21599,284,80
64,E5,21899,284,80
66,F#5,22799,284,80
66,F#5,23099,150,80
66,F#5,23249,284,80
64,E5,23549,150,80
68,G#5,23699,284,80
68,G#5,23999,569,80
66,F#5,25199,284,80
66,F#5,25499,284,80
66,F#5,25799,150,80
68,G#5,25949,284,80
66,F#5,26249,427,80
64,E5,26699,284,80
61,C#5,26999,150,80
64,E5,27149,284,80
66,F#5,27449,712,80
69,A5,28799,284,80
68,G#5,29099,284,80
66,F#5,29399,284,80
64,E5,29699,284,80
66,F#5,29999,284,80
66,F#5,30299,150,80
66,F#5,30449,284,80
64,E5,30749,150,80
68,G#5,30899,284,80
66,F#5,31199,284,80
64,E5,31499,284,80
66,F#5,32399,284,80
66,F#5,32699,150,80
66,F#5,32849,427,80
71,B5,33299,284,80
68,G#5,33599,284,80
66,F#5,33899,284,80
66,F#5,34799,284,80
66,F#5,35099,284,80
66,F#5,35399,150,80
68,G#5,35549,284,80
66,F#5,35849,427,80
64,E5,36299,284,80
61,C#5,36599,150,80
64,E5,36749,284,80
66,F#5,37049,712,80
59,B4,38699,284,80
61,C#5,38999,284,80
63,D#5,39299,284,80
64,E5,39599,899,80
57,A4,40498,900,80
61,C#5,40498,150,80
63,D#5,40648,150,80
64,E5,40798,284,80
63,D#5,41098,150,80
61,C#5,41248,284,80
59,B4,41548,150,80
59,B4,41698,284,80
59,B4,41998,749,80
66,F#5,42747,750,80
59,B4,42747,150,80
59,B4,42897,150,80
66,F#5,43047,284,80
64,E5,43347,284,80
63,D#5,43647,284,80
63,D#5,43947,150,80
61,C#5,44097,284,80
61,C#5,44397,899,80
68,G#5,45296,900,80
68,G#5,45296,150,80
69,A5,45446,284,80
68,G#5,45746,284,80
64,E5,46046,284,80
61,C#5,46346,284,80
59,B4,46646,712,80
59,B4,48296,284,80
61,C#5,48596,284,80
63,D#5,48896,284,80
57,A4,49196,899,80
64,E5,50095,900,80
61,C#5,50095,150,80
63,D#5,50245,150,80
64,E5,50395,284,80
63,D#5,50695,150,80
61,C#5,50845,284,80
59,B4,51145,150,80
59,B4,51295,284,80
59,B4,51595,749,80
66,F#5,52344,750,80
59,B4,52344,150,80
59,B4,52494,150,80
66,F#5,52644,427,80
64,E5,53094,150,80
64,E5,53244,150,80
63,D#5,53394,150,80
63,D#5,53544,150,80
61,C#5,53694,284,80
61,C#5,53994,899,80
68,G#5,54893,900,80
68,G#5,54893,150,80
69,A5,55043,284,80
68,G#5,55343,284,80
64,E5,55643,284,80
61,C#5,55943,284,80
59,B4,56243,1282,80
66,F#5,57593,150,80
68,G#5,57743,284,80
68,G#5,58043,284,80
66,F#5,58343,150,80
64,E5,58493,150,80
61,C#5,58643,1282,80
66,F#5,59993,150,80
68,G#5,60143,284,80
68,G#5,60443,284,80
66,F#5,60743,150,80
64,E5,60893,150,80
63,D#5,61043,1282,80
66,F#5,62393,150,80
68,G#5,62543,284,80
68,G#5,62843,284,80
66,F#5,63143,150,80
64,E5,63293,150,80
61,C#5,63443,142,80
61,C#5,63893,569,80
63,D#5,64493,284,80
64,E5,64793,569,80
71,B5,65393,569,80
68,G#5,65993,1139,80
66,F#5,67193,150,80
68,G#5,67343,284,80
68,G#5,67643,284,80
66,F#5,67943,150,80
64,E5,68093,150,80
61,C#5,68243,1282,80
66,F#5,69593,150,80
68,G#5,69743,284,80
68,G#5,70043,284,80
66,F#5,70343,150,80
64,E5,70493,150,80
63,D#5,70643,1282,80
66,F#5,71993,150,80
68,G#5,72143,284,80
68,G#5,72443,284,80
66,F#5,72743,150,80
64,E5,72893,150,80
61,C#5,73043,142,80
61,C#5,73493,569,80
63,D#5,74093,284,80
64,E5,74393,569,80
71,B5,74993,569,80
68,G#5,75593,1139,80
69,A5,76793,284,80
68,G#5,77093,284,80
66,F#5,77393,284,80
64,E5,77693,284,80
66,F#5,77993,284,80
66,F#5,78293,150,80
66,F#5,78443,284,80
64,E5,78743,150,80
68,G#5,78893,284,80
66,F#5,79193,284,80
64,E5,79493,284,80
66,F#5,80393,284,80
66,F#5,80693,150,80
66,F#5,80843,284,80
64,E5,81143,150,80
68,G#5,81293,284,80
68,G#5,81593,569,80
66,F#5,82793,284,80
66,F#5,83093,284,80
66,F#5,83393,150,80
68,G#5,83543,284,80
66,F#5,83843,427,80
64,E5,84293,284,80
61,C#5,84593,150,80
64,E5,84743,284,80
66,F#5,85043,712,80
69,A5,86393,284,80
68,G#5,86693,284,80
66,F#5,86993,284,80
64,E5,87293,284,80
66,F#5,87593,284,80
66,F#5,87893,150,80
66,F#5,88043,284,80
64,E5,88343,150,80
68,G#5,88493,284,80
66,F#5,88793,284,80
64,E5,89093,284,80
66,F#5,89993,284,80
66,F#5,90293,150,80
66,F#5,90443,427,80
71,B5,90893,284,80
68,G#5,91193,284,80
66,F#5,91493,284,80
66,F#5,92393,284,80
66,F#5,92693,284,80
66,F#5,92993,150,80
68,G#5,93143,284,80
66,F#5,93443,427,80
64,E5,93893,284,80
61,C#5,94193,150,80
64,E5,94343,284,80
66,F#5,94643,712,80
59,B4,96293,284,80
61,C#5,96593,284,80
63,D#5,96893,284,80
64,E5,97193,899,80
57,A4,98092,900,80
61,C#5,98092,150,80
63,D#5,98242,150,80
64,E5,98392,284,80
63,D#5,98692,150,80
61,C#5,98842,284,80
59,B4,99142,150,80
59,B4,99292,284,80
59,B4,99592,749,80
66,F#5,100341,750,80
59,B4,100341,150,80
59,B4,100491,150,80
66,F#5,100641,284,80
64,E5,100941,284,80
63,D#5,101241,284,80
63,D#5,101541,150,80
61,C#5,101691,284,80
61,C#5,101991,899,80
68,G#5,102890,900,80
68,G#5,102890,150,80
69,A5,103040,284,80
68,G#5,103340,284,80
64,E5,103640,284,80
61,C#5,103940,284,80
59,B4,104240,712,80
59,B4,105890,284,80
61,C#5,106190,284,80
63,D#5,106490,284,80
57,A4,106790,899,80
64,E5,107689,900,80
61,C#5,107689,150,80
63,D#5,107839,150,80
64,E5,107989,284,80
63,D#5,108289,150,80
61,C#5,108439,284,80
59,B4,108739,150,80
59,B4,108889,284,80
59,B4,109189,749,80
66,F#5,109938,750,80
59,B4,109938,150,80
59,B4,110088,150,80
66,F#5,110238,427,80
64,E5,110688,150,80
64,E5,110838,150,80
63,D#5,110988,150,80
63,D#5,111138,150,80
61,C#5,111288,284,80
61,C#5,111588,899,80
68,G#5,112487,900,80
68,G#5,112487,150,80
69,A5,112637,284,80
68,G#5,112937,284,80
64,E5,113237,284,80
61,C#5,113537,284,80
59,B4,113837,1282,80
66,F#5,115187,150,80
68,G#5,115337,284,80
68,G#5,115637,284,80
66,F#5,115937,150,80
64,E5,116087,150,80
61,C#5,116237,1282,80
66,F#5,117587,150,80
68,G#5,117737,284,80
68,G#5,118037,284,80
66,F#5,118337,150,80
64,E5,118487,150,80
63,D#5,118637,1282,80
66,F#5,119987,150,80
68,G#5,120137,284,80
68,G#5,120437,284,80
66,F#5,120737,150,80
64,E5,120887,150,80
61,C#5,121037,142,80
61,C#5,121487,569,80
63,D#5,122087,284,80
64,E5,122387,569,80
71,B5,122987,569,80
68,G#5,123587,1139,80
66,F#5,124787,150,80
68,G#5,124937,284,80
68,G#5,125237,284,80
66,F#5,125537,150,80
64,E5,125687,150,80
61,C#5,125837,1282,80
66,F#5,127187,150,80
68,G#5,127337,284,80
68,G#5,127637,284,80
66,F#5,127937,150,80
64,E5,128087,150,80
63,D#5,128237,1282,80
66,F#5,129587,150,80
68,G#5,129737,284,80
68,G#5,130037,284,80
66,F#5,130337,150,80
64,E5,130487,150,80
61,C#5,130637,142,80
61,C#5,131087,569,80
63,D#5,131687,284,80
64,E5,131987,569,80
71,B5,132587,569,80
68,G#5,133187,1139,80
81,A6,134387,299,80
69,A5,134686,299,80
75,D#6,134686,300,80
68,G#5,134686,299,80
73,C#6,134985,299,80
80,G#6,134985,300,80
66,F#5,134985,299,80
71,B5,135284,299,80
78,F#6,135284,300,80
64,E5,135284,299,80
69,A5,135583,299,80
76,E6,135583,300,80
61,C#5,135583,599,80
66,F#5,136182,599,80
73,C#6,136182,600,80
59,B4,136182,599,80
64,E5,136781,599,80
71,B5,136781,600,80
69,A5,136781,299,80
75,D#6,137080,299,80
81,A6,137080,300,80
80,G#6,137080,299,80
68,G#5,137379,299,80
73,C#6,137379,300,80
66,F#5,137379,299,80
71,B5,137678,299,80
78,F#6,137678,300,80
64,E5,137678,299,80
69,A5,137977,299,80
76,E6,137977,300,80
61,C#5,137977,599,80
66,F#5,138576,599,80
73,C#6,138576,600,80
64,E5,138576,599,80
71,B5,139175,599,80
59,B4,139175,600,80
69,A5,139175,299,80
75,D#6,139474,299,80
81,A6,139474,300,80
68,G#5,139474,299,80
73,C#6,139773,299,80
80,G#6,139773,300,80
66,F#5,139773,299,80
71,B5,140072,299,80
78,F#6,140072,300,80
69,A5,140072,299,80
76,E6,140371,299,80
64,E5,140371,300,80
61,C#5,140371,599,80
66,F#5,140970,599,80
73,C#6,140970,600,80
59,B4,140970,299,80
71,B5,141269,300,80
64,E5,141269,299,80
76,E6,141568,300,80
61,C#5,141568,599,80
66,F#5,142167,599,80
73,C#6,142167,600,80
59,B4,142167,299,80
71,B5,142466,300,80
56,G#4,142466,299,80
68,G#5,142765,300,80
54,F#4,142765,1199,80
59,B4,143964,1199,80
66,F#5,143964,1200,80
69,A5,143964,299,80
75,D#6,144263,299,80
81,A6,144263,300,80
73,C#6,144263,299,80
80,G#6,144562,299,80
68,G#5,144562,300,80
66,F#5,144562,299,80
71,B5,144861,299,80
78,F#6,144861,300,80
64,E5,144861,299,80
69,A5,145160,299,80
76,E6,145160,300,80
61,C#5,145160,599,80
66,F#5,145759,599,80
73,C#6,145759,600,80
59,B4,145759,599,80
64,E5,146358,599,80
71,B5,146358,600,80
69,A5,146358,299,80
75,D#6,146657,299,80
81,A6,146657,300,80
68,G#5,146657,299,80
73,C#6,146956,299,80
80,G#6,146956,300,80
66,F#5,146956,299,80
71,B5,147255,299,80
78,F#6,147255,300,80
76,E6,147255,299,80
64,E5,147554,299,80
69,A5,147554,300,80
61,C#5,147554,599,80
66,F#5,148153,599,80
73,C#6,148153,600,80
59,B4,148153,599,80
64,E5,148752,599,80
71,B5,148752,600,80
69,A5,148752,299,80
75,D#6,149051,299,80
81,A6,149051,300,80
68,G#5,149051,299,80
73,C#6,149350,299,80
80,G#6,149350,300,80
66,F#5,149350,299,80
71,B5,149649,299,80
78,F#6,149649,300,80
64,E5,149649,299,80
69,A5,149948,299,80
76,E6,149948,300,80
73,C#6,149948,599,80
61,C#5,150547,599,80
66,F#5,150547,600,80
59,B4,150547,299,80
71,B5,150846,300,80
64,E5,150846,299,80
76,E6,151145,300,80
61,C#5,151145,599,80
66,F#5,151744,599,80
73,C#6,151744,600,80
59,B4,151744,299,80
71,B5,152043,300,80
56,G#4,152043,299,80
68,G#5,152342,300,80
54,F#4,152342,1499,80
59,B4,153841,1499,80
66,F#5,153841,1500,80
59,B4,153841,284,80
61,C#5,154141,284,80
63,D#5,154441,284,80
57,A4,154741,899,80
64,E5,155640,900,80
61,C#5,155640,150,80
63,D#5,155790,150,80
64,E5,155940,284,80
63,D#5,156240,150,80
61,C#5,156390,284,80
59,B4,156690,150,80
59,B4,156840,284,80
59,B4,157140,749,80
66,F#5,157889,750,80
59,B4,157889,150,80
59,B4,158039,150,80
66,F#5,158189,284,80
64,E5,158489,284,80
63,D#5,158789,284,80
63,D#5,159089,150,80
61,C#5,159239,284,80
61,C#5,159539,899,80
68,G#5,160438,900,80
68,G#5,160438,150,80
69,A5,160588,284,80
68,G#5,160888,284,80
64,E5,161188,284,80
61,C#5,161488,284,80
59,B4,161788,711,80
59,B4,163438,284,80
61,C#5,163738,284,80
63,D#5,164038,284,80
57,A4,164338,899,80
64,E5,165237,900,80
61,C#5,165237,150,80
63,D#5,165387,150,80
64,E5,165537,284,80
63,D#5,165837,150,80
61,C#5,165987,284,80
59,B4,166287,150,80
59,B4,166437,284,80
59,B4,166737,749,80
66,F#5,167486,750,80
59,B4,167486,150,80
59,B4,167636,150,80
66,F#5,167786,426,80
64,E5,168236,150,80
64,E5,168386,150,80
63,D#5,168536,150,80
63,D#5,168686,150,80
61,C#5,168836,284,80
61,C#5,169136,1049,80
68,G#5,170185,1050,80
69,A5,170185,284,80
68,G#5,170485,284,80
64,E5,170785,284,80
61,C#5,171085,284,80
59,B4,171385,1281,80
66,F#5,172735,150,80
68,G#5,172885,284,80
68,G#5,173185,284,80
66,F#5,173485,150,80
64,E5,173635,150,80
61,C#5,173785,1281,80
66,F#5,175135,150,80
68,G#5,175285,284,80
68,G#5,175585,284,80
66,F#5,175885,150,80
64,E5,176035,150,80
63,D#5,176185,1281,80
66,F#5,177535,150,80
68,G#5,177685,284,80
68,G#5,177985,284,80
66,F#5,178285,150,80
64,E5,178435,150,80
61,C#5,178585,141,80
61,C#5,179035,569,80
63,D#5,179635,284,80
64,E5,179935,569,80
71,B5,180535,569,80
68,G#5,181135,1139,80
66,F#5,182335,150,80
68,G#5,182485,284,80
68,G#5,182785,284,80
66,F#5,183085,150,80
64,E5,183235,150,80
61,C#5,183385,1281,80
66,F#5,184735,150,80
68,G#5,184885,284,80
68,G#5,185185,284,80
66,F#5,185485,150,80
64,E5,185635,150,80
63,D#5,185785,1281,80
66,F#5,187135,150,80
68,G#5,187285,284,80
68,G#5,187585,284,80
66,F#5,187885,150,80
64,E5,188035,150,80
61,C#5,188185,141,80
61,C#5,188635,569,80
63,D#5,189235,284,80
64,E5,189535,569,80
71,B5,190135,569,80
68,G#5,190735,1139,80
81,A6,191935,299,80
69,A5,192234,299,80
75,D#6,192234,300,80
68,G#5,192234,299,80
73,C#6,192533,299,80
80,G#6,192533,300,80
66,F#5,192533,299,80
71,B5,192832,299,80
78,F#6,192832,300,80
64,E5,192832,299,80
69,A5,193131,299,80
76,E6,193131,300,80
61,C#5,193131,599,80
66,F#5,193730,599,80
73,C#6,193730,600,80
59,B4,193730,599,80
64,E5,194329,599,80
71,B5,194329,600,80
69,A5,194329,299,80
75,D#6,194628,299,80
81,A6,194628,300,80
80,G#6,194628,299,80
68,G#5,194927,299,80
73,C#6,194927,300,80
66,F#5,194927,299,80
71,B5,195226,299,80
78,F#6,195226,300,80
64,E5,195226,299,80
69,A5,195525,299,80
76,E6,195525,300,80
61,C#5,195525,599,80
66,F#5,196124,599,80
73,C#6,196124,600,80
64,E5,196124,599,80
71,B5,196723,599,80
59,B4,196723,600,80
69,A5,196723,299,80
75,D#6,197022,299,80
81,A6,197022,300,80
68,G#5,197022,299,80
73,C#6,197321,299,80
80,G#6,197321,300,80
66,F#5,197321,299,80
71,B5,197620,299,80
78,F#6,197620,300,80
69,A5,197620,299,80
76,E6,197919,299,80
64,E5,197919,300,80
61,C#5,197919,599,80
66,F#5,198518,599,80
73,C#6,198518,600,80
59,B4,198518,299,80
71,B5,198817,300,80
64,E5,198817,299,80
76,E6,199116,300,80
61,C#5,199116,599,80
66,F#5,199715,599,80
73,C#6,199715,600,80
59,B4,199715,299,80
71,B5,200014,300,80
56,G#4,200014,299,80
68,G#5,200313,300,80
54,F#4,200313,1199,80
59,B4,201512,1199,80
66,F#5,201512,1200,80
69,A5,201512,299,80
75,D#6,201811,299,80
81,A6,201811,300,80
73,C#6,201811,299,80
80,G#6,202110,299,80
68,G#5,202110,300,80
66,F#5,202110,299,80
71,B5,202409,299,80
78,F#6,202409,300,80
64,E5,202409,299,80
69,A5,202708,299,80
76,E6,202708,300,80
61,C#5,202708,599,80
66,F#5,203307,599,80
73,C#6,203307,600,80
59,B4,203307,599,80
64,E5,203906,599,80
71,B5,203906,600,80
69,A5,203906,299,80
75,D#6,204205,299,80
81,A6,204205,300,80
68,G#5,204205,299,80
73,C#6,204504,299,80
80,G#6,204504,300,80
66,F#5,204504,299,80
71,B5,204803,299,80
78,F#6,204803,300,80
76,E6,204803,299,80
64,E5,205102,299,80
69,A5,205102,300,80
61,C#5,205102,599,80
66,F#5,205701,599,80
73,C#6,205701,600,80
59,B4,205701,599,80
64,E5,206300,599,80
71,B5,206300,600,80
69,A5,206300,299,80
75,D#6,206599,299,80
81,A6,206599,300,80
68,G#5,206599,299,80
73,C#6,206898,299,80
80,G#6,206898,300,80
66,F#5,206898,299,80
71,B5,207197,299,80
78,F#6,207197,300,80
64,E5,207197,299,80
69,A5,207496,299,80
76,E6,207496,300,80
73,C#6,207496,599,80
61,C#5,208095,599,80
66,F#5,208095,600,80
59,B4,208095,299,80
71,B5,208394,300,80
64,E5,208394,299,80
76,E6,208693,300,80
61,C#5,208693,599,80
66,F#5,209292,599,80
73,C#6,209292,600,80
59,B4,209292,299,80
71,B5,209591,300,80
56,G#4,209591,299,80
68,G#5,209890,300,80
54,F#4,209890,1199,80
59,B4,211089,1199,80
66,F#5,211089,1200,80
66,F#5,211089,150,80
68,G#5,211239,284,75
68,G#5,211539,284,63
66,F#5,211839,150,51
64,E5,211989,150,50
61,C#5,212139,141,50
--end--
33,A2,1199,2399,80
37,C#3,3598,2399,80
40,E3,3598,2400,80
35,B2,3598,2399,80
39,D#3,5997,2399,80
42,F#3,5997,2400,80
32,G#2,5997,2399,80
37,C#3,8396,2399,80
40,E3,8396,2400,80
44,G#3,8396,2399,80
35,B2,10795,2399,80
40,E3,10795,2400,80
33,A2,10795,284,80
40,E3,11095,284,80
45,A3,11395,284,80
40,E3,11695,284,80
33,A2,11995,284,80
40,E3,12295,284,80
45,A3,12595,284,80
40,E3,12895,284,80
35,B2,13195,284,80
42,F#3,13495,284,80
47,B3,13795,284,80
42,F#3,14095,284,80
35,B2,14395,284,80
42,F#3,14695,284,80
47,B3,14995,284,80
42,F#3,15295,284,80
37,C#3,15595,284,80
44,G#3,15895,284,80
49,C#4,16195,284,80
44,G#3,16495,284,80
37,C#3,16795,284,80
44,G#3,17095,284,80
49,C#4,17395,284,80
44,G#3,17695,284,80
32,G#2,17995,284,80
39,D#3,18295,284,80
44,G#3,18595,284,80
39,D#3,18895,284,80
44,G#3,19195,284,80
39,D#3,19495,284,80
44,G#3,19795,284,80
39,D#3,20095,284,80
33,A2,20395,284,80
40,E3,20695,284,80
45,A3,20995,284,80
40,E3,21295,284,80
33,A2,21595,284,80
40,E3,21895,284,80
45,A3,22195,284,80
40,E3,22495,284,80
35,B2,22795,284,80
42,F#3,23095,284,80
47,B3,23395,284,80
42,F#3,23695,284,80
35,B2,23995,284,80
42,F#3,24295,284,80
47,B3,24595,284,80
42,F#3,24895,284,80
37,C#3,25195,284,80
44,G#3,25495,284,80
49,C#4,25795,284,80
44,G#3,26095,284,80
37,C#3,26395,284,80
44,G#3,26695,284,80
49,C#4,26995,284,80
44,G#3,27295,284,80
32,G#2,27595,284,80
39,D#3,27895,284,80
44,G#3,28195,284,80
39,D#3,28495,284,80
44,G#3,28795,284,80
39,D#3,29095,284,80
44,G#3,29395,284,80
39,D#3,29695,284,80
33,A2,29995,284,80
40,E3,30295,284,80
45,A3,30595,284,80
40,E3,30895,284,80
33,A2,31195,284,80
40,E3,31495,284,80
45,A3,31795,284,80
40,E3,32095,284,80
35,B2,32395,284,80
42,F#3,32695,284,80
47,B3,32995,284,80
42,F#3,33295,284,80
35,B2,33595,284,80
42,F#3,33895,284,80
47,B3,34195,284,80
42,F#3,34495,284,80
37,C#3,34795,284,80
44,G#3,35095,284,80
49,C#4,35395,284,80
44,G#3,35695,284,80
37,C#3,35995,284,80
44,G#3,36295,284,80
49,C#4,36595,284,80
44,G#3,36895,284,80
32,G#2,37195,284,80
39,D#3,37495,284,80
44,G#3,37795,284,80
39,D#3,38095,284,80
44,G#3,38395,569,80
39,D#3,38995,284,80
32,G#2,39295,284,80
33,A2,39595,284,80
40,E3,39895,284,80
45,A3,40195,284,80
40,E3,40495,284,80
33,A2,40795,284,80
40,E3,41095,284,80
45,A3,41395,284,80
40,E3,41695,284,80
35,B2,41995,284,80
42,F#3,42295,284,80
47,B3,42595,284,80
42,F#3,42895,284,80
35,B2,43195,284,80
42,F#3,43495,284,80
47,B3,43795,284,80
42,F#3,44095,284,80
37,C#3,44395,284,80
44,G#3,44695,284,80
49,C#4,44995,284,80
44,G#3,45295,284,80
37,C#3,45595,284,80
44,G#3,45895,284,80
49,C#4,46195,284,80
44,G#3,46495,284,80
32,G#2,46795,284,80
39,D#3,47095,284,80
44,G#3,47395,284,80
39,D#3,47695,284,80
44,G#3,47995,569,80
44,G#3,48595,299,80
32,G#2,48894,300,80
32,G#2,48894,299,80
44,G#3,49193,300,80
33,A2,49193,284,80
40,E3,49493,284,80
45,A3,49793,284,80
40,E3,50093,284,80
33,A2,50393,284,80
40,E3,50693,284,80
45,A3,50993,284,80
40,E3,51293,284,80
35,B2,51593,284,80
42,F#3,51893,284,80
47,B3,52193,284,80
42,F#3,52493,284,80
35,B2,52793,284,80
42,F#3,53093,284,80
47,B3,53393,284,80
42,F#3,53693,284,80
37,C#3,53993,284,80
44,G#3,54293,284,80
49,C#4,54593,284,80
44,G#3,54893,284,80
37,C#3,55193,284,80
44,G#3,55493,284,80
49,C#4,55793,284,80
44,G#3,56093,284,80
32,G#2,56393,284,80
39,D#3,56693,284,80
44,G#3,56993,284,80
39,D#3,57293,284,80
32,G#2,57593,299,80
39,D#3,57892,300,80
39,D#3,57892,284,80
32,G#2,58192,299,80
44,G#3,58491,300,80
39,D#3,58491,284,80
33,A2,58791,299,80
40,E3,59090,300,80
40,E3,59090,284,80
33,A2,59390,299,80
45,A3,59689,300,80
40,E3,59689,284,80
40,E3,59989,299,80
33,A2,60288,300,80
40,E3,60288,284,80
33,A2,60588,299,80
45,A3,60887,300,80
40,E3,60887,284,80
35,B2,61187,299,80
42,F#3,61486,300,80
42,F#3,61486,284,80
35,B2,61786,299,80
47,B3,62085,300,80
42,F#3,62085,284,80
35,B2,62385,299,80
42,F#3,62684,300,80
42,F#3,62684,284,80
35,B2,62984,299,80
47,B3,63283,300,80
42,F#3,63283,284,80
37,C#3,63583,299,80
44,G#3,63882,300,80
44,G#3,63882,284,80
37,C#3,64182,299,80
49,C#4,64481,300,80
44,G#3,64481,284,80
37,C#3,64781,299,80
44,G#3,65080,300,80
44,G#3,65080,284,80
37,C#3,65380,299,80
49,C#4,65679,300,80
44,G#3,65679,284,80
32,G#2,65979,299,80
39,D#3,66278,300,80
39,D#3,66278,284,80
32,G#2,66578,299,80
44,G#3,66877,300,80
39,D#3,66877,284,80
32,G#2,67177,299,80
39,D#3,67476,300,80
39,D#3,67476,284,80
44,G#3,67776,299,80
32,G#2,68075,300,80
39,D#3,68075,284,80
33,A2,68375,299,80
40,E3,68674,300,80
40,E3,68674,284,80
33,A2,68974,299,80
45,A3,69273,300,80
40,E3,69273,284,80
33,A2,69573,299,80
40,E3,69872,300,80
40,E3,69872,284,80
33,A2,70172,299,80
45,A3,70471,300,80
40,E3,70471,284,80
35,B2,70771,299,80
42,F#3,71070,300,80
42,F#3,71070,284,80
35,B2,71370,299,80
47,B3,71669,300,80
42,F#3,71669,284,80
42,F#3,71969,299,80
35,B2,72268,300,80
42,F#3,72268,284,80
35,B2,72568,299,80
47,B3,72867,300,80
42,F#3,72867,284,80
37,C#3,73167,299,80
44,G#3,73466,300,80
44,G#3,73466,284,80
37,C#3,73766,299,80
49,C#4,74065,300,80
44,G#3,74065,284,80
37,C#3,74365,299,80
44,G#3,74664,300,80
44,G#3,74664,284,80
49,C#4,74964,284,80
44,G#3,75264,284,80
32,G#2,75564,299,80
44,G#3,75863,300,80
39,D#3,75863,284,80
44,G#3,76163,284,80
32,G#2,76463,299,80
44,G#3,76762,300,80
44,G#3,76762,284,80
39,D#3,77062,284,80
44,G#3,77362,284,80
39,D#3,77662,284,80
33,A2,77962,284,80
40,E3,78262,284,80
45,A3,78562,284,80
40,E3,78862,284,80
33,A2,79162,284,80
40,E3,79462,284,80
45,A3,79762,284,80
40,E3,80062,284,80
35,B2,80362,284,80
42,F#3,80662,284,80
47,B3,80962,284,80
42,F#3,81262,284,80
35,B2,81562,284,80
42,F#3,81862,284,80
47,B3,82162,284,80
42,F#3,82462,284,80
37,C#3,82762,284,80
44,G#3,83062,284,80
49,C#4,83362,284,80
44,G#3,83662,284,80
37,C#3,83962,284,80
44,G#3,84262,284,80
49,C#4,84562,284,80
44,G#3,84862,284,80
32,G#2,85162,284,80
39,D#3,85462,284,80
44,G#3,85762,284,80
39,D#3,86062,284,80
44,G#3,86362,284,80
39,D#3,86662,284,80
44,G#3,86962,284,80
39,D#3,87262,284,80
33,A2,87562,284,80
40,E3,87862,284,80
45,A3,88162,284,80
40,E3,88462,284,80
33,A2,88762,284,80
40,E3,89062,284,80
45,A3,89362,284,80
40,E3,89662,284,80
35,B2,89962,284,80
42,F#3,90262,284,80
47,B3,90562,284,80
42,F#3,90862,284,80
35,B2,91162,284,80
42,F#3,91462,284,80
47,B3,91762,284,80
42,F#3,92062,284,80
37,C#3,92362,284,80
44,G#3,92662,284,80
49,C#4,92962,284,80
44,G#3,93262,284,80
37,C#3,93562,284,80
44,G#3,93862,284,80
49,C#4,94162,284,80
44,G#3,94462,284,80
32,G#2,94762,284,80
39,D#3,95062,284,80
44,G#3,95362,284,80
39,D#3,95662,284,80
44,G#3,95962,569,80
39,D#3,96562,284,80
32,G#2,96862,284,80
33,A2,97162,284,80
40,E3,97462,284,80
45,A3,97762,284,80
40,E3,98062,284,80
33,A2,98362,284,80
40,E3,98662,284,80
45,A3,98962,284,80
40,E3,99262,284,80
35,B2,99562,284,80
42,F#3,99862,284,80
47,B3,100162,284,80
42,F#3,100462,284,80
35,B2,100762,284,80
42,F#3,101062,284,80
47,B3,101362,284,80
42,F#3,101662,284,80
37,C#3,101962,284,80
44,G#3,102262,284,80
49,C#4,102562,284,80
44,G#3,102862,284,80
37,C#3,103162,284,80
44,G#3,103462,284,80
49,C#4,103762,284,80
44,G#3,104062,284,80
32,G#2,104362,284,80
39,D#3,104662,284,80
44,G#3,104962,284,80
39,D#3,105262,284,80
44,G#3,105562,569,80
44,G#3,106162,299,80
32,G#2,106461,300,80
32,G#2,106461,299,80
44,G#3,106760,300,80
33,A2,106760,284,80
40,E3,107060,284,80
45,A3,107360,284,80
40,E3,107660,284,80
33,A2,107960,284,80
40,E3,108260,284,80
45,A3,108560,284,80
40,E3,108860,284,80
35,B2,109160,284,80
42,F#3,109460,284,80
47,B3,109760,284,80
42,F#3,110060,284,80
35,B2,110360,284,80
42,F#3,110660,284,80
47,B3,110960,284,80
42,F#3,111260,284,80
37,C#3,111560,284,80
44,G#3,111860,284,80
49,C#4,112160,284,80
44,G#3,112460,284,80
37,C#3,112760,284,80
44,G#3,113060,284,80
49,C#4,113360,284,80
44,G#3,113660,284,80
32,G#2,113960,284,80
39,D#3,114260,284,80
44,G#3,114560,284,80
39,D#3,114860,284,80
32,G#2,115160,299,80
39,D#3,115459,300,80
39,D#3,115459,284,80
32,G#2,115759,299,80
44,G#3,116058,300,80
39,D#3,116058,284,80
33,A2,116358,299,80
40,E3,116657,300,80
40,E3,116657,284,80
33,A2,116957,299,80
45,A3,117256,300,80
40,E3,117256,284,80
40,E3,117556,299,80
33,A2,117855,300,80
40,E3,117855,284,80
33,A2,118155,299,80
45,A3,118454,300,80
40,E3,118454,284,80
35,B2,118754,299,80
42,F#3,119053,300,80
42,F#3,119053,284,80
35,B2,119353,299,80
47,B3,119652,300,80
42,F#3,119652,284,80
35,B2,119952,299,80
42,F#3,120251,300,80
42,F#3,120251,284,80
35,B2,120551,299,80
47,B3,120850,300,80
42,F#3,120850,284,80
37,C#3,121150,299,80
44,G#3,121449,300,80
44,G#3,121449,284,80
37,C#3,121749,299,80
49,C#4,122048,300,80
44,G#3,122048,284,80
37,C#3,122348,299,80
44,G#3,122647,300,80
44,G#3,122647,284,80
37,C#3,122947,299,80
49,C#4,123246,300,80
44,G#3,123246,284,80
32,G#2,123546,299,80
39,D#3,123845,300,80
39,D#3,123845,284,80
32,G#2,124145,299,80
44,G#3,124444,300,80
39,D#3,124444,284,80
32,G#2,124744,299,80
39,D#3,125043,300,80
39,D#3,125043,284,80
44,G#3,125343,299,80
32,G#2,125642,300,80
39,D#3,125642,284,80
33,A2,125942,299,80
40,E3,126241,300,80
40,E3,126241,284,80
33,A2,126541,299,80
45,A3,126840,300,80
40,E3,126840,284,80
33,A2,127140,299,80
40,E3,127439,300,80
40,E3,127439,284,80
33,A2,127739,299,80
45,A3,128038,300,80
40,E3,128038,284,80
35,B2,128338,299,80
42,F#3,128637,300,80
42,F#3,128637,284,80
35,B2,128937,299,80
47,B3,129236,300,80
42,F#3,129236,284,80
42,F#3,129536,299,80
35,B2,129835,300,80
42,F#3,129835,284,80
35,B2,130135,299,80
47,B3,130434,300,80
42,F#3,130434,284,80
37,C#3,130734,299,80
44,G#3,131033,300,80
44,G#3,131033,284,80
37,C#3,131333,299,80
49,C#4,131632,300,80
44,G#3,131632,284,80
37,C#3,131932,299,80
44,G#3,132231,300,80
44,G#3,132231,284,80
49,C#4,132531,284,80
44,G#3,132831,284,80
32,G#2,133131,299,80
44,G#3,133430,300,80
39,D#3,133430,284,80
44,G#3,133730,284,80
32,G#2,134030,299,80
44,G#3,134329,300,80
32,G#2,134329,299,80
44,G#3,134628,300,80
39,D#3,134628,284,80
44,G#3,134928,284,80
39,D#3,135228,284,80
33,A2,135528,299,80
45,A3,135827,300,80
40,E3,135827,284,80
45,A3,136127,299,80
33,A2,136426,300,80
40,E3,136426,284,80
33,A2,136726,299,80
45,A3,137025,300,80
40,E3,137025,284,80
45,A3,137325,284,80
40,E3,137625,284,80
35,B2,137925,299,80
47,B3,138224,300,80
42,F#3,138224,284,80
35,B2,138524,299,80
47,B3,138823,300,80
42,F#3,138823,284,80
35,B2,139123,299,80
47,B3,139422,300,80
42,F#3,139422,284,80
47,B3,139722,284,80
42,F#3,140022,284,80
37,C#3,140322,299,80
49,C#4,140621,300,80
44,G#3,140621,284,80
37,C#3,140921,299,80
49,C#4,141220,300,80
44,G#3,141220,284,80
37,C#3,141520,299,80
49,C#4,141819,300,80
44,G#3,141819,284,80
49,C#4,142119,284,80
44,G#3,142419,284,80
32,G#2,142719,299,80
44,G#3,143018,300,80
39,D#3,143018,284,80
44,G#3,143318,284,80
39,D#3,143618,284,80
32,G#2,143918,299,80
44,G#3,144217,300,80
39,D#3,144217,284,80
44,G#3,144517,284,80
39,D#3,144817,284,80
33,A2,145117,299,80
45,A3,145416,300,80
40,E3,145416,284,80
33,A2,145716,299,80
45,A3,146015,300,80
40,E3,146015,284,80
33,A2,146315,299,80
45,A3,146614,300,80
40,E3,146614,284,80
45,A3,146914,284,80
40,E3,147214,284,80
35,B2,147514,299,80
47,B3,147813,300,80
42,F#3,147813,284,80
35,B2,148113,299,80
47,B3,148412,300,80
35,B2,148412,299,80
42,F#3,148711,300,80
35,B2,148711,299,80
47,B3,149010,300,80
42,F#3,149010,284,80
47,B3,149310,284,80
42,F#3,149610,284,80
37,C#3,149910,299,80
49,C#4,150209,300,80
44,G#3,150209,284,80
49,C#4,150509,284,80
44,G#3,150809,284,80
37,C#3,151109,299,80
49,C#4,151408,300,80
44,G#3,151408,284,80
49,C#4,151708,284,80
44,G#3,152008,284,80
44,G#3,152308,299,80
32,G#2,152607,300,80
39,D#3,152607,284,80
44,G#3,152907,284,80
39,D#3,153207,284,80
44,G#3,153507,569,80
39,D#3,154107,284,80
32,G#2,154407,284,80
33,A2,154707,284,80
40,E3,155007,284,80
45,A3,155307,284,80
40,E3,155607,284,80
33,A2,155907,284,80
40,E3,156207,284,80
45,A3,156507,284,80
40,E3,156807,284,80
35,B2,157107,284,80
42,F#3,157407,284,80
47,B3,157707,284,80
42,F#3,158007,284,80
35,B2,158307,284,80
42,F#3,158607,284,80
47,B3,158907,284,80
42,F#3,159207,284,80
37,C#3,159507,284,80
44,G#3,159807,284,80
49,C#4,160107,284,80
44,G#3,160407,284,80
37,C#3,160707,284,80
44,G#3,161007,284,80
49,C#4,161307,284,80
44,G#3,161607,284,80
32,G#2,161907,284,80
39,D#3,162207,284,80
44,G#3,162507,284,80
39,D#3,162807,284,80
44,G#3,163107,569,80
44,G#3,163707,299,80
32,G#2,164006,300,80
32,G#2,164006,299,80
44,G#3,164305,300,80
33,A2,164305,284,80
40,E3,164605,284,80
45,A3,164905,284,80
40,E3,165205,284,80
33,A2,165505,284,80
40,E3,165805,284,80
45,A3,166105,284,80
40,E3,166405,284,80
35,B2,166705,284,80
42,F#3,167005,284,80
47,B3,167305,284,80
42,F#3,167605,284,80
35,B2,167905,284,80
42,F#3,168205,284,80
47,B3,168505,284,80
42,F#3,168805,284,80
37,C#3,169105,284,80
44,G#3,169405,284,80
49,C#4,169705,284,80
44,G#3,170005,284,80
37,C#3,170305,284,80
44,G#3,170605,284,80
49,C#4,170905,284,80
44,G#3,171205,284,80
32,G#2,171505,284,80
39,D#3,171805,284,80
44,G#3,172105,284,80
39,D#3,172405,284,80
32,G#2,172705,299,80
39,D#3,173004,300,80
39,D#3,173004,284,80
32,G#2,173304,299,80
44,G#3,173603,300,80
39,D#3,173603,284,80
33,A2,173903,299,80
40,E3,174202,300,80
40,E3,174202,284,80
33,A2,174502,299,80
45,A3,174801,300,80
40,E3,174801,284,80
40,E3,175101,299,80
33,A2,175400,300,80
40,E3,175400,284,80
33,A2,175700,299,80
45,A3,175999,300,80
40,E3,175999,284,80
35,B2,176299,299,80
42,F#3,176598,300,80
42,F#3,176598,284,80
35,B2,176898,299,80
47,B3,177197,300,80
42,F#3,177197,284,80
35,B2,177497,299,80
42,F#3,177796,300,80
42,F#3,177796,284,80
35,B2,178096,299,80
47,B3,178395,300,80
42,F#3,178395,284,80
37,C#3,178695,299,80
44,G#3,178994,300,80
44,G#3,178994,284,80
37,C#3,179294,299,80
49,C#4,179593,300,80
44,G#3,179593,284,80
37,C#3,179893,299,80
44,G#3,180192,300,80
44,G#3,180192,284,80
37,C#3,180492,299,80
49,C#4,180791,300,80
44,G#3,180791,284,80
32,G#2,181091,299,80
39,D#3,181390,300,80
39,D#3,181390,284,80
32,G#2,181690,299,80
44,G#3,181989,300,80
39,D#3,181989,284,80
32,G#2,182289,299,80
39,D#3,182588,300,80
39,D#3,182588,284,80
44,G#3,182888,299,80
32,G#2,183187,300,80
39,D#3,183187,284,80
33,A2,183487,299,80
40,E3,183786,300,80
40,E3,183786,284,80
33,A2,184086,299,80
45,A3,184385,300,80
40,E3,184385,284,80
33,A2,184685,299,80
40,E3,184984,300,80
40,E3,184984,284,80
33,A2,185284,299,80
45,A3,185583,300,80
40,E3,185583,284,80
35,B2,185883,299,80
42,F#3,186182,300,80
42,F#3,186182,284,80
35,B2,186482,299,80
47,B3,186781,300,80
42,F#3,186781,284,80
42,F#3,187081,299,80
35,B2,187380,300,80
42,F#3,187380,284,80
35,B2,187680,299,80
47,B3,187979,300,80
42,F#3,187979,284,80
37,C#3,188279,299,80
44,G#3,188578,300,80
44,G#3,188578,284,80
37,C#3,188878,299,80
49,C#4,189177,300,80
44,G#3,189177,284,80
37,C#3,189477,299,80
44,G#3,189776,300,80
44,G#3,189776,284,80
49,C#4,190076,284,80
44,G#3,190376,284,80
32,G#2,190676,299,80
44,G#3,190975,300,80
39,D#3,190975,284,80
44,G#3,191275,284,80
32,G#2,191575,299,80
44,G#3,191874,300,80
32,G#2,191874,299,80
44,G#3,192173,300,80
39,D#3,192173,284,80
44,G#3,192473,284,80
39,D#3,192773,284,80
33,A2,193073,299,80
45,A3,193372,300,80
40,E3,193372,284,80
45,A3,193672,299,80
33,A2,193971,300,80
40,E3,193971,284,80
33,A2,194271,299,80
45,A3,194570,300,80
40,E3,194570,284,80
45,A3,194870,284,80
40,E3,195170,284,80
35,B2,195470,299,80
47,B3,195769,300,80
42,F#3,195769,284,80
35,B2,196069,299,80
47,B3,196368,300,80
42,F#3,196368,284,80
35,B2,196668,299,80
47,B3,196967,300,80
42,F#3,196967,284,80
47,B3,197267,284,80
42,F#3,197567,284,80
37,C#3,197867,299,80
49,C#4,198166,300,80
44,G#3,198166,284,80
37,C#3,198466,299,80
49,C#4,198765,300,80
44,G#3,198765,284,80
37,C#3,199065,299,80
49,C#4,199364,300,80
44,G#3,199364,284,80
49,C#4,199664,284,80
44,G#3,199964,284,80
32,G#2,200264,299,80
44,G#3,200563,300,80
39,D#3,200563,284,80
44,G#3,200863,284,80
39,D#3,201163,284,80
32,G#2,201463,299,80
44,G#3,201762,300,80
39,D#3,201762,284,80
44,G#3,202062,284,80
39,D#3,202362,284,80
33,A2,202662,299,80
45,A3,202961,300,80
40,E3,202961,284,80
33,A2,203261,299,80
45,A3,203560,300,80
40,E3,203560,284,80
33,A2,203860,299,80
45,A3,204159,300,80
40,E3,204159,284,80
45,A3,204459,284,80
40,E3,204759,284,80
35,B2,205059,299,80
47,B3,205358,300,80
42,F#3,205358,284,80
47,B3,205658,284,80
42,F#3,205958,284,80
35,B2,206258,299,80
47,B3,206557,300,80
42,F#3,206557,284,80
35,B2,206857,284,80
42,F#3,207157,284,80
37,C#3,207457,299,80
49,C#4,207756,300,80
44,G#3,207756,284,80
49,C#4,208056,284,80
44,G#3,208356,284,80
37,C#3,208656,299,80
49,C#4,208955,300,80
44,G#3,208955,284,80
49,C#4,209255,284,80
44,G#3,209555,284,80
32,G#2,209855,299,80
44,G#3,210154,300,80
39,D#3,210154,284,80
44,G#3,210454,284,80
39,D#3,210754,284,80
32,G#2,211054,284,80
39,D#3,211354,284,69
44,G#3,211654,284,57
39,D#3,211954,283,50