56,G#4,2000,152,80
59,B4,2166,153,80
57,A4,2333,153,80
56,G#4,2500,152,80
56,G#4,2666,632,80
56,G#4,3333,312,80
56,G#4,3666,945,80
57,A4,4666,153,80
56,G#4,4833,153,80
54,F#4,5000,312,80
54,F#4,5333,632,80
54,F#4,6000,312,80
54,F#4,6333,1576,80
56,G#4,8000,312,80
54,F#4,8333,312,80
54,F#4,8666,313,80
52,E4,9000,312,80
52,E4,9333,312,80
52,E4,9666,153,80
51,D#4,9833,153,80
49,C#4,10000,312,80
51,D#4,10333,312,80
52,E4,10666,632,80
52,E4,11333,312,80
52,E4,11666,632,80
52,E4,12333,312,80
51,D#4,12666,313,80
49,C#4,13000,312,80
47,B3,13333,312,80
49,C#4,13666,313,80
49,C#4,14000,312,80
49,C#4,14333,632,80
52,E4,15000,312,80
51,D#4,15333,312,80
49,C#4,15666,313,80
47,B3,16000,312,80
49,C#4,16333,312,80
49,C#4,16666,313,80
49,C#4,17000,944,80
49,C#4,18000,631,80
49,C#4,18666,313,80
51,D#4,19000,312,80
52,E4,19333,312,80
54,F#4,19666,313,80
56,G#4,20000,312,80
57,A4,20333,312,80
59,B4,20666,313,80
61,C#5,21000,312,80
63,D#5,21333,632,80
63,D#5,22000,312,80
63,D#5,22333,944,80
64,E5,23333,153,80
63,D#5,23500,152,80
61,C#5,23666,153,80
59,B4,23833,153,80
61,C#5,24000,631,80
61,C#5,24666,313,80
61,C#5,25000,944,80
56,G#4,26000,152,80
57,A4,26166,153,80
56,G#4,26333,153,80
54,F#4,26500,152,80
56,G#4,26666,632,80
56,G#4,27333,312,80
56,G#4,27666,1577,80
65,F5,29333,2528,80
64,E5,32000,944,80
64,E5,33000,312,80
63,D#5,33333,632,80
61,C#5,34000,631,80
65,F5,34666,2528,80
64,E5,37333,944,80
64,E5,38333,312,80
63,D#5,38666,632,80
56,G#4,39333,153,80
59,B4,39500,152,80
57,A4,39666,313,80
56,G#4,40000,631,80
56,G#4,40666,313,80
56,G#4,41000,944,80
56,G#4,42000,152,80
57,A4,42166,153,80
56,G#4,42333,312,80
54,F#4,42666,632,80
54,F#4,43333,312,80
54,F#4,43666,1577,80
56,G#4,45333,312,80
54,F#4,45666,313,80
54,F#4,46000,83,80
56,G#4,46083,83,80
54,F#4,46166,785,80
51,D#4,47000,312,80
49,C#4,47333,312,80
51,D#4,47666,313,80
51,D#4,48000,152,80
54,F#4,48166,153,80
52,E4,48333,1576,80
56,G#4,50000,152,80
59,B4,50166,153,80
57,A4,50333,153,80
59,B4,50500,152,80
56,G#4,50666,632,80
56,G#4,51333,312,80
56,G#4,51666,945,80
59,B4,52666,153,80
57,A4,52833,153,80
56,G#4,53000,152,80
54,F#4,53166,153,80
54,F#4,53333,632,80
54,F#4,54000,312,80
54,F#4,54333,1576,80
56,G#4,56000,312,80
54,F#4,56333,312,80
54,F#4,56666,84,80
56,G#4,56750,83,80
54,F#4,56833,785,80
51,D#4,57666,313,80
49,C#4,58000,312,80
51,D#4,58333,312,80
51,D#4,58666,153,80
54,F#4,58833,153,80
52,E4,59000,1263,80
52,E4,60333,312,80
51,D#4,60666,313,80
47,B3,61000,312,80
47,B3,61333,667,80
49,C#4,62000,944,80
52,E4,63000,312,80
51,D#4,63333,312,80
47,B3,63666,313,80
47,B3,64000,333,80
49,C#4,64333,2215,80
49,C#4,66666,313,80
51,D#4,67000,312,80
52,E4,67333,312,80
54,F#4,67666,313,80
56,G#4,68000,312,80
57,A4,68333,312,80
59,B4,68666,313,80
61,C#5,69000,312,80
63,D#5,69333,1576,80
64,E5,71000,312,80
63,D#5,71333,312,80
59,B4,71666,313,80
61,C#5,72000,1576,80
56,G#4,73666,313,80
57,A4,74000,312,80
54,F#4,74333,312,80
56,G#4,74666,1896,80
56,G#4,76666,153,80
59,B4,76833,153,80
57,A4,77000,152,80
59,B4,77166,153,80
56,G#4,77333,632,80
56,G#4,78000,312,80
56,G#4,78333,944,80
59,B4,79333,153,80
57,A4,79500,152,80
56,G#4,79666,153,80
54,F#4,79833,153,80
54,F#4,80000,631,80
54,F#4,80666,313,80
54,F#4,81000,1576,80
56,G#4,82666,313,80
54,F#4,83000,312,80
54,F#4,83333,83,80
56,G#4,83416,84,80
54,F#4,83500,472,80
54,F#4,84000,312,80
51,D#4,84333,312,80
49,C#4,84666,313,80
51,D#4,85000,312,80
51,D#4,85333,153,80
54,F#4,85500,152,80
52,E4,85666,1577,80
56,G#4,87333,153,80
59,B4,87500,152,80
57,A4,87666,153,80
59,B4,87833,153,80
56,G#4,88000,631,80
56,G#4,88666,313,80
56,G#4,89000,944,80
59,B4,90000,152,80
57,A4,90166,153,80
56,G#4,90333,153,80
54,F#4,90500,152,80
54,F#4,90666,632,80
54,F#4,91333,312,80
54,F#4,91666,1577,80
56,G#4,93333,312,80
54,F#4,93666,313,80
54,F#4,94000,83,80
56,G#4,94083,83,80
54,F#4,94166,472,80
54,F#4,94666,313,80
51,D#4,95000,312,80
49,C#4,95333,312,80
51,D#4,95666,313,80
51,D#4,96000,152,80
54,F#4,96166,153,80
52,E4,96333,1264,80
52,E4,97666,313,80
51,D#4,98000,312,80
47,B3,98333,312,80
47,B3,98666,667,80
49,C#4,99333,944,80
52,E4,100333,312,80
51,D#4,100666,313,80
47,B3,101000,312,80
47,B3,101333,333,80
49,C#4,101666,2215,80
49,C#4,104000,312,80
51,D#4,104333,312,80
52,E4,104666,313,80
54,F#4,105000,312,80
56,G#4,105333,312,80
57,A4,105666,313,80
59,B4,106000,312,80
61,C#5,106333,312,80
63,D#5,106666,1577,80
64,E5,108333,312,80
63,D#5,108666,313,80
59,B4,109000,312,80
61,C#5,109333,1576,80
56,G#4,111000,312,80
57,A4,111333,312,80
54,F#4,111666,313,80
56,G#4,112000,2527,80
56,G#4,114666,632,80
56,G#4,115333,312,80
54,F#4,115666,313,80
54,F#4,116000,632,80
53,F4,116666,313,80
54,F#4,117000,312,80
51,D#4,117333,632,80
51,D#4,118000,312,80
53,F4,118333,312,80
53,F4,118666,632,80
48,C4,119333,312,80
49,C#4,119666,313,80
51,D#4,120000,2527,80
54,F#4,122666,153,80
56,G#4,122833,153,80
54,F#4,123333,1264,80
54,F#4,124666,313,80
56,G#4,125000,312,80
58,A#4,125333,153,80
60,C5,125500,152,80
61,C#5,125666,153,80
60,C5,125833,153,80
61,C#5,126000,152,80
60,C5,126166,153,80
58,A#4,126333,312,80
60,C5,126666,313,80
58,A#4,127000,312,80
60,C5,127333,312,80
58,A#4,127666,313,80
56,G#4,128000,312,80
54,F#4,128333,1576,80
54,F#4,130000,312,80
53,F4,130333,312,80
56,G#4,130666,1264,80
56,G#4,132000,312,80
56,G#4,132333,632,80
58,A#4,133000,312,80
56,G#4,133333,312,80
58,A#4,133666,313,80
56,G#4,134000,152,80
54,F#4,134166,153,80
53,F4,134333,153,80
51,D#4,134500,152,80
49,C#4,134666,945,80
51,D#4,135666,313,80
48,C4,136000,632,80
48,C4,136666,313,80
51,D#4,137000,312,80
51,D#4,137333,632,80
56,G#4,138000,312,80
54,F#4,138333,312,80
53,F4,138666,666,80
56,G#4,139332,667,80
54,F#4,139332,632,80
53,F4,139999,632,80
52,E4,140665,632,80
49,C#4,141332,312,80
53,F4,141665,313,80
53,F4,141999,1263,80
54,F#4,143332,312,80
56,G#4,143665,313,80
58,A#4,143999,83,80
56,G#4,144082,83,80
54,F#4,144165,472,80
54,F#4,144665,313,80
54,F#4,144999,312,80
54,F#4,145332,1264,80
53,F4,146665,313,80
54,F#4,146999,312,80
51,D#4,147332,312,80
47,B3,147665,632,80
47,B3,148332,312,80
47,B3,148665,313,80
49,C#4,148999,312,80
49,C#4,149332,312,80
51,D#4,149665,313,80
51,D#4,149999,1895,80
49,C#4,151999,312,80
53,F4,152332,312,80
53,F4,152665,1264,80
54,F#4,153999,312,80
56,G#4,154332,312,80
58,A#4,154665,153,80
61,C#5,154832,153,80
60,C5,154999,152,80
61,C#5,155165,153,80
58,A#4,155332,312,80
56,G#4,155665,313,80
54,F#4,155999,1263,80
53,F4,157332,312,80
54,F#4,157665,313,80
51,D#4,157999,312,80
47,B3,158332,632,80
47,B3,158999,312,80
47,B3,159332,312,80
49,C#4,159665,313,80
49,C#4,159999,312,80
51,D#4,160332,312,80
51,D#4,160665,1896,80
51,D#4,162665,313,80
54,F#4,162999,312,80
56,G#4,163332,153,80
58,A#4,163499,152,80
56,G#4,163665,153,80
58,A#4,163832,153,80
58,A#4,163999,1263,80
58,A#4,165332,312,80
56,G#4,165665,313,80
59,B4,165999,312,80
58,A#4,166332,1576,80
54,F#4,167999,312,80
56,G#4,168332,312,80
57,A4,168665,1264,80
59,B4,169999,312,80
57,A4,170332,312,80
56,G#4,170665,2528,80
56,G#4,173332,312,80
61,C#5,173665,313,80
60,C5,173999,312,80
61,C#5,174332,1576,80
56,G#4,175999,312,80
58,A#4,176332,312,80
59,B4,176665,167,80
59,B4,176832,153,80
58,A#4,176999,1576,80
59,B4,178665,313,80
58,A#4,178999,312,80
56,G#4,179332,632,80
52,E4,179999,472,80
49,C#4,180499,152,80
49,C#4,180665,313,80
52,E4,180999,312,80
51,D#4,181332,1895,80
--end--
25,C#2,2666,313,80
32,G#2,3000,312,80
37,C#3,3333,1264,80
44,G#3,4666,666,80
37,C#3,5332,667,80
30,F#2,5332,312,80
37,C#3,5665,313,80
42,F#3,5999,1263,80
37,C#3,7332,666,80
42,F#3,7998,667,80
25,C#2,7998,312,80
32,G#2,8331,312,80
37,C#3,8664,1264,80
44,G#3,9998,666,80
37,C#3,10664,666,80
25,C#2,10664,313,80
32,G#2,10998,312,80
37,C#3,11331,1264,80
44,G#3,12664,666,80
37,C#3,13330,667,80
25,C#2,13330,312,80
32,G#2,13663,313,80
37,C#3,13997,1263,80
44,G#3,15330,666,80
37,C#3,15996,667,80
33,A2,15996,312,80
40,E3,16329,312,80
44,G#3,16662,1264,80
45,A3,17996,666,80
40,E3,18662,666,80
37,C#3,18662,1333,80
25,C#2,19995,1333,80
32,G#2,19995,1334,80
33,A2,19995,1333,80
21,A1,21328,1333,80
28,E2,21328,1333,80
23,B1,21328,312,80
30,F#2,21661,313,80
39,D#3,21995,1263,80
44,G#3,23328,666,80
39,D#3,23994,667,80
33,A2,23994,312,80
40,E3,24327,312,80
44,G#3,24660,1264,80
44,G#3,25994,631,80
25,C#2,26660,313,80
32,G#2,26994,312,80
37,C#3,27327,1264,80
37,C#3,28660,666,80
44,G#3,29326,667,80
25,C#2,29326,312,80
32,G#2,29659,313,80
37,C#3,29993,1263,80
37,C#3,31326,666,80
44,G#3,31992,667,80
25,C#2,31992,312,80
32,G#2,32325,312,80
37,C#3,32658,1264,80
45,A3,33992,666,80
37,C#3,34658,666,80
25,C#2,34658,313,80
32,G#2,34992,312,80
37,C#3,35325,1264,80
37,C#3,36658,666,80
44,G#3,37324,667,80
25,C#2,37324,312,80
32,G#2,37657,313,80
37,C#3,37991,1263,80
44,G#3,39324,666,80
37,C#3,39990,667,80
25,C#2,39990,312,80
32,G#2,40323,312,80
37,C#3,40656,1264,80
44,G#3,41990,666,80
37,C#3,42656,666,80
30,F#2,42656,313,80
37,C#3,42990,312,80
42,F#3,43323,1264,80
42,F#3,44656,666,80
49,C#4,45322,667,80
25,C#2,45322,312,80
32,G#2,45655,313,80
37,C#3,45989,1263,80
44,G#3,47322,666,80
37,C#3,47988,667,80
25,C#2,47988,312,80
32,G#2,48321,312,80
37,C#3,48654,1264,80
44,G#3,49988,666,80
37,C#3,50654,666,80
25,C#2,50654,313,80
32,G#2,50988,312,80
37,C#3,51321,1264,80
44,G#3,52654,666,80
37,C#3,53320,667,80
30,F#2,53320,312,80
37,C#3,53653,313,80
42,F#3,53987,1263,80
49,C#4,55320,666,80
42,F#3,55986,667,80
25,C#2,55986,312,80
32,G#2,56319,312,80
37,C#3,56652,1264,80
44,G#3,57986,666,80
37,C#3,58652,666,80
25,C#2,58652,313,80
32,G#2,58986,312,80
37,C#3,59319,1264,80
44,G#3,60652,666,80
37,C#3,61318,667,80
25,C#2,61318,312,80
32,G#2,61651,313,80
37,C#3,61985,1263,80
44,G#3,63318,666,80
37,C#3,63984,667,80
25,C#2,63984,312,80
32,G#2,64317,312,80
37,C#3,64650,1264,80
37,C#3,65984,666,80
44,G#3,66650,666,80
32,G#2,66650,1333,80
37,C#3,67983,1333,80
25,C#2,67983,1334,80
33,A2,67983,1333,80
21,A1,69316,1333,80
28,E2,69316,1333,80
23,B1,69316,312,80
30,F#2,69649,313,80
39,D#3,69983,1263,80
44,G#3,71316,666,80
39,D#3,71982,667,80
33,A2,71982,312,80
40,E3,72315,312,80
45,A3,72648,1264,80
45,A3,73982,666,80
37,C#3,74648,666,80
25,C#2,74648,313,80
32,G#2,74982,312,80
37,C#3,75315,1264,80
44,G#3,76648,666,80
37,C#3,77314,667,80
25,C#2,77314,312,80
32,G#2,77647,313,80
37,C#3,77981,1263,80
37,C#3,79314,666,80
44,G#3,79980,667,80
30,F#2,79980,312,80
37,C#3,80313,312,80
42,F#3,80646,1264,80
42,F#3,81980,666,80
49,C#4,82646,666,80
25,C#2,82646,313,80
32,G#2,82980,312,80
37,C#3,83313,1264,80
44,G#3,84646,666,80
37,C#3,85312,667,80
25,C#2,85312,312,80
32,G#2,85645,313,80
37,C#3,85979,1263,80
44,G#3,87312,666,80
37,C#3,87978,667,80
25,C#2,87978,312,80
32,G#2,88311,312,80
37,C#3,88644,1264,80
44,G#3,89978,666,80
37,C#3,90644,666,80
30,F#2,90644,313,80
37,C#3,90978,312,80
42,F#3,91311,1264,80
42,F#3,92644,666,80
49,C#4,93310,667,80
25,C#2,93310,312,80
32,G#2,93643,313,80
37,C#3,93977,1263,80
44,G#3,95310,666,80
37,C#3,95976,667,80
25,C#2,95976,312,80
32,G#2,96309,312,80
37,C#3,96642,1264,80
44,G#3,97976,666,80
37,C#3,98642,666,80
25,C#2,98642,313,80
32,G#2,98976,312,80
37,C#3,99309,1264,80
44,G#3,100642,666,80
37,C#3,101308,667,80
25,C#2,101308,312,80
32,G#2,101641,313,80
37,C#3,101975,1263,80
37,C#3,103308,666,80
44,G#3,103974,667,80
37,C#3,103974,1333,80
25,C#2,105307,1333,80
32,G#2,105307,1333,80
33,A2,105307,1333,80
21,A1,106640,1333,80
28,E2,106640,1333,80
23,B1,106640,313,80
30,F#2,106974,312,80
39,D#3,107307,1264,80
44,G#3,108640,666,80
39,D#3,109306,667,80
25,C#2,109306,312,80
32,G#2,109639,313,80
37,C#3,109973,1263,80
44,G#3,111306,666,80
37,C#3,111972,667,80
37,C#3,111972,312,80
44,G#3,112305,312,80
49,C#4,112638,1264,80
49,C#4,113972,632,80
25,C#2,114638,313,80
32,G#2,114972,312,80
37,C#3,115305,1264,80
37,C#3,116638,666,80
32,G#2,117304,667,80
32,G#2,117304,312,80
37,C#3,117637,313,80
39,D#3,117971,1263,80
37,C#3,119304,666,80
44,G#3,119970,667,80
32,G#2,119970,312,80
39,D#3,120303,312,80
44,G#3,120636,1264,80
39,D#3,121970,666,80
44,G#3,122636,666,80
25,C#2,122636,313,80
32,G#2,122970,312,80
37,C#3,123303,1264,80
44,G#3,124636,666,80
37,C#3,125302,667,80
30,F#2,125302,312,80
37,C#3,125635,313,80
42,F#3,125969,1263,80
51,D#4,127302,666,80
44,G#3,127968,667,80
30,F#2,127968,312,80
37,C#3,128301,312,80
42,F#3,128634,1264,80
49,C#4,129968,666,80
42,F#3,130634,666,80
25,C#2,130634,313,80
32,G#2,130968,312,80
37,C#3,131301,1264,80
37,C#3,132634,666,80
44,G#3,133300,667,80
25,C#2,133300,312,80
32,G#2,133633,313,80
37,C#3,133967,1263,80
37,C#3,135300,666,80
44,G#3,135966,667,80
32,G#2,135966,312,80
39,D#3,136299,312,80
44,G#3,136632,1264,80
44,G#3,137966,666,80
39,D#3,138632,666,80
44,G#3,138632,666,80
37,C#3,139298,666,80
41,F3,139298,667,80
46,A#3,139298,666,80
37,C#3,139964,666,80
42,F#3,139964,667,80
37,C#3,139964,666,80
41,F3,140630,666,80
44,G#3,140630,666,80
51,D#4,140630,666,80
44,G#3,141296,666,80
48,C4,141296,667,80
25,C#2,141296,312,80
32,G#2,141629,313,80
37,C#3,141963,1263,80
44,G#3,143296,666,80
37,C#3,143962,667,80
30,F#2,143962,312,80
37,C#3,144295,312,80
42,F#3,144628,1264,80
42,F#3,145962,666,80
49,C#4,146628,666,80
23,B1,146628,313,80
30,F#2,146962,312,80
39,D#3,147295,1264,80
44,G#3,148628,666,80
39,D#3,149294,667,80
23,B1,149294,312,80
30,F#2,149627,313,80
39,D#3,149961,1263,80
39,D#3,151294,666,80
44,G#3,151960,667,80
25,C#2,151960,312,80
32,G#2,152293,312,80
37,C#3,152626,1264,80
44,G#3,153960,666,80
37,C#3,154626,666,80
30,F#2,154626,313,80
37,C#3,154960,312,80
42,F#3,155293,1264,80
42,F#3,156626,666,80
49,C#4,157292,667,80
23,B1,157292,312,80
30,F#2,157625,313,80
39,D#3,157959,1263,80
44,G#3,159292,666,80
39,D#3,159958,667,80
23,B1,159958,312,80
30,F#2,160291,312,80
39,D#3,160624,1264,80
39,D#3,161958,666,80
44,G#3,162624,666,80
27,D#2,162624,313,80
34,A#2,162958,312,80
39,D#3,163291,1264,80
39,D#3,164624,666,80
46,A#3,165290,667,80
34,A#2,165290,312,80
41,F3,165623,313,80
46,A#3,165957,1263,80
41,F3,167290,666,80
46,A#3,167956,667,80
30,F#2,167956,312,80
37,C#3,168289,312,80
42,F#3,168622,1264,80
42,F#3,169956,632,80
25,C#2,170622,313,80
32,G#2,170956,312,80
37,C#3,171289,1264,80
32,G#2,172622,666,80
37,C#3,173288,667,80
25,C#2,173288,312,80
32,G#2,173621,313,80
37,C#3,173955,1263,80
32,G#2,175288,666,80
37,C#3,175954,667,80
30,F#2,175954,312,80
37,C#3,176287,312,80
42,F#3,176620,1264,80
42,F#3,177954,666,80
49,C#4,178620,666,80
28,E2,178620,313,80
35,B2,178954,312,80
40,E3,179287,1264,80
52,E4,180620,666,80
45,A3,181286,667,80
32,G#2,181286,312,80
36,C3,181619,313,80
39,D#3,181953,1263,80
51,D#4,183286,631,80
44,G#3,183917,631,80