61,C#5,0,449,80
64,E5,473,450,80
61,C#5,947,299,80
61,C#5,1263,449,80
64,E5,1736,450,80
61,C#5,2210,299,80
61,C#5,2526,449,80
64,E5,2999,450,80
61,C#5,3473,300,80
63,D#5,3789,449,80
61,C#5,4263,449,80
59,B4,4736,300,80
61,C#5,5052,449,80
64,E5,5526,449,80
61,C#5,5999,300,80
61,C#5,6315,450,80
64,E5,6789,449,80
61,C#5,7263,299,80
61,C#5,7578,450,80
64,E5,8052,449,80
61,C#5,8526,299,80
63,D#5,8842,449,80
61,C#5,9315,450,80
61,C#5,9789,158,80
49,C#4,9947,158,80
52,E4,10105,299,80
52,E4,10421,157,80
52,E4,10578,158,80
52,E4,10736,158,80
52,E4,10894,300,80
52,E4,11210,299,80
52,E4,11526,158,80
52,E4,11684,158,80
52,E4,11842,157,80
52,E4,11999,158,80
52,E4,12157,158,80
52,E4,12315,158,80
52,E4,12473,158,80
52,E4,12631,299,80
52,E4,12947,299,80
56,G#4,13263,158,80
56,G#4,13421,299,80
56,G#4,13736,1350,80
59,B4,15157,158,80
56,G#4,15315,158,80
56,G#4,15473,158,80
56,G#4,15631,299,80
56,G#4,15947,299,80
56,G#4,16263,158,80
54,F#4,16421,157,80
54,F#4,16578,158,80
54,F#4,16736,158,80
54,F#4,16894,158,80
54,F#4,17052,299,80
54,F#4,17368,158,80
54,F#4,17526,158,80
54,F#4,17684,299,80
54,F#4,17999,158,80
54,F#4,18157,158,80
54,F#4,18315,158,80
52,E4,18473,299,80
49,C#4,18789,1049,80
49,C#4,19894,158,80
49,C#4,20052,158,80
54,F#4,20210,158,80
56,G#4,20368,158,80
56,G#4,20526,158,80
56,G#4,20684,158,80
56,G#4,20842,157,80
56,G#4,20999,158,80
56,G#4,21157,158,80
56,G#4,21315,158,80
56,G#4,21473,158,80
56,G#4,21631,158,80
56,G#4,21789,158,80
56,G#4,21947,299,80
56,G#4,22263,299,80
56,G#4,22578,158,80
61,C#5,22736,300,80
54,F#4,23052,158,80
56,G#4,23210,158,80
54,F#4,23368,158,80
54,F#4,23526,158,80
54,F#4,23684,158,80
56,G#4,23842,749,80
52,E4,24631,299,80
52,E4,24947,158,80
52,E4,25105,158,80
52,E4,25263,449,80
59,B4,25736,300,80
56,G#4,26052,158,80
56,G#4,26210,158,80
56,G#4,26368,158,80
54,F#4,26526,158,80
54,F#4,26684,158,80
54,F#4,26842,157,80
54,F#4,26999,300,80
54,F#4,27315,300,80
54,F#4,27631,158,80
54,F#4,27789,299,80
54,F#4,28105,299,80
54,F#4,28421,299,80
52,E4,28736,158,80
49,C#4,28894,300,80
44,G#3,29210,158,80
44,G#3,29368,158,80
47,B3,29526,158,80
49,C#4,29684,158,80
49,C#4,29842,157,80
49,C#4,29999,300,80
49,C#4,30315,300,80
49,C#4,30631,299,80
49,C#4,30947,299,80
47,B3,31263,299,80
49,C#4,31578,300,80
56,G#4,31894,300,80
54,F#4,32210,599,80
52,E4,32842,157,80
54,F#4,32999,300,80
56,G#4,33315,158,80
54,F#4,33473,299,80
52,E4,33789,299,80
49,C#4,34105,299,80
52,E4,34421,299,80
56,G#4,34736,158,80
54,F#4,34894,158,80
54,F#4,35052,299,80
49,C#4,35368,599,80
59,B4,35999,158,80
56,G#4,36157,158,80
56,G#4,36315,300,80
54,F#4,36631,158,80
52,E4,36789,158,80
52,E4,36947,299,80
49,C#4,37263,599,80
52,E4,37894,158,80
54,F#4,38052,299,80
56,G#4,38368,158,80
54,F#4,38526,299,80
52,E4,38842,299,80
54,F#4,39157,300,80
52,E4,39473,299,80
49,C#4,39789,299,80
49,C#4,40105,299,80
49,C#4,40420,600,80
49,C#4,41052,299,80
47,B3,41368,299,80
49,C#4,41684,299,80
56,G#4,41999,300,80
54,F#4,42315,600,80
54,F#4,42947,158,80
54,F#4,43105,299,80
56,G#4,43420,158,80
54,F#4,43578,300,80
52,E4,43894,300,80
49,C#4,44210,299,80
52,E4,44526,299,80
56,G#4,44842,157,80
54,F#4,44999,158,80
52,E4,45157,158,80
54,F#4,45315,158,80
49,C#4,45473,599,80
59,B4,46105,158,80
56,G#4,46263,157,80
56,G#4,46420,300,80
54,F#4,46736,158,80
52,E4,46894,158,80
52,E4,47052,299,80
49,C#4,47368,299,80
49,C#4,47684,299,80
59,B4,47999,158,80
56,G#4,48157,158,80
54,F#4,48315,158,80
56,G#4,48473,158,80
54,F#4,48631,158,80
52,E4,48789,158,80
52,E4,48947,299,80
49,C#4,49263,1199,80
52,E4,51473,158,80
54,F#4,51631,158,80
56,G#4,51789,299,80
54,F#4,52105,158,80
52,E4,52263,157,80
52,E4,52420,300,80
54,F#4,52736,300,80
54,F#4,53052,599,80
52,E4,53842,157,80
52,E4,53999,158,80
54,F#4,54157,158,80
56,G#4,54315,300,80
54,F#4,54631,158,80
52,E4,54789,158,80
52,E4,54947,299,80
54,F#4,55263,299,80
49,C#4,55578,600,80
49,C#4,56368,158,80
52,E4,56526,158,80
54,F#4,56684,158,80
56,G#4,56842,299,80
49,C#4,57157,300,80
52,E4,57473,299,80
54,F#4,57789,299,80
54,F#4,58105,899,80
52,E4,59052,158,80
54,F#4,59210,158,80
56,G#4,59368,299,80
54,F#4,59684,158,80
52,E4,59842,157,80
54,F#4,59999,450,80
49,C#4,60473,749,80
49,C#4,61420,158,80
54,F#4,61578,300,80
56,G#4,61894,299,80
59,B4,62210,158,80
56,G#4,62368,158,80
52,E4,62526,299,80
52,E4,62842,299,80
54,F#4,63157,600,80
49,C#4,63947,158,80
52,E4,64105,158,80
54,F#4,64263,157,80
56,G#4,64420,300,80
54,F#4,64736,300,80
52,E4,65052,299,80
54,F#4,65368,299,80
49,C#4,65684,299,80
49,C#4,65999,158,80
49,C#4,66157,158,80
49,C#4,66315,158,80
49,C#4,66473,158,80
52,E4,66631,158,80
54,F#4,66789,158,80
56,G#4,66947,299,80
49,C#4,67263,299,80
52,E4,67578,300,80
54,F#4,67894,299,80
54,F#4,68210,599,80
49,C#4,68999,158,80
52,E4,69157,158,80
54,F#4,69315,158,80
56,G#4,69473,299,80
54,F#4,69789,158,80
52,E4,69947,158,80
54,F#4,70105,449,80
49,C#4,70578,158,80
49,C#4,70736,300,80
49,C#4,71052,299,80
52,E4,71368,299,80
52,E4,71684,299,80
54,F#4,71999,300,80
54,F#4,72315,300,80
56,G#4,72631,299,80
56,G#4,72947,299,80
49,C#4,74052,158,80
52,E4,74210,158,80
54,F#4,74368,158,80
56,G#4,74526,299,80
54,F#4,74841,158,80
52,E4,74999,158,80
54,F#4,75157,450,80
49,C#4,75631,158,80
49,C#4,75789,299,80
49,C#4,76105,299,80
52,E4,76420,300,80
52,E4,76736,300,80
54,F#4,77052,299,80
54,F#4,77368,299,80
56,G#4,77684,299,80
56,G#4,77999,300,80
49,C#4,79105,158,80
52,E4,79263,157,80
54,F#4,79420,158,80
56,G#4,79578,300,80
54,F#4,79894,158,80
52,E4,80052,158,80
54,F#4,80210,449,80
49,C#4,80684,157,80
49,C#4,80841,300,80
49,C#4,81157,300,80
52,E4,81473,299,80
52,E4,81789,299,80
54,F#4,82105,299,80
54,F#4,82420,300,80
56,G#4,82736,300,80
56,G#4,83052,299,80
49,C#4,84157,158,80
52,E4,84315,158,80
54,F#4,84473,158,80
56,G#4,84631,299,80
54,F#4,84947,158,80
52,E4,85105,158,80
54,F#4,85263,449,80
49,C#4,85736,150,80
49,C#4,86210,158,80
49,C#4,86368,158,80
49,C#4,86526,158,80
49,C#4,86684,157,80
52,E4,86841,158,80
54,F#4,86999,158,80
56,G#4,87157,300,80
49,C#4,87473,299,80
52,E4,87789,299,80
54,F#4,88105,299,80
54,F#4,88420,600,80
49,C#4,89210,158,80
52,E4,89368,158,80
54,F#4,89526,158,80
56,G#4,89684,299,80
54,F#4,89999,158,80
52,E4,90157,158,80
52,E4,90315,299,80
54,F#4,90631,299,80
49,C#4,90947,158,80
52,E4,91105,158,80
52,E4,91263,157,80
52,E4,91420,300,80
52,E4,91736,158,80
52,E4,91894,158,80
52,E4,92052,158,80
52,E4,92210,158,80
52,E4,92368,158,80
52,E4,92526,158,80
52,E4,92684,299,80
52,E4,92999,158,80
52,E4,93157,158,80
52,E4,93315,158,80
52,E4,93473,299,80
52,E4,93789,299,80
56,G#4,94105,158,80
56,G#4,94263,299,80
56,G#4,94578,750,80
52,E4,95526,158,80
52,E4,95684,299,80
59,B4,95999,158,80
56,G#4,96157,158,80
56,G#4,96315,158,80
56,G#4,96473,299,80
56,G#4,96789,158,80
56,G#4,96947,158,80
56,G#4,97105,158,80
54,F#4,97263,157,80
54,F#4,97420,158,80
54,F#4,97578,158,80
54,F#4,97736,158,80
54,F#4,97894,299,80
54,F#4,98210,158,80
54,F#4,98368,158,80
54,F#4,98526,299,80
54,F#4,98841,158,80
54,F#4,98999,158,80
54,F#4,99157,158,80
52,E4,99315,158,80
52,E4,99473,158,80
49,C#4,99631,749,80
49,C#4,100578,158,80
49,C#4,100736,158,80
49,C#4,100894,158,80
56,G#4,101052,158,80
56,G#4,101210,158,80
56,G#4,101368,158,80
56,G#4,101526,299,80
56,G#4,101841,158,80
56,G#4,101999,158,80
56,G#4,102157,158,80
56,G#4,102315,158,80
56,G#4,102473,158,80
56,G#4,102631,158,80
56,G#4,102789,299,80
56,G#4,103105,157,80
56,G#4,103262,158,80
56,G#4,103420,158,80
56,G#4,103578,158,80
56,G#4,103736,158,80
56,G#4,103894,299,80
54,F#4,104210,158,80
54,F#4,104368,158,80
54,F#4,104526,158,80
56,G#4,104684,1049,80
52,E4,105789,158,80
52,E4,105947,158,80
52,E4,106105,157,80
52,E4,106262,158,80
52,E4,106420,158,80
56,G#4,106578,300,80
56,G#4,106894,299,80
52,E4,107210,158,80
52,E4,107368,158,80
52,E4,107526,158,80
52,E4,107684,157,80
56,G#4,107841,300,80
56,G#4,108157,158,80
54,F#4,108315,158,80
54,F#4,108473,158,80
54,F#4,108631,158,80
54,F#4,108789,158,80
54,F#4,108947,158,80
54,F#4,109105,157,80
54,F#4,109262,158,80
54,F#4,109420,158,80
52,E4,109578,158,80
49,C#4,109736,300,80
44,G#3,110052,158,80
44,G#3,110210,158,80
47,B3,110368,158,80
49,C#4,110526,158,80
49,C#4,110684,157,80
49,C#4,110841,300,80
49,C#4,111157,300,80
49,C#4,111473,299,80
49,C#4,111789,299,80
47,B3,112105,299,80
49,C#4,112420,300,80
56,G#4,112736,300,80
54,F#4,113052,599,80
52,E4,113684,157,80
54,F#4,113841,300,80
56,G#4,114157,158,80
54,F#4,114315,299,80
52,E4,114631,299,80
49,C#4,114947,299,80
52,E4,115262,300,80
56,G#4,115578,158,80
54,F#4,115736,158,80
54,F#4,115894,299,80
49,C#4,116210,599,80
59,B4,116841,158,80
56,G#4,116999,158,80
56,G#4,117157,300,80
54,F#4,117473,158,80
52,E4,117631,158,80
52,E4,117789,299,80
49,C#4,118105,599,80
52,E4,118736,158,80
54,F#4,118894,299,80
56,G#4,119210,158,80
54,F#4,119368,299,80
52,E4,119684,299,80
54,F#4,119999,300,80
52,E4,120315,299,80
49,C#4,120631,299,80
49,C#4,120947,299,80
49,C#4,121262,600,80
49,C#4,121894,299,80
47,B3,122210,299,80
49,C#4,122526,299,80
56,G#4,122841,300,80
54,F#4,123157,600,80
54,F#4,123789,158,80
54,F#4,123947,299,80
56,G#4,124262,158,80
54,F#4,124420,300,80
52,E4,124736,299,80
49,C#4,125052,299,80
52,E4,125368,299,80
56,G#4,125684,157,80
54,F#4,125841,158,80
52,E4,125999,158,80
54,F#4,126157,158,80
49,C#4,126315,599,80
59,B4,126947,158,80
56,G#4,127105,157,80
56,G#4,127262,300,80
54,F#4,127578,158,80
52,E4,127736,158,80
52,E4,127894,299,80
49,C#4,128210,299,80
49,C#4,128526,299,80
59,B4,128841,158,80
56,G#4,128999,158,80
54,F#4,129157,158,80
56,G#4,129315,158,80
54,F#4,129473,158,80
52,E4,129631,158,80
52,E4,129789,299,80
49,C#4,130105,1199,80
52,E4,132315,158,80
54,F#4,132473,158,80
56,G#4,132631,299,80
54,F#4,132947,158,80
52,E4,133105,157,80
52,E4,133262,300,80
54,F#4,133578,300,80
54,F#4,133894,599,80
52,E4,134684,157,80
52,E4,134841,158,80
54,F#4,134999,158,80
56,G#4,135157,300,80
54,F#4,135473,158,80
52,E4,135631,158,80
52,E4,135789,299,80
54,F#4,136105,299,80
49,C#4,136420,600,80
49,C#4,137210,158,80
52,E4,137368,158,80
54,F#4,137526,158,80
56,G#4,137684,299,80
49,C#4,137999,300,80
52,E4,138315,299,80
54,F#4,138631,299,80
54,F#4,138947,899,80
52,E4,139894,158,80
54,F#4,140052,158,80
56,G#4,140210,299,80
54,F#4,140526,157,80
52,E4,140683,158,80
54,F#4,140841,450,80
49,C#4,141315,749,80
49,C#4,142262,158,80
54,F#4,142420,300,80
56,G#4,142736,299,80
59,B4,143052,158,80
56,G#4,143210,158,80
52,E4,143368,299,80
52,E4,143683,300,80
54,F#4,143999,600,80
49,C#4,144789,158,80
52,E4,144947,158,80
54,F#4,145105,157,80
56,G#4,145262,300,80
54,F#4,145578,300,80
52,E4,145894,299,80
54,F#4,146210,299,80
49,C#4,146526,299,80
49,C#4,146841,158,80
49,C#4,146999,158,80
49,C#4,147157,158,80
49,C#4,147315,158,80
52,E4,147473,158,80
54,F#4,147631,158,80
56,G#4,147789,299,80
49,C#4,148105,299,80
52,E4,148420,300,80
54,F#4,148736,299,80
54,F#4,149052,599,80
49,C#4,149841,158,80
52,E4,149999,158,80
54,F#4,150157,158,80
56,G#4,150315,299,80
54,F#4,150631,158,80
52,E4,150789,158,80
54,F#4,150947,449,80
49,C#4,151420,158,80
49,C#4,151578,300,80
49,C#4,151894,299,80
52,E4,152210,299,80
52,E4,152526,299,80
54,F#4,152841,300,80
54,F#4,153157,300,80
56,G#4,153473,299,80
56,G#4,153789,299,80
49,C#4,154894,158,80
52,E4,155052,158,80
54,F#4,155210,158,80
56,G#4,155368,299,80
54,F#4,155683,158,80
52,E4,155841,158,80
54,F#4,155999,450,80
49,C#4,156473,158,80
49,C#4,156631,299,80
49,C#4,156947,299,80
52,E4,157262,300,80
52,E4,157578,300,80
54,F#4,157894,299,80
54,F#4,158210,299,80
56,G#4,158526,299,80
56,G#4,158841,300,80
49,C#4,159947,158,80
52,E4,160105,157,80
54,F#4,160262,158,80
56,G#4,160420,300,80
54,F#4,160736,158,80
52,E4,160894,158,80
54,F#4,161052,449,80
49,C#4,161526,149,80
49,C#4,161999,158,80
49,C#4,162157,158,80
49,C#4,162315,158,80
49,C#4,162473,158,80
52,E4,162631,158,80
54,F#4,162789,158,80
56,G#4,162947,299,80
49,C#4,163262,300,80
52,E4,163578,300,80
54,F#4,163894,299,80
54,F#4,164210,599,80
49,C#4,164999,158,80
52,E4,165157,158,80
54,F#4,165315,158,80
56,G#4,165473,299,80
54,F#4,165789,158,80
52,E4,165947,158,80
52,E4,166105,299,80
54,F#4,166420,300,80
49,C#4,166736,299,80
56,G#4,167052,158,80
56,G#4,167210,299,80
54,F#4,167526,299,80
52,E4,167841,158,80
54,F#4,167999,300,80
56,G#4,168315,299,80
49,C#4,168631,299,80
49,C#4,168947,299,80
56,G#4,169578,158,80
56,G#4,169736,299,80
54,F#4,170052,299,80
52,E4,170368,158,80
54,F#4,170526,299,80
52,E4,170841,300,80
49,C#4,171157,299,80
49,C#4,171473,299,80
56,G#4,172104,158,80
56,G#4,172262,300,80
54,F#4,172578,300,80
52,E4,172894,158,80
54,F#4,173052,299,80
52,E4,173368,299,80
49,C#4,173683,300,80
49,C#4,173999,300,80
56,G#4,174631,158,80
56,G#4,174789,299,80
54,F#4,175104,300,80
52,E4,175420,158,80
54,F#4,175578,300,80
52,E4,175894,299,80
49,C#4,176210,299,80
49,C#4,176526,299,80
56,G#4,177157,158,80
56,G#4,177315,299,80
54,F#4,177631,299,80
52,E4,177947,157,80
54,F#4,178104,300,80
52,E4,178420,300,80
49,C#4,178736,299,80
49,C#4,179052,299,80
56,G#4,179683,158,80
56,G#4,179841,300,80
54,F#4,180157,299,80
52,E4,180473,158,80
54,F#4,180631,299,80
52,E4,180947,299,80
49,C#4,181262,300,80
49,C#4,181578,300,80
56,G#4,182210,158,80
56,G#4,182368,299,80
54,F#4,182683,300,80
52,E4,182999,158,80
54,F#4,183157,299,80
52,E4,183473,299,80
49,C#4,183789,299,80
49,C#4,184104,300,80
56,G#4,184736,158,80
56,G#4,184894,299,80
54,F#4,185210,299,80
52,E4,185526,157,80
54,F#4,185683,300,80
52,E4,185999,300,80
49,C#4,186315,299,80
49,C#4,186631,299,80
52,E4,187894,158,80
54,F#4,188052,158,80
56,G#4,188210,299,80
54,F#4,188526,157,80
52,E4,188683,158,80
52,E4,188841,300,80
54,F#4,189157,299,80
54,F#4,189473,599,80
52,E4,190262,158,80
52,E4,190420,158,80
54,F#4,190578,158,80
56,G#4,190736,299,80
54,F#4,191052,158,80
52,E4,191210,158,80
52,E4,191368,299,80
54,F#4,191683,300,80
49,C#4,191999,600,80
49,C#4,192789,158,80
52,E4,192947,157,80
54,F#4,193104,158,80
56,G#4,193262,300,80
49,C#4,193578,300,80
52,E4,193894,299,80
54,F#4,194210,299,80
54,F#4,194526,899,80
52,E4,195473,158,80
54,F#4,195631,158,80
56,G#4,195789,299,80
54,F#4,196104,158,80
52,E4,196262,158,80
54,F#4,196420,450,80
49,C#4,196894,749,80
49,C#4,197841,158,80
54,F#4,197999,300,80
56,G#4,198315,299,80
59,B4,198631,158,80
56,G#4,198789,158,80
52,E4,198947,299,80
52,E4,199262,300,80
54,F#4,199578,599,80
49,C#4,200368,158,80
52,E4,200526,157,80
54,F#4,200683,158,80
56,G#4,200841,300,80
54,F#4,201157,299,80
52,E4,201473,299,80
54,F#4,201789,299,80
49,C#4,202104,300,80
49,C#4,202420,158,80
49,C#4,202578,158,80
49,C#4,202736,158,80
49,C#4,202894,158,80
52,E4,203052,158,80
54,F#4,203210,158,80
56,G#4,203368,299,80
49,C#4,203683,300,80
52,E4,203999,300,80
54,F#4,204315,299,80
54,F#4,204631,599,80
49,C#4,205420,158,80
52,E4,205578,158,80
54,F#4,205736,158,80
56,G#4,205894,299,80
54,F#4,206210,158,80
52,E4,206368,157,80
54,F#4,206525,450,80
49,C#4,206999,158,80
49,C#4,207157,299,80
49,C#4,207473,299,80
52,E4,207789,299,80
52,E4,208104,300,80
54,F#4,208420,300,80
54,F#4,208736,299,80
56,G#4,209052,299,80
56,G#4,209368,299,80
49,C#4,210473,158,80
52,E4,210631,158,80
54,F#4,210789,158,80
56,G#4,210947,299,80
54,F#4,211262,158,80
52,E4,211420,158,80
54,F#4,211578,449,80
49,C#4,212052,158,80
49,C#4,212210,299,80
49,C#4,212525,300,80
52,E4,212841,300,80
52,E4,213157,299,80
54,F#4,213473,299,80
54,F#4,213789,299,80
56,G#4,214104,300,80
56,G#4,214420,300,80
49,C#4,215525,158,80
52,E4,215683,158,80
54,F#4,215841,158,80
56,G#4,215999,300,80
54,F#4,216315,158,80
52,E4,216473,158,80
54,F#4,216631,449,80
49,C#4,217104,150,80
49,C#4,217578,158,80
49,C#4,217736,158,80
49,C#4,217894,158,80
49,C#4,218052,158,80
52,E4,218210,158,80
54,F#4,218368,157,80
56,G#4,218525,300,80
49,C#4,218841,300,80
52,E4,219157,299,80
54,F#4,219473,299,80
54,F#4,219789,599,80
49,C#4,220578,158,80
52,E4,220736,158,80
56,G#4,220894,299,80
54,F#4,221210,299,80
52,E4,221525,158,80
54,F#4,221683,300,80
52,E4,221999,299,80
49,C#4,222315,1199,80
--end--
37,C#3,0,299,80
37,C#3,315,300,80
37,C#3,631,299,80
44,G#3,947,299,80
42,F#3,1263,299,80
42,F#3,1578,300,80
42,F#3,1894,300,80
45,A3,2210,299,80
33,A2,2526,299,80
33,A2,2842,299,80
33,A2,3157,300,80
40,E3,3473,300,80
35,B2,3789,1199,80
37,C#3,5052,299,80
37,C#3,5368,299,80
37,C#3,5684,299,80
44,G#3,5999,300,80
42,F#3,6315,300,80
42,F#3,6631,299,80
42,F#3,6947,299,80
45,A3,7263,299,80
33,A2,7578,300,80
33,A2,7894,300,80
33,A2,8210,299,80
40,E3,8526,299,80
35,B2,8842,1199,80
44,G#3,10105,473,80
37,C#3,10578,473,80
37,C#3,10578,473,80
44,G#3,11051,474,80
37,C#3,11051,315,80
44,G#3,11366,316,80
33,A2,11366,473,80
42,F#3,11839,474,80
33,A2,11839,473,80
42,F#3,12312,473,80
33,A2,12312,315,80
42,F#3,12627,316,80
33,A2,12627,473,80
45,A3,13100,474,80
33,A2,13100,473,80
45,A3,13573,473,80
45,A3,13573,315,80
33,A2,13888,316,80
35,B2,13888,473,80
42,F#3,14361,474,80
35,B2,14361,473,80
42,F#3,14834,474,80
35,B2,14834,315,80
42,F#3,15149,315,80
37,C#3,15149,473,80
44,G#3,15622,474,80
37,C#3,15622,473,80
44,G#3,16095,474,80
37,C#3,16095,315,80
44,G#3,16410,316,80
33,A2,16410,473,80
42,F#3,16883,473,80
33,A2,16883,473,80
42,F#3,17356,474,80
42,F#3,17356,315,80
33,A2,17671,316,80
33,A2,17671,473,80
45,A3,18144,473,80
33,A2,18144,473,80
45,A3,18617,474,80
33,A2,18617,315,80
45,A3,18932,316,80
35,B2,18932,473,80
42,F#3,19405,474,80
35,B2,19405,473,80
42,F#3,19878,473,80
35,B2,19878,315,80
42,F#3,20193,316,80
37,C#3,20193,473,80
44,G#3,20666,474,80
44,G#3,20666,473,80
37,C#3,21139,473,80
37,C#3,21139,315,80
44,G#3,21454,316,80
33,A2,21454,473,80
42,F#3,21927,474,80
33,A2,21927,473,80
42,F#3,22400,474,80
33,A2,22400,315,80
42,F#3,22715,315,80
33,A2,22715,473,80
45,A3,23188,474,80
33,A2,23188,473,80
45,A3,23661,474,80
33,A2,23661,315,80
45,A3,23976,315,80
35,B2,23976,473,80
42,F#3,24449,474,80
42,F#3,24449,473,80
35,B2,24922,474,80
35,B2,24922,315,80
42,F#3,25237,316,80
37,C#3,25237,473,80
44,G#3,25710,473,80
37,C#3,25710,473,80
44,G#3,26183,474,80
37,C#3,26183,315,80
44,G#3,26498,316,80
33,A2,26498,473,80
42,F#3,26971,473,80
33,A2,26971,473,80
42,F#3,27444,474,80
33,A2,27444,315,80
42,F#3,27759,316,80
45,A3,27759,473,80
33,A2,28232,474,80
33,A2,28232,473,80
45,A3,28705,473,80
33,A2,28705,315,80
45,A3,29020,316,80
35,B2,29020,473,80
42,F#3,29493,474,80
35,B2,29493,473,80
42,F#3,29966,473,80
35,B2,29966,315,80
42,F#3,30281,316,80
37,C#3,30281,473,80
44,G#3,30754,474,80
37,C#3,30754,473,80
44,G#3,31227,474,80
37,C#3,31227,315,80
44,G#3,31542,315,80
42,F#3,31542,473,80
33,A2,32015,474,80
33,A2,32015,473,80
42,F#3,32488,474,80
33,A2,32488,315,80
42,F#3,32803,316,80
33,A2,32803,473,80
45,A3,33276,473,80
33,A2,33276,473,80
45,A3,33749,474,80
33,A2,33749,315,80
45,A3,34064,316,80
35,B2,34064,473,80
42,F#3,34537,473,80
35,B2,34537,473,80
42,F#3,35010,474,80
42,F#3,35010,315,80
35,B2,35325,316,80
37,C#3,35325,473,80
44,G#3,35798,474,80
37,C#3,35798,473,80
44,G#3,36271,473,80
37,C#3,36271,315,80
44,G#3,36586,316,80
33,A2,36586,473,80
42,F#3,37059,474,80
33,A2,37059,473,80
42,F#3,37532,473,80
33,A2,37532,315,80
42,F#3,37847,316,80
33,A2,37847,473,80
45,A3,38320,474,80
33,A2,38320,473,80
45,A3,38793,474,80
45,A3,38793,315,80
33,A2,39108,315,80
35,B2,39108,473,80
42,F#3,39581,474,80
35,B2,39581,473,80
42,F#3,40054,474,80
35,B2,40054,315,80
42,F#3,40369,315,80
37,C#3,40369,473,80
44,G#3,40842,474,80
37,C#3,40842,473,80
44,G#3,41315,474,80
37,C#3,41315,315,80
44,G#3,41630,316,80
33,A2,41630,473,80
42,F#3,42103,473,80
42,F#3,42103,473,80
33,A2,42576,474,80
33,A2,42576,315,80
42,F#3,42891,316,80
33,A2,42891,473,80
45,A3,43364,473,80
33,A2,43364,473,80
45,A3,43837,474,80
33,A2,43837,315,80
45,A3,44152,316,80
35,B2,44152,473,80
42,F#3,44625,474,80
35,B2,44625,473,80
42,F#3,45098,473,80
35,B2,45098,315,80
42,F#3,45413,316,80
37,C#3,45413,473,80
44,G#3,45886,474,80
44,G#3,45886,473,80
37,C#3,46359,473,80
37,C#3,46359,315,80
44,G#3,46674,316,80
33,A2,46674,473,80
42,F#3,47147,474,80
33,A2,47147,473,80
42,F#3,47620,474,80
33,A2,47620,315,80
42,F#3,47935,315,80
33,A2,47935,473,80
45,A3,48408,474,80
33,A2,48408,473,80
45,A3,48881,474,80
33,A2,48881,315,80
45,A3,49196,316,80
42,F#3,49196,473,80
35,B2,49669,473,80
35,B2,49669,473,80
42,F#3,50142,474,80
35,B2,50142,315,80
42,F#3,50457,316,80
37,C#3,50457,473,80
44,G#3,50930,473,80
49,C#4,50930,473,80
37,C#3,50930,473,80
44,G#3,51403,473,80
49,C#4,51403,474,80
37,C#3,51403,315,80
44,G#3,51718,315,80
49,C#4,51718,316,80
33,A2,51718,473,80
42,F#3,52191,474,80
42,F#3,52191,473,80
33,A2,52664,473,80
33,A2,52664,315,80
42,F#3,52979,316,80
33,A2,52979,473,80
45,A3,53452,474,80
33,A2,53452,473,80
45,A3,53925,473,80
33,A2,53925,315,80
45,A3,54240,316,80
35,B2,54240,473,80
42,F#3,54713,474,80
35,B2,54713,473,80
42,F#3,55186,474,80
35,B2,55186,315,80
42,F#3,55501,315,80
37,C#3,55501,473,80
44,G#3,55974,474,80
44,G#3,55974,473,80
37,C#3,56447,474,80
37,C#3,56447,315,80
44,G#3,56762,316,80
33,A2,56762,473,80
42,F#3,57235,473,80
33,A2,57235,473,80
42,F#3,57708,474,80
33,A2,57708,315,80
42,F#3,58023,316,80
33,A2,58023,473,80
45,A3,58496,473,80
33,A2,58496,473,80
45,A3,58969,474,80
33,A2,58969,315,80
45,A3,59284,316,80
42,F#3,59284,473,80
35,B2,59757,474,80
35,B2,59757,473,80
42,F#3,60230,473,80
35,B2,60230,315,80
42,F#3,60545,316,80
37,C#3,60545,473,80
44,G#3,61018,474,80
37,C#3,61018,473,80
44,G#3,61491,473,80
37,C#3,61491,315,80
44,G#3,61806,316,80
33,A2,61806,473,80
42,F#3,62279,474,80
33,A2,62279,473,80
42,F#3,62752,474,80
33,A2,62752,315,80
42,F#3,63067,315,80
45,A3,63067,473,80
33,A2,63540,474,80
33,A2,63540,473,80
45,A3,64013,474,80
33,A2,64013,315,80
45,A3,64328,315,80
35,B2,64328,473,80
42,F#3,64801,474,80
35,B2,64801,473,80
42,F#3,65274,474,80
35,B2,65274,315,80
42,F#3,65589,316,80
37,C#3,65589,473,80
44,G#3,66062,473,80
37,C#3,66062,473,80
44,G#3,66535,474,80
44,G#3,66535,315,80
37,C#3,66850,316,80
33,A2,66850,473,80
42,F#3,67323,473,80
33,A2,67323,473,80
42,F#3,67796,474,80
33,A2,67796,315,80
42,F#3,68111,316,80
33,A2,68111,473,80
45,A3,68584,474,80
33,A2,68584,473,80
45,A3,69057,473,80
33,A2,69057,315,80
45,A3,69372,316,80
35,B2,69372,473,80
42,F#3,69845,474,80
35,B2,69845,473,80
42,F#3,70318,473,80
42,F#3,70318,315,80
35,B2,70633,316,80
37,C#3,70633,473,80
44,G#3,71106,474,80
37,C#3,71106,473,80
44,G#3,71579,474,80
37,C#3,71579,315,80
44,G#3,71894,315,80
33,A2,71894,473,80
42,F#3,72367,474,80
33,A2,72367,473,80
42,F#3,72840,474,80
33,A2,72840,315,80
42,F#3,73155,316,80
33,A2,73155,473,80
45,A3,73628,473,80
45,A3,73628,473,80
33,A2,74101,474,80
33,A2,74101,315,80
45,A3,74416,316,80
35,B2,74416,473,80
42,F#3,74889,473,80
35,B2,74889,473,80
42,F#3,75362,474,80
35,B2,75362,315,80
42,F#3,75677,316,80
37,C#3,75677,473,80
44,G#3,76150,474,80
37,C#3,76150,473,80
44,G#3,76623,473,80
37,C#3,76623,315,80
44,G#3,76938,316,80
33,A2,76938,473,80
42,F#3,77411,474,80
42,F#3,77411,473,80
33,A2,77884,473,80
33,A2,77884,315,80
42,F#3,78199,316,80
33,A2,78199,473,80
45,A3,78672,474,80
33,A2,78672,473,80
45,A3,79145,474,80
33,A2,79145,315,80
45,A3,79460,315,80
35,B2,79460,473,80
42,F#3,79933,474,80
35,B2,79933,473,80
42,F#3,80406,474,80
35,B2,80406,315,80
42,F#3,80721,315,80
44,G#3,80721,473,80
37,C#3,81194,474,80
37,C#3,81194,473,80
44,G#3,81667,474,80
37,C#3,81667,315,80
44,G#3,81982,316,80
33,A2,81982,473,80
42,F#3,82455,473,80
33,A2,82455,473,80
42,F#3,82928,474,80
33,A2,82928,315,80
42,F#3,83243,316,80
33,A2,83243,473,80
45,A3,83716,473,80
33,A2,83716,473,80
45,A3,84189,474,80
33,A2,84189,315,80
45,A3,84504,316,80
42,F#3,84504,473,80
35,B2,84977,474,80
35,B2,84977,473,80
42,F#3,85450,473,80
35,B2,85450,315,80
42,F#3,85765,316,80
37,C#3,85765,473,80
44,G#3,86238,474,80
37,C#3,86238,473,80
44,G#3,86711,473,80
37,C#3,86711,315,80
44,G#3,87026,316,80
33,A2,87026,473,80
42,F#3,87499,474,80
33,A2,87499,473,80
42,F#3,87972,474,80
42,F#3,87972,315,80
33,A2,88287,315,80
33,A2,88287,473,80
45,A3,88760,474,80
33,A2,88760,473,80
45,A3,89233,474,80
33,A2,89233,315,80
45,A3,89548,316,80
35,B2,89548,473,80
42,F#3,90021,473,80
35,B2,90021,473,80
42,F#3,90494,474,80
35,B2,90494,315,80
42,F#3,90809,316,80
37,C#3,90809,473,80
44,G#3,91282,473,80
37,C#3,91282,473,80
44,G#3,91755,474,80
44,G#3,91755,315,80
37,C#3,92070,316,80
33,A2,92070,473,80
42,F#3,92543,474,80
33,A2,92543,473,80
42,F#3,93016,473,80
33,A2,93016,315,80
42,F#3,93331,316,80
33,A2,93331,473,80
45,A3,93804,474,80
33,A2,93804,473,80
45,A3,94277,473,80
33,A2,94277,315,80
45,A3,94592,316,80
35,B2,94592,473,80
42,F#3,95065,474,80
42,F#3,95065,473,80
35,B2,95538,474,80
35,B2,95538,315,80
42,F#3,95853,315,80
37,C#3,95853,473,80
44,G#3,96326,474,80
37,C#3,96326,473,80
44,G#3,96799,474,80
37,C#3,96799,315,80
44,G#3,97114,316,80
33,A2,97114,473,80
42,F#3,97587,473,80
33,A2,97587,473,80
42,F#3,98060,474,80
33,A2,98060,315,80
42,F#3,98375,316,80
33,A2,98375,473,80
45,A3,98848,473,80
45,A3,98848,473,80
33,A2,99321,474,80
33,A2,99321,315,80
45,A3,99636,316,80
35,B2,99636,473,80
42,F#3,100109,474,80
35,B2,100109,473,80
42,F#3,100582,473,80
35,B2,100582,315,80
42,F#3,100897,316,80
37,C#3,100897,473,80
44,G#3,101370,474,80
37,C#3,101370,473,80
44,G#3,101843,473,80
37,C#3,101843,315,80
44,G#3,102158,316,80
42,F#3,102158,473,80
33,A2,102631,474,80
33,A2,102631,473,80
42,F#3,103104,473,80
33,A2,103104,315,80
42,F#3,103419,316,80
33,A2,103419,473,80
45,A3,103892,474,80
33,A2,103892,473,80
45,A3,104365,474,80
33,A2,104365,315,80
45,A3,104680,315,80
35,B2,104680,473,80
42,F#3,105153,474,80
35,B2,105153,473,80
42,F#3,105626,474,80
35,B2,105626,315,80
42,F#3,105941,316,80
44,G#3,105941,473,80
37,C#3,106414,473,80
37,C#3,106414,473,80
44,G#3,106887,474,80
37,C#3,106887,315,80
44,G#3,107202,316,80
33,A2,107202,473,80
42,F#3,107675,473,80
33,A2,107675,473,80
42,F#3,108148,474,80
33,A2,108148,315,80
42,F#3,108463,316,80
33,A2,108463,473,80
45,A3,108936,474,80
33,A2,108936,473,80
45,A3,109409,473,80
45,A3,109409,315,80
33,A2,109724,316,80
35,B2,109724,473,80
42,F#3,110197,474,80
35,B2,110197,473,80
42,F#3,110670,473,80
35,B2,110670,315,80
42,F#3,110985,316,80
37,C#3,110985,473,80
44,G#3,111458,474,80
37,C#3,111458,473,80
44,G#3,111931,474,80
37,C#3,111931,315,80
44,G#3,112246,315,80
33,A2,112246,473,80
42,F#3,112719,474,80
33,A2,112719,473,80
42,F#3,113192,474,80
42,F#3,113192,315,80
33,A2,113507,316,80
33,A2,113507,473,80
45,A3,113980,473,80
33,A2,113980,473,80
45,A3,114453,474,80
33,A2,114453,315,80
45,A3,114768,316,80
35,B2,114768,473,80
42,F#3,115241,473,80
35,B2,115241,473,80
42,F#3,115714,474,80
35,B2,115714,315,80
42,F#3,116029,316,80
37,C#3,116029,473,80
44,G#3,116502,474,80
44,G#3,116502,473,80
37,C#3,116975,473,80
37,C#3,116975,315,80
44,G#3,117290,316,80
33,A2,117290,473,80
42,F#3,117763,474,80
33,A2,117763,473,80
42,F#3,118236,473,80
33,A2,118236,315,80
42,F#3,118551,316,80
33,A2,118551,473,80
45,A3,119024,474,80
33,A2,119024,473,80
45,A3,119497,474,80
33,A2,119497,315,80
45,A3,119812,315,80
35,B2,119812,473,80
42,F#3,120285,474,80
42,F#3,120285,473,80
35,B2,120758,474,80
35,B2,120758,315,80
42,F#3,121073,315,80
37,C#3,121073,473,80
44,G#3,121546,474,80
37,C#3,121546,473,80
44,G#3,122019,474,80
37,C#3,122019,315,80
44,G#3,122334,316,80
33,A2,122334,473,80
42,F#3,122807,473,80
33,A2,122807,473,80
42,F#3,123280,474,80
33,A2,123280,315,80
42,F#3,123595,316,80
45,A3,123595,473,80
33,A2,124068,473,80
33,A2,124068,473,80
45,A3,124541,474,80
33,A2,124541,315,80
45,A3,124856,316,80
35,B2,124856,473,80
42,F#3,125329,474,80
35,B2,125329,473,80
42,F#3,125802,473,80
35,B2,125802,315,80
42,F#3,126117,316,80
37,C#3,126117,473,80
44,G#3,126590,474,80
37,C#3,126590,473,80
44,G#3,127063,473,80
37,C#3,127063,315,80
44,G#3,127378,316,80
42,F#3,127378,473,80
33,A2,127851,474,80
33,A2,127851,473,80
42,F#3,128324,474,80
33,A2,128324,315,80
42,F#3,128639,315,80
33,A2,128639,473,80
45,A3,129112,474,80
33,A2,129112,473,80
45,A3,129585,474,80
33,A2,129585,315,80
45,A3,129900,316,80
35,B2,129900,473,80
42,F#3,130373,473,80
35,B2,130373,473,80
42,F#3,130846,474,80
42,F#3,130846,315,80
35,B2,131161,316,80
37,C#3,131161,473,80
44,G#3,131634,473,80
37,C#3,131634,473,80
44,G#3,132107,474,80
37,C#3,132107,315,80
44,G#3,132422,316,80
33,A2,132422,473,80
42,F#3,132895,474,80
33,A2,132895,473,80
42,F#3,133368,473,80
33,A2,133368,315,80
42,F#3,133683,316,80
33,A2,133683,473,80
45,A3,134156,474,80
33,A2,134156,473,80
45,A3,134629,473,80
45,A3,134629,315,80
33,A2,134944,316,80
35,B2,134944,473,80
42,F#3,135417,474,80
35,B2,135417,473,80
42,F#3,135890,474,80
35,B2,135890,315,80
42,F#3,136205,315,80
37,C#3,136205,473,80
44,G#3,136678,474,80
37,C#3,136678,473,80
44,G#3,137151,474,80
37,C#3,137151,315,80
44,G#3,137466,316,80
33,A2,137466,473,80
42,F#3,137939,473,80
42,F#3,137939,473,80
33,A2,138412,474,80
33,A2,138412,315,80
42,F#3,138727,316,80
33,A2,138727,473,80
45,A3,139200,473,80
33,A2,139200,473,80
45,A3,139673,474,80
33,A2,139673,315,80
45,A3,139988,316,80
35,B2,139988,473,80
42,F#3,140461,473,80
35,B2,140461,473,80
42,F#3,140934,474,80
35,B2,140934,315,80
42,F#3,141249,316,80
37,C#3,141249,473,80
44,G#3,141722,474,80
44,G#3,141722,473,80
37,C#3,142195,473,80
37,C#3,142195,315,80
44,G#3,142510,316,80
33,A2,142510,473,80
42,F#3,142983,474,80
33,A2,142983,473,80
42,F#3,143456,473,80
33,A2,143456,315,80
42,F#3,143771,316,80
33,A2,143771,473,80
45,A3,144244,474,80
33,A2,144244,473,80
45,A3,144717,474,80
33,A2,144717,315,80
45,A3,145032,315,80
42,F#3,145032,473,80
35,B2,145505,474,80
35,B2,145505,473,80
42,F#3,145978,474,80
35,B2,145978,315,80
42,F#3,146293,316,80
37,C#3,146293,473,80
44,G#3,146766,473,80
37,C#3,146766,473,80
44,G#3,147239,474,80
37,C#3,147239,315,80
44,G#3,147554,316,80
33,A2,147554,473,80
42,F#3,148027,473,80
33,A2,148027,473,80
42,F#3,148500,474,80
33,A2,148500,315,80
42,F#3,148815,316,80
45,A3,148815,473,80
33,A2,149288,474,80
33,A2,149288,473,80
45,A3,149761,473,80
33,A2,149761,315,80
45,A3,150076,316,80
35,B2,150076,473,80
42,F#3,150549,474,80
35,B2,150549,473,80
42,F#3,151022,473,80
35,B2,151022,315,80
42,F#3,151337,316,80
37,C#3,151337,473,80
44,G#3,151810,474,80
37,C#3,151810,473,80
44,G#3,152283,474,80
44,G#3,152283,315,80
37,C#3,152598,315,80
33,A2,152598,473,80
42,F#3,153071,474,80
33,A2,153071,473,80
42,F#3,153544,474,80
33,A2,153544,315,80
42,F#3,153859,316,80
33,A2,153859,473,80
45,A3,154332,473,80
33,A2,154332,473,80
45,A3,154805,474,80
33,A2,154805,315,80
45,A3,155120,316,80
35,B2,155120,473,80
42,F#3,155593,473,80
35,B2,155593,473,80
42,F#3,156066,474,80
42,F#3,156066,315,80
35,B2,156381,316,80
37,C#3,156381,473,80
44,G#3,156854,474,80
37,C#3,156854,473,80
44,G#3,157327,473,80
37,C#3,157327,315,80
44,G#3,157642,316,80
33,A2,157642,473,80
42,F#3,158115,474,80
33,A2,158115,473,80
42,F#3,158588,473,80
33,A2,158588,315,80
42,F#3,158903,316,80
33,A2,158903,473,80
45,A3,159376,474,80
45,A3,159376,473,80
33,A2,159849,474,80
33,A2,159849,315,80
45,A3,160164,315,80
35,B2,160164,473,80
42,F#3,160637,474,80
35,B2,160637,473,80
42,F#3,161110,474,80
35,B2,161110,315,80
42,F#3,161425,315,80
37,C#3,161425,473,80
44,G#3,161898,474,80
37,C#3,161898,473,80
44,G#3,162371,474,80
37,C#3,162371,315,80
44,G#3,162686,316,80
33,A2,162686,473,80
42,F#3,163159,473,80
42,F#3,163159,473,80
33,A2,163632,474,80
33,A2,163632,315,80
42,F#3,163947,316,80
33,A2,163947,473,80
45,A3,164420,473,80
33,A2,164420,473,80
45,A3,164893,474,80
33,A2,164893,315,80
45,A3,165208,316,80
35,B2,165208,473,80
42,F#3,165681,474,80
35,B2,165681,473,80
42,F#3,166154,473,80
35,B2,166154,315,80
42,F#3,166469,316,80
44,G#3,166469,473,80
37,C#3,166942,474,80
37,C#3,166942,473,80
44,G#3,167415,473,80
37,C#3,167415,315,80
44,G#3,167730,316,80
33,A2,167730,473,80
42,F#3,168203,474,80
33,A2,168203,473,80
42,F#3,168676,474,80
33,A2,168676,315,80
42,F#3,168991,315,80
33,A2,168991,473,80
45,A3,169464,474,80
33,A2,169464,473,80
45,A3,169937,474,80
33,A2,169937,315,80
45,A3,170252,316,80
42,F#3,170252,473,80
35,B2,170725,473,80
35,B2,170725,473,80
42,F#3,171198,474,80
35,B2,171198,315,80
42,F#3,171513,316,80
37,C#3,171513,473,80
44,G#3,171986,473,80
37,C#3,171986,473,80
44,G#3,172459,474,80
37,C#3,172459,315,80
44,G#3,172774,316,80
33,A2,172774,473,80
42,F#3,173247,474,80
33,A2,173247,473,80
42,F#3,173720,473,80
42,F#3,173720,315,80
33,A2,174035,316,80
33,A2,174035,473,80
45,A3,174508,474,80
33,A2,174508,473,80
45,A3,174981,473,80
33,A2,174981,315,80
45,A3,175296,316,80
35,B2,175296,473,80
42,F#3,175769,474,80
35,B2,175769,473,80
42,F#3,176242,474,80
35,B2,176242,315,80
42,F#3,176557,315,80
37,C#3,176557,473,80
44,G#3,177030,474,80
37,C#3,177030,473,80
44,G#3,177503,474,80
44,G#3,177503,315,80
37,C#3,177818,315,80
33,A2,177818,473,80
42,F#3,178291,474,80
33,A2,178291,473,80
42,F#3,178764,474,80
33,A2,178764,315,80
42,F#3,179079,316,80
33,A2,179079,473,80
45,A3,179552,473,80
33,A2,179552,473,80
45,A3,180025,474,80
33,A2,180025,315,80
45,A3,180340,316,80
35,B2,180340,473,80
42,F#3,180813,473,80
42,F#3,180813,473,80
35,B2,181286,474,80
35,B2,181286,315,80
42,F#3,181601,316,80
37,C#3,181601,473,80
44,G#3,182074,474,80
37,C#3,182074,473,80
44,G#3,182547,473,80
37,C#3,182547,315,80
44,G#3,182862,316,80
33,A2,182862,473,80
42,F#3,183335,474,80
33,A2,183335,473,80
42,F#3,183808,473,80
33,A2,183808,315,80
42,F#3,184123,316,80
33,A2,184123,473,80
45,A3,184596,474,80
45,A3,184596,473,80
33,A2,185069,474,80
33,A2,185069,315,80
45,A3,185384,315,80
35,B2,185384,473,80
42,F#3,185857,474,80
35,B2,185857,473,80
42,F#3,186330,474,80
35,B2,186330,315,80
42,F#3,186645,316,80
37,C#3,186645,473,80
44,G#3,187118,473,80
37,C#3,187118,473,80
44,G#3,187591,474,80
37,C#3,187591,315,80
44,G#3,187906,316,80
42,F#3,187906,473,80
33,A2,188379,473,80
33,A2,188379,473,80
42,F#3,188852,474,80
33,A2,188852,315,80
42,F#3,189167,316,80
33,A2,189167,473,80
45,A3,189640,474,80
33,A2,189640,473,80
45,A3,190113,473,80
33,A2,190113,315,80
45,A3,190428,316,80
35,B2,190428,473,80
42,F#3,190901,474,80
35,B2,190901,473,80
42,F#3,191374,473,80
35,B2,191374,315,80
42,F#3,191689,316,80
44,G#3,191689,473,80
37,C#3,192162,474,80
37,C#3,192162,473,80
44,G#3,192635,474,80
37,C#3,192635,315,80
44,G#3,192950,315,80
33,A2,192950,473,80
42,F#3,193423,474,80
33,A2,193423,473,80
42,F#3,193896,474,80
33,A2,193896,315,80
42,F#3,194211,316,80
33,A2,194211,473,80
45,A3,194684,473,80
33,A2,194684,473,80
45,A3,195157,474,80
45,A3,195157,315,80
33,A2,195472,316,80
35,B2,195472,473,80
42,F#3,195945,473,80
35,B2,195945,473,80
42,F#3,196418,474,80
35,B2,196418,315,80
42,F#3,196733,316,80
37,C#3,196733,473,80
44,G#3,197206,474,80
37,C#3,197206,473,80
44,G#3,197679,473,80
37,C#3,197679,315,80
44,G#3,197994,316,80
33,A2,197994,473,80
42,F#3,198467,474,80
33,A2,198467,473,80
42,F#3,198940,473,80
42,F#3,198940,315,80
33,A2,199255,316,80
33,A2,199255,473,80
45,A3,199728,474,80
33,A2,199728,473,80
45,A3,200201,474,80
33,A2,200201,315,80
45,A3,200516,315,80
35,B2,200516,473,80
42,F#3,200989,474,80
35,B2,200989,473,80
42,F#3,201462,474,80
35,B2,201462,315,80
42,F#3,201777,315,80
37,C#3,201777,473,80
44,G#3,202250,474,80
44,G#3,202250,473,80
37,C#3,202723,474,80
37,C#3,202723,315,80
44,G#3,203038,316,80
33,A2,203038,473,80
42,F#3,203511,473,80
33,A2,203511,473,80
42,F#3,203984,474,80
33,A2,203984,315,80
42,F#3,204299,316,80
33,A2,204299,473,80
45,A3,204772,473,80
33,A2,204772,473,80
45,A3,205245,474,80
33,A2,205245,315,80
45,A3,205560,316,80
35,B2,205560,473,80
42,F#3,206033,474,80
42,F#3,206033,473,80
35,B2,206506,473,80
35,B2,206506,315,80
42,F#3,206821,316,80
37,C#3,206821,473,80
44,G#3,207294,474,80
37,C#3,207294,473,80
44,G#3,207767,473,80
37,C#3,207767,315,80
44,G#3,208082,316,80
33,A2,208082,473,80
42,F#3,208555,474,80
33,A2,208555,473,80
42,F#3,209028,474,80
33,A2,209028,315,80
42,F#3,209343,315,80
45,A3,209343,473,80
33,A2,209816,474,80
33,A2,209816,473,80
45,A3,210289,474,80
33,A2,210289,315,80
45,A3,210604,316,80
35,B2,210604,473,80
42,F#3,211077,473,80
35,B2,211077,473,80
42,F#3,211550,474,80
35,B2,211550,315,80
42,F#3,211865,316,80
37,C#3,211865,473,80
44,G#3,212338,473,80
37,C#3,212338,473,80
44,G#3,212811,474,80
37,C#3,212811,315,80
44,G#3,213126,316,80
42,F#3,213126,473,80
33,A2,213599,474,80
33,A2,213599,473,80
42,F#3,214072,473,80
33,A2,214072,315,80
42,F#3,214387,316,80
33,A2,214387,473,80
45,A3,214860,474,80
33,A2,214860,473,80
45,A3,215333,473,80
33,A2,215333,315,80
45,A3,215648,316,80
35,B2,215648,473,80
42,F#3,216121,474,80
35,B2,216121,473,80
42,F#3,216594,474,80
42,F#3,216594,315,80
35,B2,216909,315,80
37,C#3,216909,473,80
44,G#3,217382,474,80
37,C#3,217382,473,80
44,G#3,217855,474,80
37,C#3,217855,315,80
44,G#3,218170,315,80
33,A2,218170,473,80
42,F#3,218643,474,80
33,A2,218643,473,80
42,F#3,219116,474,80
33,A2,219116,315,80
42,F#3,219431,316,80
33,A2,219431,473,80
45,A3,219904,473,80
33,A2,219904,473,80
45,A3,220377,474,80
45,A3,220377,315,80
33,A2,220692,316,80
35,B2,220692,473,80
42,F#3,221165,473,80
35,B2,221165,473,80
42,F#3,221638,474,80
35,B2,221638,315,80
42,F#3,221953,316,80
37,C#3,221953,1199,80
44,G#3,223152,1199,80