60,C4,0,2846,64
61,C#4,2999,2846,64
60,C4,5999,2846,64
58,A#3,8999,2846,64
60,C4,11999,2846,64
61,C#4,14999,2846,64
60,C4,17999,2846,64
63,D#4,17999,2846,64
58,A#3,20999,2846,64
63,D#4,20999,2846,64
65,F4,23999,1460,49
70,A#4,23999,242,49
68,G#4,24256,486,49
68,G#4,24769,486,49
68,G#4,25282,242,49
65,F4,25538,1460,49
70,A#4,25538,242,49
68,G#4,25794,486,49
68,G#4,26307,486,49
68,G#4,26820,242,49
65,F4,27076,1460,49
70,A#4,27076,242,49
68,G#4,27333,486,49
68,G#4,27846,486,49
68,G#4,28358,242,49
65,F4,28615,1460,49
70,A#4,28615,242,49
68,G#4,28871,486,49
68,G#4,29384,486,49
68,G#4,29897,242,49
63,D#4,30153,1460,49
73,C#5,30153,242,49
72,C5,30410,486,49
72,C5,30923,486,49
72,C5,31435,242,49
63,D#4,31692,1216,49
73,C#5,31692,242,49
72,C5,31948,486,49
72,C5,32461,486,49
63,D#4,32974,0,49
63,D#4,32974,1460,49
72,C5,33230,242,49
70,A#4,33487,486,49
70,A#4,33999,486,49
63,D#4,34512,0,49
63,D#4,34512,1460,49
73,C#5,34769,242,49
72,C5,35025,486,49
70,A#4,35538,486,49
63,D#4,36051,0,49
63,D#4,36051,3165,49
70,A#4,36307,242,49
68,G#4,36564,486,49
68,G#4,37076,486,49
68,G#4,37589,242,49
70,A#4,37846,242,49
68,G#4,38102,486,49
68,G#4,38615,486,49
68,G#4,39128,242,49
67,G4,39384,242,49
65,F4,39641,486,49
65,F4,40153,486,49
65,F4,40666,242,49
67,G4,40923,242,49
65,F4,41179,486,49
65,F4,41692,486,49
65,F4,42205,242,49
63,D#4,42461,0,49
63,D#4,42461,2678,49
72,C5,42717,486,49
72,C5,43230,486,49
72,C5,43743,242,49
73,C#5,44000,242,49
72,C5,44256,486,49
72,C5,44769,486,49
63,D#4,45282,0,49
63,D#4,45282,1460,49
72,C5,45538,242,49
70,A#4,45794,486,49
70,A#4,46307,486,49
63,D#4,46820,0,49
63,D#4,46820,1460,49
73,C#5,47076,242,49
72,C5,47333,486,49
70,A#4,47846,486,49
63,D#4,48358,0,49
63,D#4,48358,3092,49
70,A#4,48615,236,49
68,G#4,48865,473,49
68,G#4,49365,473,49
68,G#4,49865,236,49
70,A#4,50115,236,49
68,G#4,50365,473,49
68,G#4,50865,473,49
68,G#4,51365,236,49
70,A#4,51615,236,49
68,G#4,51865,473,49
68,G#4,52365,473,49
68,G#4,52865,236,49
70,A#4,53115,236,49
68,G#4,53365,473,49
68,G#4,53865,473,49
68,G#4,54365,236,49
73,C#5,54615,236,49
63,D#4,54865,1186,49
72,C5,54865,473,49
72,C5,55365,473,49
72,C5,55865,236,49
73,C#5,56115,236,49
63,D#4,56365,948,49
72,C5,56365,473,49
72,C5,56865,473,49
63,D#4,57365,0,49
63,D#4,57365,1423,49
72,C5,57615,236,49
70,A#4,57865,473,49
70,A#4,58365,473,49
63,D#4,58865,0,49
63,D#4,58865,1423,49
73,C#5,59115,236,49
72,C5,59365,473,49
70,A#4,59865,473,49
63,D#4,60365,0,49
63,D#4,60365,3086,49
70,A#4,60615,236,49
68,G#4,60865,473,49
68,G#4,61365,473,49
68,G#4,61865,236,49
70,A#4,62115,236,49
68,G#4,62365,473,49
68,G#4,62865,473,49
68,G#4,63365,236,49
67,G4,63615,236,49
65,F4,63865,473,49
65,F4,64365,473,49
65,F4,64865,236,49
67,G4,65115,236,49
65,F4,65365,473,49
65,F4,65865,473,49
65,F4,66365,236,49
63,D#4,66615,0,49
63,D#4,66615,1423,49
72,C5,66865,473,49
72,C5,67365,473,49
72,C5,67865,236,49
63,D#4,68115,1186,49
73,C#5,68115,236,49
72,C5,68365,473,49
72,C5,68865,473,49
63,D#4,69365,0,49
63,D#4,69365,1423,49
72,C5,69615,236,49
70,A#4,69865,473,49
70,A#4,70365,473,49
63,D#4,70865,0,49
63,D#4,70865,1423,49
73,C#5,71115,236,49
72,C5,71365,473,49
70,A#4,71865,473,49
63,D#4,72365,0,49
63,D#4,72365,1594,49
68,G#4,72615,1582,64
63,D#4,74282,225,64
70,A#4,74520,225,64
72,C5,74758,225,64
70,A#4,74996,225,64
68,G#4,75234,1808,64
63,D#4,77139,225,64
70,A#4,77377,225,64
72,C5,77615,225,64
70,A#4,77853,225,64
68,G#4,78091,903,64
72,C5,78329,1582,64
63,D#4,79043,903,64
63,D#4,79996,225,64
70,A#4,80234,225,64
72,C5,80472,225,64
70,A#4,80710,225,64
68,G#4,80948,903,64
70,A#4,81186,1582,64
63,D#4,81901,903,64
63,D#4,82853,225,64
70,A#4,83091,225,64
72,C5,83329,225,64
70,A#4,83567,225,64
68,G#4,83805,225,64
70,A#4,84043,225,64
68,G#4,84282,225,64
63,D#4,84520,1129,64
63,D#4,85710,0,64
63,D#4,85710,8820,64
70,A#4,85948,225,64
72,C5,86186,225,64
70,A#4,86424,225,64
68,G#4,86662,2034,64
70,A#4,88805,225,64
72,C5,89043,225,64
70,A#4,89282,225,64
68,G#4,89520,225,64
70,A#4,89758,62,64
72,C5,89821,1747,64
70,A#4,91662,225,64
72,C5,91901,225,64
70,A#4,92139,225,64
68,G#4,92377,225,64
68,G#4,92615,2260,64
70,A#4,92615,2260,64
63,D#4,94996,451,64
77,F5,95472,2034,64
75,D#5,97615,112,64
73,C#5,97734,112,64
72,C5,97853,225,64
73,C#5,98091,225,64
75,D#5,98329,677,64
72,C5,99043,451,64
70,A#4,99520,903,64
68,G#4,100472,451,64
68,G#4,100948,2260,64
75,D#5,103329,112,64
73,C#5,103448,112,64
72,C5,103567,225,64
73,C#5,103805,225,64
75,D#5,104043,677,64
72,C5,104758,451,64
72,C5,105234,225,64
73,C#5,105472,225,64
72,C5,105710,225,64
70,A#4,105948,451,64
68,G#4,106424,451,64
68,G#4,106901,2034,64
70,A#4,109043,112,64
68,G#4,109162,112,64
67,G4,109282,225,64
68,G#4,109520,225,64
70,A#4,109758,1808,64
70,A#4,111662,225,64
72,C5,111901,225,64
70,A#4,112139,225,64
68,G#4,112377,225,64
65,F4,112615,451,64
70,A#4,113091,225,64
72,C5,113329,225,64
70,A#4,113567,225,64
68,G#4,113805,225,64
65,F4,114043,225,64
68,G#4,114282,225,64
70,A#4,114520,225,64
72,C5,114758,225,64
70,A#4,114996,225,64
68,G#4,115234,225,64
65,F4,115472,1808,64
70,A#4,117377,225,64
72,C5,117615,225,64
70,A#4,117853,225,64
68,G#4,118091,225,64
72,C5,118329,225,64
68,G#4,118567,225,64
70,A#4,118805,225,64
72,C5,119043,225,64
70,A#4,119282,225,64
68,G#4,119520,225,64
72,C5,119758,225,64
68,G#4,119996,225,64
70,A#4,120234,225,64
72,C5,120472,225,64
70,A#4,120710,225,64
68,G#4,120948,1582,64
70,A#4,121186,2034,64
68,G#4,122615,677,64
68,G#4,123329,225,64
70,A#4,123567,225,64
68,G#4,123805,225,64
75,D#5,124043,225,64
68,G#4,124282,225,64
70,A#4,124520,225,64
72,C5,124758,225,64
70,A#4,124996,225,64
68,G#4,125234,225,64
75,D#5,125472,225,64
68,G#4,125710,225,64
70,A#4,125948,225,64
72,C5,126186,225,64
70,A#4,126424,225,64
68,G#4,126662,225,64
75,D#5,126901,225,64
68,G#4,127139,225,64
70,A#4,127377,225,64
72,C5,127615,225,64
70,A#4,127853,225,64
68,G#4,128091,225,64
75,D#5,128329,225,64
68,G#4,128567,225,64
70,A#4,128805,225,64
72,C5,129043,225,64
70,A#4,129282,225,64
68,G#4,129520,225,64
75,D#5,129758,225,64
68,G#4,129996,225,64
70,A#4,130234,225,64
72,C5,130472,225,64
70,A#4,130710,225,64
68,G#4,130948,225,64
75,D#5,131186,225,64
68,G#4,131424,225,64
70,A#4,131662,225,64
72,C5,131901,225,64
70,A#4,132139,225,64
68,G#4,132377,225,64
75,D#5,132615,225,64
68,G#4,132853,225,64
70,A#4,133091,225,64
72,C5,133329,225,64
70,A#4,133567,225,64
68,G#4,133805,225,64
75,D#5,134043,225,64
68,G#4,134281,225,64
70,A#4,134520,225,64
75,D#5,134758,225,64
68,G#4,134996,225,64
70,A#4,135234,225,64
68,G#4,135472,201,80
67,G4,135685,201,80
65,F4,135898,201,80
68,G#4,136110,201,80
67,G4,136323,201,80
65,F4,136536,201,80
72,C5,136749,201,80
65,F4,136961,201,80
67,G4,137174,201,80
68,G#4,137387,201,80
67,G4,137600,201,80
65,F4,137812,201,80
68,G#4,138025,201,80
67,G4,138238,201,80
65,F4,138451,201,80
68,G#4,138663,201,80
67,G4,138876,201,80
65,F4,139089,201,80
73,C#5,139302,201,80
65,F4,139515,201,80
67,G4,139727,201,80
68,G#4,139940,201,80
67,G4,140153,201,80
65,F4,140366,201,80
72,C5,140578,201,80
70,A#4,140791,201,80
68,G#4,141004,201,80
72,C5,141217,201,80
70,A#4,141429,201,80
68,G#4,141642,201,80
75,D#5,141855,201,80
68,G#4,142068,201,80
70,A#4,142280,201,80
72,C5,142493,201,80
70,A#4,142706,201,80
68,G#4,142919,201,80
70,A#4,143132,201,80
68,G#4,143344,201,80
67,G4,143557,201,80
70,A#4,143770,201,80
68,G#4,143983,201,80
67,G4,144195,201,80
75,D#5,144408,201,80
67,G4,144621,201,80
68,G#4,144834,201,80
70,A#4,145046,201,80
68,G#4,145259,201,80
67,G4,145472,201,80
68,G#4,145685,201,80
67,G4,145898,201,80
65,F4,146110,201,80
68,G#4,146323,201,80
67,G4,146536,201,80
65,F4,146749,201,80
72,C5,146961,201,80
65,F4,147174,201,80
67,G4,147387,201,80
68,G#4,147600,201,80
67,G4,147812,201,80
65,F4,148025,201,80
68,G#4,148238,201,80
67,G4,148451,201,80
65,F4,148663,201,80
68,G#4,148876,201,80
67,G4,149089,201,80
65,F4,149302,201,80
73,C#5,149515,201,80
65,F4,149727,201,80
67,G4,149940,201,80
68,G#4,150153,201,80
67,G4,150366,201,80
65,F4,150578,201,80
72,C5,150791,201,80
70,A#4,151004,201,80
68,G#4,151217,201,80
72,C5,151429,201,80
70,A#4,151642,201,80
68,G#4,151855,201,80
75,D#5,152068,201,80
68,G#4,152280,201,80
70,A#4,152493,201,80
72,C5,152706,201,80
70,A#4,152919,201,80
68,G#4,153132,201,80
70,A#4,153344,201,80
68,G#4,153557,201,80
67,G4,153770,201,80
70,A#4,153983,201,80
68,G#4,154195,201,80
67,G4,154408,201,80
75,D#5,154621,201,80
67,G4,154834,201,80
68,G#4,155046,201,80
70,A#4,155259,201,80
68,G#4,155472,201,80
67,G4,155685,201,80
80,G#5,155898,0,96
80,G#5,155898,592,96
68,G#4,156106,197,96
72,C5,156314,197,96
79,G5,156523,0,96
79,G5,156523,592,96
68,G#4,156731,197,96
72,C5,156939,197,96
77,F5,157148,0,96
77,F5,157148,592,96
68,G#4,157356,197,96
73,C#5,157564,197,96
75,D#5,157773,0,96
75,D#5,157773,394,96
68,G#4,157981,197,96
73,C#5,158189,0,96
73,C#5,158189,197,96
75,D#5,158398,0,96
75,D#5,158398,592,96
68,G#4,158606,197,96
72,C5,158814,197,96
75,D#5,159023,0,96
75,D#5,159023,592,96
68,G#4,159231,197,96
72,C5,159439,197,96
75,D#5,159648,0,96
75,D#5,159648,592,96
67,G4,159856,197,96
70,A#4,160064,197,96
75,D#5,160273,0,96
75,D#5,160273,592,96
67,G4,160481,197,96
70,A#4,160689,197,96
80,G#5,160898,0,96
80,G#5,160898,394,96
68,G#4,161106,197,96
79,G5,161314,0,96
79,G5,161314,394,96
68,G#4,161523,197,96
77,F5,161731,0,96
77,F5,161731,394,96
68,G#4,161939,197,96
77,F5,162148,0,96
77,F5,162148,592,96
68,G#4,162356,197,96
73,C#5,162564,197,96
75,D#5,162773,0,96
75,D#5,162773,394,96
68,G#4,162981,197,96
73,C#5,163189,0,96
73,C#5,163189,197,96
75,D#5,163398,0,96
75,D#5,163398,592,96
68,G#4,163606,197,96
72,C5,163814,197,96
75,D#5,164023,0,96
75,D#5,164023,592,96
68,G#4,164231,197,96
72,C5,164439,197,96
75,D#5,164648,0,96
75,D#5,164648,592,96
67,G4,164856,197,96
70,A#4,165064,197,96
75,D#5,165273,0,96
75,D#5,165273,592,96
67,G4,165481,197,96
70,A#4,165689,197,96
80,G#5,165898,0,96
80,G#5,165898,592,96
68,G#4,166106,197,96
72,C5,166314,197,96
79,G5,166523,0,96
79,G5,166523,592,96
68,G#4,166731,197,96
72,C5,166939,197,96
77,F5,167148,0,96
77,F5,167148,592,96
68,G#4,167356,197,96
73,C#5,167564,197,96
75,D#5,167773,0,96
75,D#5,167773,394,96
68,G#4,167981,197,96
73,C#5,168189,0,96
73,C#5,168189,197,96
75,D#5,168398,0,96
75,D#5,168398,592,96
68,G#4,168606,197,96
72,C5,168814,197,96
75,D#5,169023,0,96
75,D#5,169023,592,96
68,G#4,169231,197,96
72,C5,169439,197,96
75,D#5,169648,0,96
75,D#5,169648,592,96
67,G4,169856,197,96
70,A#4,170064,197,96
75,D#5,170273,0,96
75,D#5,170273,592,96
67,G4,170481,197,96
70,A#4,170689,197,96
80,G#5,170898,0,96
80,G#5,170898,394,96
68,G#4,171106,197,96
79,G5,171314,0,96
79,G5,171314,394,96
68,G#4,171523,197,96
77,F5,171731,0,96
77,F5,171731,394,96
68,G#4,171939,197,96
77,F5,172148,0,96
77,F5,172148,592,96
68,G#4,172356,197,96
73,C#5,172564,197,96
75,D#5,172773,0,96
75,D#5,172773,394,96
68,G#4,172981,197,96
73,C#5,173189,0,96
73,C#5,173189,197,96
75,D#5,173398,0,96
75,D#5,173398,592,96
68,G#4,173606,197,96
72,C5,173814,197,96
75,D#5,174023,0,96
75,D#5,174023,592,96
68,G#4,174231,197,96
72,C5,174439,197,96
75,D#5,174648,0,96
75,D#5,174648,592,96
67,G4,174856,197,91
70,A#4,175064,197,86
75,D#5,175273,0,80
75,D#5,175273,592,80
67,G4,175481,197,75
70,A#4,175689,2572,70
60,C4,178398,2846,64
61,C#4,181398,2846,64
60,C4,184398,2846,64
58,A#3,187398,2846,64
60,C4,190398,2846,64
61,C#4,193398,2846,64
60,C4,196398,2846,64
63,D#4,196398,2846,64
58,A#3,199398,2846,64
63,D#4,199398,2846,64
65,F4,202398,2922,49
70,A#4,202398,242,49
68,G#4,202654,486,49
68,G#4,203167,486,49
68,G#4,203680,242,49
70,A#4,203936,242,49
68,G#4,204192,486,49
68,G#4,204705,486,49
68,G#4,205218,242,49
65,F4,205474,2922,49
70,A#4,205474,242,49
68,G#4,205731,486,49
68,G#4,206244,486,49
68,G#4,206756,242,49
70,A#4,207013,242,49
68,G#4,207269,486,49
68,G#4,207782,486,49
68,G#4,208295,242,49
63,D#4,208551,2678,49
73,C#5,208551,242,49
72,C5,208808,486,49
72,C5,209321,486,49
72,C5,209833,242,49
73,C#5,210090,242,49
72,C5,210346,486,49
72,C5,210859,486,49
63,D#4,211372,0,49
63,D#4,211372,2922,49
72,C5,211628,242,49
70,A#4,211885,486,49
70,A#4,212398,486,49
70,A#4,212910,242,49
73,C#5,213167,242,49
72,C5,213423,486,49
70,A#4,213936,486,49
63,D#4,214449,0,49
63,D#4,214449,3165,49
70,A#4,214705,242,49
68,G#4,214962,486,49
68,G#4,215474,486,49
68,G#4,215987,242,49
70,A#4,216244,242,49
68,G#4,216500,486,49
68,G#4,217013,486,49
68,G#4,217526,242,49
67,G4,217782,242,49
65,F4,218039,486,49
65,F4,218551,486,49
65,F4,219064,242,49
67,G4,219321,242,49
65,F4,219577,486,49
65,F4,220090,486,49
65,F4,220603,242,49
63,D#4,220859,0,49
63,D#4,220859,2678,49
72,C5,221115,486,49
72,C5,221628,486,49
72,C5,222141,242,49
73,C#5,222398,242,49
72,C5,222654,486,49
72,C5,223167,486,49
63,D#4,223680,0,49
63,D#4,223680,1460,49
72,C5,223936,242,49
70,A#4,224192,486,49
70,A#4,224705,486,49
63,D#4,225218,0,49
63,D#4,225218,1460,49
73,C#5,225474,242,49
72,C5,225731,486,49
70,A#4,226244,486,49
63,D#4,226757,0,49
63,D#4,226757,3092,49
70,A#4,227013,236,49
68,G#4,227263,473,49
68,G#4,227763,473,49
68,G#4,228263,236,49
70,A#4,228513,236,49
68,G#4,228763,473,49
68,G#4,229263,473,49
68,G#4,229763,236,49
70,A#4,230013,236,49
68,G#4,230263,473,49
68,G#4,230763,473,49
68,G#4,231263,236,49
70,A#4,231513,236,49
68,G#4,231763,473,49
68,G#4,232263,473,49
68,G#4,232763,236,49
63,D#4,233013,1186,49
73,C#5,233013,236,49
72,C5,233263,473,49
72,C5,233763,473,49
63,D#4,234263,0,49
63,D#4,234263,1423,49
73,C#5,234513,236,49
72,C5,234763,473,49
72,C5,235263,473,49
63,D#4,235763,0,49
63,D#4,235763,1423,49
72,C5,236013,236,49
70,A#4,236263,473,49
70,A#4,236763,473,49
63,D#4,237263,0,49
63,D#4,237263,1423,49
73,C#5,237513,236,49
72,C5,237763,473,49
70,A#4,238263,473,49
63,D#4,238763,0,49
63,D#4,238763,3086,49
70,A#4,239013,236,49
68,G#4,239263,473,49
68,G#4,239763,473,49
68,G#4,240263,236,49
70,A#4,240513,236,49
68,G#4,240763,473,49
68,G#4,241263,473,49
68,G#4,241763,236,49
67,G4,242013,236,49
65,F4,242263,473,49
65,F4,242763,473,49
65,F4,243263,236,49
67,G4,243513,236,49
65,F4,243763,473,49
65,F4,244263,473,49
65,F4,244763,236,49
63,D#4,245013,0,49
63,D#4,245013,711,49
72,C5,245263,473,49
63,D#4,245763,711,49
72,C5,245763,473,49
72,C5,246263,236,49
63,D#4,246513,1186,49
73,C#5,246513,236,49
72,C5,246763,473,49
72,C5,247263,473,49
63,D#4,247763,0,49
63,D#4,247763,1423,49
72,C5,248013,236,49
70,A#4,248263,473,49
70,A#4,248763,473,49
63,D#4,249263,0,49
63,D#4,249263,1423,49
73,C#5,249513,236,49
72,C5,249763,473,49
70,A#4,250263,473,49
63,D#4,250763,0,49
63,D#4,250763,236,49
68,G#4,251013,210,80
67,G4,251235,210,80
65,F4,251457,210,80
68,G#4,251680,210,80
67,G4,251902,210,80
65,F4,252124,210,80
72,C5,252346,210,80
65,F4,252568,210,80
67,G4,252791,210,80
68,G#4,253013,210,80
67,G4,253235,210,80
65,F4,253457,210,80
68,G#4,253680,210,80
67,G4,253902,210,80
65,F4,254124,210,80
68,G#4,254346,210,80
67,G4,254568,210,80
65,F4,254791,210,80
73,C#5,255013,210,80
65,F4,255235,210,80
67,G4,255457,210,80
68,G#4,255680,210,80
67,G4,255902,210,80
65,F4,256124,210,80
72,C5,256346,210,80
70,A#4,256568,210,80
68,G#4,256791,210,80
72,C5,257013,210,80
70,A#4,257235,210,80
68,G#4,257457,210,80
75,D#5,257680,210,80
68,G#4,257902,210,80
70,A#4,258124,210,80
72,C5,258346,210,80
70,A#4,258568,210,80
68,G#4,258791,210,80
70,A#4,259013,210,80
68,G#4,259235,210,80
67,G4,259457,210,80
70,A#4,259680,210,80
68,G#4,259902,210,80
67,G4,260124,210,80
75,D#5,260346,210,80
67,G4,260568,210,80
68,G#4,260791,210,80
70,A#4,261013,210,80
68,G#4,261235,210,80
67,G4,261457,210,80
68,G#4,261680,210,80
67,G4,261902,210,80
65,F4,262124,210,80
68,G#4,262346,210,80
67,G4,262568,210,80
65,F4,262791,210,80
72,C5,263013,210,80
65,F4,263235,210,80
67,G4,263457,210,80
68,G#4,263680,210,80
67,G4,263902,210,80
65,F4,264124,210,80
68,G#4,264346,210,80
67,G4,264568,210,80
65,F4,264791,210,80
68,G#4,265013,210,80
67,G4,265235,210,80
65,F4,265457,210,80
73,C#5,265680,210,80
65,F4,265902,210,80
67,G4,266124,210,80
68,G#4,266346,210,80
67,G4,266568,210,80
65,F4,266791,210,80
72,C5,267013,210,80
70,A#4,267235,210,80
68,G#4,267457,210,80
72,C5,267680,210,80
70,A#4,267902,210,80
68,G#4,268124,210,80
75,D#5,268346,210,80
68,G#4,268568,210,80
70,A#4,268791,210,80
72,C5,269013,210,80
70,A#4,269235,210,80
68,G#4,269457,210,80
70,A#4,269680,210,80
68,G#4,269902,210,80
67,G4,270124,210,80
70,A#4,270346,210,80
68,G#4,270568,210,80
67,G4,270791,210,80
75,D#5,271013,210,80
67,G4,271235,210,80
68,G#4,271457,210,80
70,A#4,271680,210,80
68,G#4,271902,210,80
67,G4,272124,210,80
80,G#5,272346,0,96
80,G#5,272346,592,96
68,G#4,272555,197,96
72,C5,272763,197,96
79,G5,272971,0,96
79,G5,272971,592,96
68,G#4,273180,197,96
72,C5,273388,197,96
77,F5,273596,0,96
77,F5,273596,592,96
68,G#4,273805,197,96
73,C#5,274013,197,96
75,D#5,274221,0,96
75,D#5,274221,394,96
68,G#4,274430,197,96
73,C#5,274638,0,96
73,C#5,274638,197,96
75,D#5,274846,0,96
75,D#5,274846,592,96
68,G#4,275055,197,96
72,C5,275263,197,96
75,D#5,275471,0,96
75,D#5,275471,592,96
68,G#4,275680,197,96
72,C5,275888,197,96
75,D#5,276096,0,96
75,D#5,276096,592,96
67,G4,276305,197,96
70,A#4,276513,197,96
75,D#5,276721,0,96
75,D#5,276721,592,96
67,G4,276930,197,96
70,A#4,277138,197,96
80,G#5,277346,0,96
80,G#5,277346,394,96
68,G#4,277555,197,96
79,G5,277763,0,96
79,G5,277763,394,96
68,G#4,277971,197,96
77,F5,278180,0,96
77,F5,278180,394,96
68,G#4,278388,197,96
77,F5,278596,0,96
77,F5,278596,592,96
68,G#4,278805,197,96
73,C#5,279013,197,96
75,D#5,279221,0,96
75,D#5,279221,394,96
68,G#4,279430,197,96
73,C#5,279638,0,96
73,C#5,279638,197,96
75,D#5,279846,0,96
75,D#5,279846,592,96
68,G#4,280055,197,96
72,C5,280263,197,96
75,D#5,280471,0,96
75,D#5,280471,592,96
68,G#4,280680,197,96
72,C5,280888,197,96
75,D#5,281096,0,96
75,D#5,281096,592,96
67,G4,281305,197,96
70,A#4,281513,197,96
75,D#5,281721,0,96
75,D#5,281721,592,96
67,G4,281930,197,96
70,A#4,282138,197,96
80,G#5,282346,0,96
80,G#5,282346,592,96
68,G#4,282555,197,96
72,C5,282763,197,96
79,G5,282971,0,96
79,G5,282971,592,96
68,G#4,283180,197,96
72,C5,283388,197,96
77,F5,283596,0,96
77,F5,283596,592,96
68,G#4,283805,197,96
73,C#5,284013,197,96
75,D#5,284221,0,96
75,D#5,284221,394,96
68,G#4,284430,197,96
73,C#5,284638,0,96
73,C#5,284638,197,96
75,D#5,284846,0,96
75,D#5,284846,592,96
68,G#4,285055,197,96
72,C5,285263,197,96
75,D#5,285471,0,96
75,D#5,285471,592,96
68,G#4,285680,197,96
72,C5,285888,197,96
75,D#5,286096,0,96
75,D#5,286096,592,96
67,G4,286305,197,96
70,A#4,286513,197,96
75,D#5,286721,0,96
75,D#5,286721,592,96
67,G4,286930,197,96
70,A#4,287138,197,96
80,G#5,287346,0,96
80,G#5,287346,394,96
68,G#4,287555,197,96
79,G5,287763,0,96
79,G5,287763,394,96
68,G#4,287971,197,96
77,F5,288180,0,96
77,F5,288180,394,96
68,G#4,288388,197,96
77,F5,288596,0,96
77,F5,288596,592,96
68,G#4,288805,197,96
73,C#5,289013,197,96
75,D#5,289221,0,96
75,D#5,289221,394,96
68,G#4,289430,197,96
73,C#5,289638,0,96
73,C#5,289638,197,96
75,D#5,289846,0,96
75,D#5,289846,592,96
68,G#4,290055,197,96
72,C5,290263,197,96
75,D#5,290471,0,96
75,D#5,290471,592,96
68,G#4,290680,197,96
72,C5,290888,197,96
75,D#5,291096,0,96
75,D#5,291096,592,96
67,G4,291305,197,96
70,A#4,291513,197,96
75,D#5,291721,0,96
75,D#5,291721,592,96
67,G4,291930,2769,96
70,A#4,294846,214,49
63,D#4,295074,214,49
65,F4,295301,214,49
68,G#4,295528,214,49
63,D#4,295755,214,49
65,F4,295983,214,49
70,A#4,296210,214,49
63,D#4,296437,214,49
65,F4,296664,214,49
68,G#4,296892,214,49
63,D#4,297119,214,49
65,F4,297346,214,49
70,A#4,297574,214,49
63,D#4,297801,214,49
65,F4,298028,214,49
68,G#4,298255,214,49
63,D#4,298483,214,49
65,F4,298710,214,49
70,A#4,298937,214,49
63,D#4,299164,214,49
65,F4,299392,214,49
72,C5,299619,214,49
63,D#4,299846,214,49
65,F4,300074,214,49
70,A#4,300301,214,49
63,D#4,300528,214,49
65,F4,300755,214,49
68,G#4,300983,214,49
63,D#4,301210,214,49
65,F4,301437,214,49
70,A#4,301664,214,49
63,D#4,301892,214,49
65,F4,302119,214,49
72,C5,302346,214,49
63,D#4,302574,214,49
65,F4,302801,214,49
70,A#4,303028,214,49
63,D#4,303255,214,49
65,F4,303483,214,49
68,G#4,303710,214,49
63,D#4,303937,214,49
65,F4,304164,214,49
70,A#4,304392,214,49
63,D#4,304619,214,49
65,F4,304846,214,49
68,G#4,305074,646,49
70,A#4,305755,214,49
63,D#4,305983,214,49
65,F4,306210,214,49
68,G#4,306437,214,49
63,D#4,306664,214,49
65,F4,306892,214,49
70,A#4,307119,214,49
63,D#4,307346,214,49
65,F4,307574,214,49
72,C5,307801,214,49
63,D#4,308028,214,49
65,F4,308255,214,49
70,A#4,308483,214,49
63,D#4,308710,214,49
65,F4,308937,214,49
68,G#4,309164,214,49
63,D#4,309392,214,49
65,F4,309619,214,49
70,A#4,309846,214,49
63,D#4,310074,214,49
65,F4,310301,214,49
68,G#4,310528,646,49
--end--
53,F3,0,2846,64
56,G#3,0,2846,64
49,C#3,2999,2846,64
53,F3,2999,2846,64
56,G#3,2999,2846,64
51,D#3,5999,2846,64
56,G#3,5999,2846,64
51,D#3,8999,2996,64
56,G#3,8999,1496,64
55,G3,10499,1421,64
53,F3,11999,2846,64
56,G#3,11999,2846,64
49,C#3,14999,2846,64
53,F3,14999,2846,64
56,G#3,14999,2846,64
51,D#3,17999,2846,64
56,G#3,17999,2846,64
51,D#3,20999,2846,64
55,G3,20999,2846,64
41,F2,23999,2922,49
48,C3,23999,2922,49
53,F3,23999,2922,49
37,C#2,27076,2922,49
44,G#2,27076,2922,49
49,C#3,27076,2922,49
44,G#2,30153,2922,49
51,D#3,30153,2922,49
56,G#3,30153,2922,49
39,D#2,33230,2922,49
46,A#2,33230,2922,49
51,D#3,33230,2922,49
41,F2,36307,2922,49
48,C3,36307,2922,49
53,F3,36307,2922,49
37,C#2,39384,2922,49
44,G#2,39384,2922,49
49,C#3,39384,2922,49
44,G#2,42461,2922,49
51,D#3,42461,2922,49
56,G#3,42461,2922,49
39,D#2,45538,2922,49
46,A#2,45538,2922,49
51,D#3,45538,2922,49
41,F2,48615,236,49
48,C3,48865,236,49
53,F3,49115,236,49
48,C3,49365,236,49
53,F3,49615,236,49
48,C3,49865,236,49
41,F2,50115,236,49
48,C3,50365,236,49
53,F3,50615,236,49
48,C3,50865,236,49
53,F3,51115,236,49
48,C3,51365,236,49
37,C#2,51615,236,49
44,G#2,51865,236,49
49,C#3,52115,236,49
44,G#2,52365,236,49
49,C#3,52615,236,49
44,G#2,52865,236,49
37,C#2,53115,236,49
44,G#2,53365,236,49
49,C#3,53615,236,49
44,G#2,53865,236,49
49,C#3,54115,473,49
44,G#2,54615,236,49
51,D#3,54865,236,49
56,G#3,55115,236,49
51,D#3,55365,236,49
56,G#3,55615,236,49
51,D#3,55865,236,49
44,G#2,56115,236,49
51,D#3,56365,236,49
56,G#3,56615,236,49
51,D#3,56865,236,49
56,G#3,57115,236,49
51,D#3,57365,236,49
39,D#2,57615,236,49
46,A#2,57865,236,49
51,D#3,58115,236,49
46,A#2,58365,236,49
51,D#3,58615,236,49
46,A#2,58865,236,49
39,D#2,59115,236,49
46,A#2,59365,236,49
51,D#3,59615,236,49
46,A#2,59865,236,49
51,D#3,60115,236,49
46,A#2,60365,236,49
41,F2,60615,236,49
48,C3,60865,236,49
53,F3,61115,236,49
48,C3,61365,236,49
53,F3,61615,236,49
48,C3,61865,236,49
41,F2,62115,236,49
48,C3,62365,236,49
53,F3,62615,236,49
48,C3,62865,236,49
53,F3,63115,236,49
48,C3,63365,236,49
37,C#2,63615,236,49
44,G#2,63865,236,49
49,C#3,64115,236,49
44,G#2,64365,236,49
49,C#3,64615,236,49
44,G#2,64865,236,49
37,C#2,65115,236,49
44,G#2,65365,236,49
49,C#3,65615,236,49
44,G#2,65865,236,49
49,C#3,66115,473,49
44,G#2,66615,236,49
51,D#3,66865,236,49
56,G#3,67115,236,49
51,D#3,67365,236,49
56,G#3,67615,236,49
51,D#3,67865,236,49
44,G#2,68115,236,49
51,D#3,68365,236,49
56,G#3,68615,236,49
51,D#3,68865,236,49
56,G#3,69115,236,49
51,D#3,69365,236,49
39,D#2,69615,236,49
46,A#2,69865,236,49
51,D#3,70115,236,49
46,A#2,70365,236,49
51,D#3,70615,236,49
46,A#2,70865,236,49
39,D#2,71115,236,49
46,A#2,71365,236,49
51,D#3,71615,236,49
46,A#2,71865,236,49
51,D#3,72115,236,49
46,A#2,72365,236,49
41,F2,72615,225,64
48,C3,72853,225,64
53,F3,73091,225,64
56,G#3,73329,225,64
53,F3,73567,225,64
48,C3,73805,1582,64
37,C#2,75472,225,64
44,G#2,75710,225,64
49,C#3,75948,225,64
53,F3,76186,225,64
49,C#3,76424,225,64
44,G#2,76663,1582,64
44,G#2,78329,225,64
51,D#3,78567,225,64
56,G#3,78805,225,64
60,C4,79043,225,64
56,G#3,79282,225,64
51,D#3,79520,1582,64
39,D#2,81186,225,64
46,A#2,81424,225,64
51,D#3,81663,225,64
55,G3,81901,225,64
51,D#3,82139,225,64
46,A#2,82377,1582,64
41,F2,84043,2713,64
48,C3,84043,677,64
53,F3,84043,677,64
48,C3,84758,677,64
53,F3,84758,677,64
48,C3,85472,1356,64
53,F3,85472,1356,64
37,C#2,86901,2713,64
44,G#2,86901,677,64
49,C#3,86901,677,64
44,G#2,87615,677,64
49,C#3,87615,677,64
44,G#2,88329,1356,64
49,C#3,88329,1356,64
44,G#2,89758,2713,64
51,D#3,89758,677,64
56,G#3,89758,677,64
51,D#3,90472,677,64
56,G#3,90472,677,64
51,D#3,91186,1356,64
56,G#3,91186,1356,64
39,D#2,92615,2713,64
46,A#2,92615,677,64
51,D#3,92615,677,64
46,A#2,93329,677,64
51,D#3,93329,677,64
46,A#2,94043,1356,64
51,D#3,94043,1356,64
37,C#2,95472,225,64
44,G#2,95710,225,64
49,C#3,95948,225,64
53,F3,96186,225,64
56,G#3,96424,225,64
61,C#4,96662,225,64
65,F4,96901,1356,64
44,G#2,98329,1356,64
56,G#3,98329,225,64
51,D#3,98567,225,64
56,G#3,98805,451,64
56,G#3,99282,451,64
43,G2,99758,1356,64
55,G3,99758,225,64
51,D#3,99996,225,64
55,G3,100234,451,64
55,G3,100710,451,64
37,C#2,101186,225,64
44,G#2,101424,225,64
49,C#3,101662,225,64
53,F3,101901,225,64
56,G#3,102139,225,64
61,C#4,102377,1582,64
44,G#2,104043,1356,64
56,G#3,104043,225,64
51,D#3,104282,225,64
56,G#3,104520,451,64
56,G#3,104996,451,64
43,G2,105472,1356,64
55,G3,105472,225,64
51,D#3,105710,225,64
55,G3,105948,903,64
37,C#2,106901,225,64
44,G#2,107139,225,64
49,C#3,107377,225,64
53,F3,107615,2034,64
39,D#2,109758,225,64
46,A#2,109996,225,64
51,D#3,110234,225,64
55,G3,110472,225,64
58,A#3,110710,225,64
63,D#4,110948,1582,64
41,F2,112615,225,64
48,C3,112853,225,64
53,F3,113091,225,64
56,G#3,113329,225,64
53,F3,113567,225,64
48,C3,113805,225,64
41,F2,114043,225,64
48,C3,114282,225,64
53,F3,114520,225,64
56,G#3,114758,225,64
53,F3,114996,225,64
48,C3,115234,225,64
37,C#2,115472,225,64
44,G#2,115710,225,64
49,C#3,115948,225,64
53,F3,116186,225,64
49,C#3,116424,225,64
44,G#2,116662,225,64
37,C#2,116901,225,64
44,G#2,117139,225,64
49,C#3,117377,225,64
53,F3,117615,225,64
49,C#3,117853,451,64
44,G#2,118329,225,64
51,D#3,118567,225,64
56,G#3,118805,225,64
60,C4,119043,225,64
56,G#3,119282,225,64
51,D#3,119520,225,64
44,G#2,119758,225,64
51,D#3,119996,225,64
56,G#3,120234,225,64
60,C4,120472,225,64
56,G#3,120710,225,64
51,D#3,120948,225,64
39,D#2,121186,225,64
46,A#2,121424,225,64
51,D#3,121662,225,64
55,G3,121901,225,64
51,D#3,122139,225,64
46,A#2,122377,225,64
39,D#2,122615,225,64
46,A#2,122853,225,64
51,D#3,123091,225,64
55,G3,123329,225,64
51,D#3,123567,225,64
46,A#2,123805,225,64
41,F2,124043,225,64
48,C3,124282,225,64
53,F3,124520,225,64
56,G#3,124758,225,64
53,F3,124996,225,64
48,C3,125234,225,64
41,F2,125472,225,64
48,C3,125710,225,64
53,F3,125948,225,64
56,G#3,126186,225,64
53,F3,126424,225,64
48,C3,126662,225,64
37,C#2,126901,225,64
44,G#2,127139,225,64
49,C#3,127377,225,64
53,F3,127615,225,64
49,C#3,127853,225,64
44,G#2,128091,225,64
37,C#2,128329,225,64
44,G#2,128567,225,64
49,C#3,128805,225,64
53,F3,129043,677,64
44,G#2,129758,225,64
51,D#3,129996,225,64
56,G#3,130234,225,64
60,C4,130472,225,64
56,G#3,130710,225,64
51,D#3,130948,225,64
44,G#2,131186,225,64
51,D#3,131424,225,64
56,G#3,131662,225,64
60,C4,131901,225,64
56,G#3,132139,225,64
51,D#3,132377,225,64
39,D#2,132615,225,64
46,A#2,132853,225,64
51,D#3,133091,225,64
55,G3,133329,225,64
51,D#3,133567,225,64
46,A#2,133805,225,64
39,D#2,134043,225,64
46,A#2,134281,225,64
51,D#3,134520,225,64
55,G3,134758,225,64
51,D#3,134996,225,64
46,A#2,135234,225,64
41,F2,135472,201,80
48,C3,135685,201,80
53,F3,135898,201,80
56,G#3,136110,201,80
53,F3,136323,201,80
48,C3,136536,201,80
41,F2,136749,201,80
48,C3,136961,201,80
53,F3,137174,201,80
56,G#3,137387,201,80
53,F3,137600,201,80
48,C3,137812,201,80
37,C#2,138025,201,80
44,G#2,138238,201,80
49,C#3,138451,201,80
53,F3,138663,201,80
49,C#3,138876,201,80
44,G#2,139089,201,80
37,C#2,139302,201,80
44,G#2,139515,201,80
49,C#3,139727,201,80
53,F3,139940,201,80
49,C#3,140153,201,80
44,G#2,140366,201,80
44,G#2,140578,201,80
51,D#3,140791,201,80
56,G#3,141004,201,80
60,C4,141217,201,80
56,G#3,141429,201,80
51,D#3,141642,201,80
44,G#2,141855,201,80
51,D#3,142068,201,80
56,G#3,142280,201,80
60,C4,142493,201,80
56,G#3,142706,201,80
51,D#3,142919,201,80
39,D#2,143132,201,80
46,A#2,143344,201,80
51,D#3,143557,201,80
55,G3,143770,201,80
51,D#3,143983,201,80
46,A#2,144195,201,80
39,D#2,144408,201,80
46,A#2,144621,201,80
51,D#3,144834,201,80
55,G3,145046,201,80
51,D#3,145259,201,80
46,A#2,145472,201,80
41,F2,145685,201,80
48,C3,145898,201,80
53,F3,146110,201,80
56,G#3,146323,201,80
53,F3,146536,201,80
48,C3,146749,201,80
41,F2,146961,201,80
48,C3,147174,201,80
53,F3,147387,201,80
56,G#3,147600,201,80
53,F3,147812,201,80
48,C3,148025,201,80
37,C#2,148238,201,80
44,G#2,148451,201,80
49,C#3,148663,201,80
53,F3,148876,201,80
49,C#3,149089,201,80
44,G#2,149302,201,80
37,C#2,149515,201,80
44,G#2,149727,201,80
49,C#3,149940,201,80
53,F3,150153,201,80
49,C#3,150366,201,80
44,G#2,150578,201,80
44,G#2,150791,201,80
51,D#3,151004,201,80
56,G#3,151217,201,80
60,C4,151429,201,80
56,G#3,151642,201,80
51,D#3,151855,201,80
44,G#2,152068,201,80
51,D#3,152280,201,80
56,G#3,152493,201,80
60,C4,152706,201,80
56,G#3,152919,201,80
51,D#3,153132,201,80
39,D#2,153344,201,80
46,A#2,153557,201,80
51,D#3,153770,201,80
55,G3,153983,201,80
51,D#3,154195,201,80
46,A#2,154408,201,80
39,D#2,154621,201,80
46,A#2,154834,201,80
51,D#3,155046,201,80
55,G3,155259,201,80
51,D#3,155472,201,80
46,A#2,155685,201,80
41,F2,155898,197,96
48,C3,156106,197,96
53,F3,156314,197,96
56,G#3,156523,197,96
53,F3,156731,197,96
48,C3,156939,197,96
37,C#2,157148,197,96
44,G#2,157356,197,96
49,C#3,157564,197,96
53,F3,157773,592,96
44,G#2,158398,197,96
51,D#3,158606,197,96
56,G#3,158814,197,96
60,C4,159023,197,96
56,G#3,159231,197,96
51,D#3,159439,197,96
39,D#2,159648,197,96
46,A#2,159856,197,96
51,D#3,160064,197,96
55,G3,160273,197,96
51,D#3,160481,197,96
46,A#2,160689,197,96
41,F2,160898,197,96
48,C3,161106,197,96
53,F3,161314,197,96
56,G#3,161523,197,96
53,F3,161731,197,96
48,C3,161939,197,96
37,C#2,162148,197,96
44,G#2,162356,197,96
49,C#3,162564,197,96
53,F3,162773,592,96
44,G#2,163398,197,96
51,D#3,163606,197,96
56,G#3,163814,197,96
60,C4,164023,197,96
56,G#3,164231,197,96
51,D#3,164439,197,96
39,D#2,164648,197,96
46,A#2,164856,197,96
51,D#3,165064,197,96
55,G3,165273,197,96
51,D#3,165481,197,96
46,A#2,165689,197,96
41,F2,165898,197,96
48,C3,166106,197,96
53,F3,166314,197,96
56,G#3,166523,197,96
53,F3,166731,197,96
48,C3,166939,197,96
37,C#2,167148,197,96
44,G#2,167356,197,96
49,C#3,167564,197,96
53,F3,167773,592,96
44,G#2,168398,197,96
51,D#3,168606,197,96
56,G#3,168814,197,96
60,C4,169023,197,96
56,G#3,169231,197,96
51,D#3,169439,197,96
39,D#2,169648,197,96
46,A#2,169856,197,96
51,D#3,170064,197,96
55,G3,170273,197,96
51,D#3,170481,197,96
46,A#2,170689,197,96
41,F2,170898,197,96
48,C3,171106,197,96
53,F3,171314,197,96
56,G#3,171523,197,96
53,F3,171731,197,96
48,C3,171939,197,96
37,C#2,172148,197,96
44,G#2,172356,197,96
49,C#3,172564,197,96
53,F3,172773,592,96
44,G#2,173398,197,96
51,D#3,173606,197,96
56,G#3,173814,197,96
60,C4,174023,197,96
56,G#3,174231,197,96
51,D#3,174439,197,96
39,D#2,174648,197,96
46,A#2,174856,197,91
51,D#3,175064,197,86
55,G3,175273,197,80
58,A#3,175481,197,75
63,D#4,175689,2572,70
53,F3,178398,2846,64
56,G#3,178398,2846,64
49,C#3,181398,2846,64
53,F3,181398,2846,64
56,G#3,181398,2846,64
51,D#3,184398,2846,64
56,G#3,184398,2846,64
51,D#3,187398,2996,64
56,G#3,187398,1496,64
55,G3,188898,1421,64
53,F3,190398,2846,64
56,G#3,190398,2846,64
49,C#3,193398,2846,64
53,F3,193398,2846,64
56,G#3,193398,2846,64
51,D#3,196398,2846,64
56,G#3,196398,2846,64
51,D#3,199398,2846,64
55,G3,199398,2846,64
41,F2,202398,2922,49
48,C3,202398,2922,49
53,F3,202398,2922,49
37,C#2,205474,2922,49
44,G#2,205474,2922,49
49,C#3,205474,2922,49
44,G#2,208551,2922,49
51,D#3,208551,2922,49
56,G#3,208551,2922,49
39,D#2,211628,2922,49
46,A#2,211628,2922,49
51,D#3,211628,2922,49
41,F2,214705,2922,49
48,C3,214705,2922,49
53,F3,214705,2922,49
37,C#2,217782,2922,49
44,G#2,217782,2922,49
49,C#3,217782,2922,49
44,G#2,220859,2922,49
51,D#3,220859,2922,49
56,G#3,220859,2922,49
39,D#2,223936,2922,49
46,A#2,223936,2922,49
51,D#3,223936,2922,49
41,F2,227013,236,49
48,C3,227263,236,49
53,F3,227513,236,49
48,C3,227763,236,49
53,F3,228013,236,49
48,C3,228263,236,49
41,F2,228513,236,49
48,C3,228763,236,49
53,F3,229013,236,49
48,C3,229263,236,49
53,F3,229513,236,49
48,C3,229763,236,49
37,C#2,230013,236,49
44,G#2,230263,236,49
49,C#3,230513,236,49
44,G#2,230763,236,49
49,C#3,231013,236,49
44,G#2,231263,236,49
37,C#2,231513,236,49
44,G#2,231763,236,49
49,C#3,232013,236,49
44,G#2,232263,236,49
49,C#3,232513,473,49
44,G#2,233013,236,49
51,D#3,233263,236,49
56,G#3,233513,236,49
51,D#3,233763,236,49
56,G#3,234013,236,49
51,D#3,234263,236,49
44,G#2,234513,236,49
51,D#3,234763,236,49
56,G#3,235013,236,49
51,D#3,235263,236,49
56,G#3,235513,236,49
51,D#3,235763,236,49
39,D#2,236013,236,49
46,A#2,236263,236,49
51,D#3,236513,236,49
46,A#2,236763,236,49
51,D#3,237013,236,49
46,A#2,237263,236,49
39,D#2,237513,236,49
46,A#2,237763,236,49
51,D#3,238013,236,49
46,A#2,238263,236,49
51,D#3,238513,236,49
46,A#2,238763,236,49
41,F2,239013,236,49
48,C3,239263,236,49
53,F3,239513,236,49
48,C3,239763,236,49
53,F3,240013,236,49
48,C3,240263,236,49
41,F2,240513,236,49
48,C3,240763,236,49
53,F3,241013,236,49
48,C3,241263,236,49
53,F3,241513,236,49
48,C3,241763,236,49
37,C#2,242013,236,49
44,G#2,242263,236,49
49,C#3,242513,236,49
44,G#2,242763,236,49
49,C#3,243013,236,49
44,G#2,243263,236,49
37,C#2,243513,236,49
44,G#2,243763,236,49
49,C#3,244013,236,49
44,G#2,244263,236,49
49,C#3,244513,473,49
44,G#2,245013,236,49
51,D#3,245263,236,49
56,G#3,245513,236,49
51,D#3,245763,236,49
56,G#3,246013,236,49
51,D#3,246263,236,49
44,G#2,246513,236,49
51,D#3,246763,236,49
56,G#3,247013,236,49
51,D#3,247263,236,49
56,G#3,247513,236,49
51,D#3,247763,236,49
39,D#2,248013,236,49
46,A#2,248263,236,49
51,D#3,248513,236,49
46,A#2,248763,236,49
51,D#3,249013,236,49
46,A#2,249263,236,49
39,D#2,249513,236,49
46,A#2,249763,236,49
51,D#3,250013,236,49
46,A#2,250263,236,49
51,D#3,250513,236,49
46,A#2,250763,236,49
41,F2,251013,210,80
48,C3,251235,210,80
53,F3,251457,210,80
48,C3,251680,210,80
53,F3,251902,210,80
48,C3,252124,210,80
41,F2,252346,210,80
48,C3,252568,210,80
53,F3,252791,210,80
48,C3,253013,210,80
53,F3,253235,210,80
48,C3,253457,210,80
37,C#2,253680,210,80
44,G#2,253902,210,80
49,C#3,254124,210,80
44,G#2,254346,210,80
49,C#3,254568,210,80
44,G#2,254791,210,80
37,C#2,255013,210,80
44,G#2,255235,210,80
49,C#3,255457,210,80
44,G#2,255680,210,80
49,C#3,255902,421,80
44,G#2,256346,210,80
51,D#3,256568,210,80
56,G#3,256791,210,80
51,D#3,257013,210,80
56,G#3,257235,210,80
51,D#3,257457,210,80
44,G#2,257680,210,80
51,D#3,257902,210,80
56,G#3,258124,210,80
51,D#3,258346,210,80
56,G#3,258568,210,80
51,D#3,258791,210,80
39,D#2,259013,210,80
46,A#2,259235,210,80
51,D#3,259457,210,80
46,A#2,259680,210,80
51,D#3,259902,210,80
46,A#2,260124,210,80
39,D#2,260346,210,80
46,A#2,260568,210,80
51,D#3,260791,210,80
46,A#2,261013,210,80
51,D#3,261235,210,80
46,A#2,261457,210,80
41,F2,261680,210,80
48,C3,261902,210,80
53,F3,262124,210,80
48,C3,262346,210,80
53,F3,262568,210,80
48,C3,262791,210,80
41,F2,263013,210,80
48,C3,263235,210,80
53,F3,263457,210,80
48,C3,263680,210,80
53,F3,263902,210,80
48,C3,264124,210,80
37,C#2,264346,210,80
44,G#2,264568,210,80
49,C#3,264791,210,80
44,G#2,265013,210,80
49,C#3,265235,210,80
44,G#2,265457,210,80
37,C#2,265680,210,80
44,G#2,265902,210,80
49,C#3,266124,210,80
44,G#2,266346,210,80
49,C#3,266568,421,80
44,G#2,267013,210,80
51,D#3,267235,210,80
56,G#3,267457,210,80
51,D#3,267680,210,80
56,G#3,267902,210,80
51,D#3,268124,210,80
44,G#2,268346,210,80
51,D#3,268568,210,80
56,G#3,268791,210,80
51,D#3,269013,210,80
56,G#3,269235,210,80
51,D#3,269457,210,80
39,D#2,269680,210,80
46,A#2,269902,210,80
51,D#3,270124,210,80
46,A#2,270346,210,80
51,D#3,270568,210,80
46,A#2,270791,210,80
39,D#2,271013,210,80
46,A#2,271235,210,80
51,D#3,271457,210,80
46,A#2,271680,210,80
51,D#3,271902,210,80
46,A#2,272124,210,80
41,F2,272346,197,96
48,C3,272555,197,96
53,F3,272763,197,96
48,C3,272971,197,96
53,F3,273180,197,96
48,C3,273388,197,96
37,C#2,273596,197,96
44,G#2,273805,197,96
49,C#3,274013,197,96
44,G#2,274221,197,96
49,C#3,274430,394,96
44,G#2,274846,197,96
51,D#3,275055,197,96
56,G#3,275263,197,96
51,D#3,275471,197,96
56,G#3,275680,197,96
51,D#3,275888,197,96
39,D#2,276096,197,96
46,A#2,276305,197,96
51,D#3,276513,197,96
46,A#2,276721,197,96
51,D#3,276930,197,96
46,A#2,277138,197,96
41,F2,277346,197,96
48,C3,277555,197,96
53,F3,277763,197,96
48,C3,277971,197,96
53,F3,278180,197,96
48,C3,278388,197,96
37,C#2,278596,197,96
44,G#2,278805,197,96
49,C#3,279013,197,96
44,G#2,279221,197,96
49,C#3,279430,394,96
44,G#2,279846,197,96
51,D#3,280055,197,96
56,G#3,280263,197,96
51,D#3,280471,197,96
56,G#3,280680,197,96
51,D#3,280888,197,96
39,D#2,281096,197,96
46,A#2,281305,197,96
51,D#3,281513,197,96
46,A#2,281721,197,96
51,D#3,281930,197,96
46,A#2,282138,197,96
41,F2,282346,197,96
48,C3,282555,197,96
53,F3,282763,197,96
48,C3,282971,197,96
53,F3,283180,197,96
48,C3,283388,197,96
37,C#2,283596,197,96
44,G#2,283805,197,96
49,C#3,284013,197,96
44,G#2,284221,197,96
49,C#3,284430,394,96
44,G#2,284846,197,96
51,D#3,285055,197,96
56,G#3,285263,197,96
51,D#3,285471,197,96
56,G#3,285680,197,96
51,D#3,285888,197,96
39,D#2,286096,197,96
46,A#2,286305,197,96
51,D#3,286513,197,96
46,A#2,286721,197,96
51,D#3,286930,197,96
46,A#2,287138,197,96
41,F2,287346,197,96
48,C3,287555,197,96
53,F3,287763,197,96
48,C3,287971,197,96
53,F3,288180,197,96
48,C3,288388,197,96
37,C#2,288596,197,96
44,G#2,288805,197,96
49,C#3,289013,197,96
44,G#2,289221,197,96
49,C#3,289430,394,96
44,G#2,289846,197,96
51,D#3,290055,197,96
56,G#3,290263,197,96
51,D#3,290471,197,96
56,G#3,290680,197,96
51,D#3,290888,197,96
39,D#2,291096,197,96
46,A#2,291305,197,96
51,D#3,291513,197,96
46,A#2,291721,197,96
51,D#3,291930,197,96
46,A#2,292138,2572,96
41,F2,294846,2589,49
48,C3,294846,2589,49
53,F3,294846,2589,49
37,C#2,297574,2589,49
44,G#2,297574,2589,49
49,C#3,297574,2589,49
41,F2,300301,2589,49
48,C3,300301,2589,49
53,F3,300301,2589,49
37,C#2,303028,2589,49
44,G#2,303028,2589,49
49,C#3,303028,2589,49
41,F2,305755,2589,49
48,C3,305755,2589,49
53,F3,305755,2589,49
37,C#2,308483,2589,49
44,G#2,308483,2589,49
49,C#3,308483,2589,49