55,G3,0,608,64
48,C3,641,304,64
48,C3,962,151,64
48,C3,1122,151,64
48,C3,1283,304,64
51,D#3,1604,304,64
55,G3,1925,304,64
55,G3,2245,304,64
55,G3,2566,456,64
55,G3,3048,151,64
53,F3,3208,320,64
56,G#3,3208,1122,64
60,C4,3208,1218,64
53,F3,3529,160,64
53,F3,3689,160,64
53,F3,3850,320,64
53,F3,4171,256,64
56,G#3,4331,151,64
60,C4,4491,151,64
60,C4,4652,151,64
55,G3,4812,320,64
55,G3,5133,481,64
55,G3,5614,151,64
48,C3,5775,304,64
48,C3,6096,304,64
48,C3,6417,304,64
51,D#3,6737,304,64
55,G3,7058,304,64
55,G3,7379,304,64
55,G3,7700,304,64
55,G3,8021,304,64
53,F3,8342,304,64
53,F3,8663,304,68
51,D#3,8983,151,72
51,D#3,9144,151,74
50,D3,9304,304,76
48,C3,9625,1218,80
56,G#3,10909,608,80
60,C4,10909,608,80
63,D#4,10909,608,80
60,C4,11550,456,80
56,G#3,12032,151,80
51,D#3,12192,151,80
55,G3,12192,151,80
58,A#3,12192,151,80
58,A#3,12352,151,80
55,G3,12513,304,80
55,G3,12834,456,80
55,G3,13315,151,80
53,F3,13475,304,80
56,G#3,13475,304,80
60,C4,13475,304,80
53,F3,13796,304,80
53,F3,14117,151,80
55,G3,14278,151,80
56,G#3,14438,304,80
60,C4,14759,304,80
63,D#4,14759,304,80
67,G4,14759,304,80
55,G3,15080,304,80
55,G3,15401,608,80
56,G#3,16042,608,80
60,C4,16042,608,80
63,D#4,16042,608,80
60,C4,16684,304,80
56,G#3,17005,151,80
56,G#3,17165,151,80
51,D#3,17326,151,80
55,G3,17326,151,80
58,A#3,17326,151,80
58,A#3,17486,151,80
55,G3,17647,304,80
55,G3,17967,304,80
55,G3,18288,304,80
53,F3,18609,304,80
56,G#3,18609,304,80
60,C4,18609,304,80
53,F3,18930,304,80
51,D#3,19251,304,80
55,G3,19251,304,80
50,D3,19572,304,80
48,C3,19893,1218,80
60,C4,19893,1218,80
51,D#3,21818,304,64
50,D3,22138,304,72
50,D3,22459,151,80
48,C3,22620,151,80
48,C3,22780,304,80
48,C3,23101,304,80
51,D#3,23422,304,80
55,G3,23743,304,80
55,G3,24064,304,80
55,G3,24384,304,80
55,G3,24705,304,80
56,G#3,25026,304,80
53,F3,25347,304,80
53,F3,25668,304,80
56,G#3,25989,304,80
60,C4,26310,304,80
55,G3,26630,304,80
55,G3,26951,456,80
55,G3,27433,151,80
48,C3,27593,304,80
48,C3,27914,304,80
48,C3,28235,304,80
51,D#3,28556,304,80
55,G3,28876,304,80
55,G3,29197,304,80
55,G3,29518,304,80
55,G3,29839,304,80
56,G#3,30160,304,80
53,F3,30481,304,80
51,D#3,30802,304,80
50,D3,31122,304,80
48,C3,31443,1218,80
56,G#3,32727,608,80
60,C4,32727,608,80
63,D#4,32727,608,80
60,C4,33368,456,80
56,G#3,33850,151,80
51,D#3,34010,151,80
55,G3,34010,151,80
58,A#3,34010,151,80
58,A#3,34171,151,80
55,G3,34331,304,80
55,G3,34652,456,80
55,G3,35133,151,80
53,F3,35294,304,80
56,G#3,35294,304,80
60,C4,35294,304,80
53,F3,35614,304,80
53,F3,35935,151,80
55,G3,36096,151,80
56,G#3,36256,304,80
60,C4,36577,304,80
63,D#4,36577,304,80
67,G4,36577,304,80
55,G3,36898,304,80
55,G3,37219,608,80
56,G#3,37860,608,80
60,C4,37860,608,80
63,D#4,37860,608,80
60,C4,38502,304,80
56,G#3,38823,151,80
56,G#3,38983,151,80
51,D#3,39144,151,80
55,G3,39144,151,80
58,A#3,39144,151,80
58,A#3,39304,151,80
55,G3,39465,304,80
55,G3,39786,304,80
55,G3,40106,304,80
53,F3,40427,304,80
56,G#3,40427,304,80
60,C4,40427,304,80
53,F3,40748,304,80
51,D#3,41069,304,80
55,G3,41069,304,80
50,D3,41390,304,80
48,C3,41711,1218,80
60,C4,41711,1218,80
48,C3,44277,304,54
48,C3,44598,151,55
48,C3,44759,160,56
51,D#3,45240,304,58
55,G3,45561,304,59
55,G3,45882,304,60
55,G3,46203,304,62
55,G3,46523,151,63
55,G3,46684,151,64
56,G#3,46844,304,64
53,F3,47165,304,65
53,F3,47486,304,67
56,G#3,47807,304,68
60,C4,48128,304,69
55,G3,48449,304,71
55,G3,48769,304,72
55,G3,49090,151,73
48,C3,49251,151,74
48,C3,49411,304,75
48,C3,49732,151,76
48,C3,49892,151,77
48,C3,50053,304,77
51,D#3,50374,304,79
55,G3,50695,304,80
55,G3,51015,304,81
55,G3,51336,304,82
55,G3,51657,304,84
53,F3,51978,213,102
56,G#3,51978,213,102
60,C4,51978,213,102
53,F3,52299,304,86
51,D#3,52620,213,105
55,G3,52620,213,105
58,A#3,52620,213,105
50,D3,52941,304,89
48,C3,53261,320,127
60,C4,53261,320,127
63,D#4,53582,320,127
67,G4,53903,320,127
70,A#4,54224,320,127
56,G#3,54545,641,127
60,C4,54545,641,127
63,D#4,54545,641,127
60,C4,55187,456,96
56,G#3,55668,151,96
51,D#3,55828,151,96
55,G3,55828,151,96
58,A#3,55828,151,96
58,A#3,55989,151,96
55,G3,56149,304,96
55,G3,56470,456,96
55,G3,56951,151,96
53,F3,57112,304,96
56,G#3,57112,304,96
60,C4,57112,304,96
53,F3,57433,304,96
53,F3,57753,151,96
55,G3,57914,151,96
56,G#3,58074,304,96
60,C4,58395,304,96
63,D#4,58395,304,96
67,G4,58395,304,96
55,G3,58716,304,96
55,G3,59037,608,96
56,G#3,59679,608,96
60,C4,59679,608,96
63,D#4,59679,608,96
60,C4,60320,304,96
56,G#3,60641,151,96
56,G#3,60802,151,96
51,D#3,60962,151,96
55,G3,60962,151,96
58,A#3,60962,151,96
58,A#3,61122,151,96
55,G3,61283,304,96
55,G3,61604,304,96
55,G3,61925,304,96
53,F3,62245,304,96
56,G#3,62245,304,96
60,C4,62245,304,96
53,F3,62566,304,96
51,D#3,62887,304,96
55,G3,62887,304,96
58,A#3,62887,304,96
50,D3,63208,304,96
48,C3,63529,304,96
60,C4,63529,304,96
63,D#4,63850,304,96
67,G4,64171,304,96
70,A#4,64491,304,96
56,G#3,64812,641,127
60,C4,64812,641,127
63,D#4,64812,641,127
60,C4,65454,456,96
56,G#3,65935,151,96
51,D#3,66096,151,96
55,G3,66096,151,96
58,A#3,66096,151,96
58,A#3,66256,151,96
55,G3,66416,304,96
55,G3,66737,456,96
55,G3,67219,151,96
53,F3,67379,304,96
56,G#3,67379,304,96
60,C4,67379,304,96
53,F3,67700,304,96
53,F3,68021,151,96
55,G3,68181,151,96
56,G#3,68342,304,96
60,C4,68662,304,96
63,D#4,68662,304,96
67,G4,68662,304,96
55,G3,68983,304,96
55,G3,69304,608,96
56,G#3,69946,608,96
60,C4,69946,608,96
63,D#4,69946,608,96
60,C4,70588,304,96
56,G#3,70908,151,96
56,G#3,71069,151,96
51,D#3,71229,151,96
55,G3,71229,151,96
58,A#3,71229,151,96
58,A#3,71390,151,96
55,G3,71550,304,96
55,G3,71871,304,96
55,G3,72192,304,96
53,F3,72513,334,96
56,G#3,72513,334,96
60,C4,72513,334,96
53,F3,72866,334,96
51,D#3,73219,473,96
55,G3,73219,473,96
50,D3,73719,631,96
48,C3,74385,2531,96
60,C4,74385,2531,96
--end--
36,C2,641,1218,64
43,G2,641,1218,64
48,C3,1925,1218,64
51,D#3,1925,1218,64
48,C3,3208,1218,64
48,C3,4491,1218,64
51,D#3,4491,1218,64
55,G3,4491,320,64
36,C2,5775,1218,64
43,G2,5775,1218,64
48,C3,7058,1218,64
51,D#3,7058,1218,64
41,F2,8342,608,64
39,D#2,8983,304,72
46,A#2,8983,304,72
41,F2,9304,304,76
48,C3,9304,304,76
36,C2,9625,456,80
43,G2,9625,456,80
36,C2,10106,151,80
36,C2,10267,429,96
43,G2,10267,429,96
44,G#2,10909,456,80
44,G#2,11390,151,80
56,G#3,11550,304,80
44,G#2,11871,304,80
39,D#2,12192,456,80
39,D#2,12673,151,80
51,D#3,12834,304,80
39,D#2,13155,304,80
41,F2,13475,456,80
41,F2,13957,151,80
41,F2,14117,304,80
41,F2,14438,304,80
36,C2,14759,456,80
36,C2,15240,151,80
48,C3,15401,304,80
36,C2,15721,304,80
44,G#2,16042,456,80
44,G#2,16524,151,80
56,G#3,16684,304,80
44,G#2,17005,304,80
39,D#2,17326,456,80
39,D#2,17807,151,80
51,D#3,17967,304,80
39,D#2,18288,304,80
41,F2,18609,608,80
39,D#2,19251,304,80
38,D2,19572,304,80
36,C2,19893,1218,80
43,G2,19893,1218,80
43,G2,21176,304,49
41,F2,21497,304,56
39,D#2,21818,304,64
38,D2,22138,304,72
36,C2,22459,913,80
43,G2,22459,913,80
36,C2,23422,304,80
43,G2,23422,304,80
43,G2,23743,913,80
48,C3,23743,913,80
43,G2,24705,151,80
48,C3,24705,151,80
43,G2,24866,151,80
48,C3,24866,151,80
41,F2,25026,913,80
48,C3,25026,913,80
41,F2,25989,304,80
48,C3,25989,304,80
36,C2,26310,913,80
43,G2,26310,913,80
36,C2,27272,151,80
43,G2,27272,151,80
36,C2,27433,151,80
43,G2,27433,151,80
36,C2,27593,913,80
43,G2,27593,913,80
36,C2,28556,304,80
43,G2,28556,304,80
36,C2,28876,913,80
43,G2,28876,913,80
36,C2,29839,151,80
43,G2,29839,151,80
36,C2,29999,151,80
43,G2,29999,151,80
44,G#2,30160,304,80
41,F2,30481,304,80
39,D#2,30802,304,80
38,D2,31122,304,80
36,C2,31443,456,80
43,G2,31443,456,80
36,C2,31925,151,80
36,C2,32085,429,96
43,G2,32085,429,96
44,G#2,32727,456,80
44,G#2,33208,151,80
56,G#3,33368,304,80
44,G#2,33689,304,80
39,D#2,34010,456,80
39,D#2,34491,151,80
51,D#3,34652,304,80
39,D#2,34973,304,80
41,F2,35294,456,80
41,F2,35775,151,80
41,F2,35935,304,80
41,F2,36256,304,80
36,C2,36577,456,80
36,C2,37058,151,80
48,C3,37219,304,80
36,C2,37540,304,80
44,G#2,37860,456,80
44,G#2,38342,151,80
56,G#3,38502,304,80
44,G#2,38823,304,80
39,D#2,39144,456,80
39,D#2,39625,151,80
51,D#3,39786,304,80
39,D#2,40106,304,80
41,F2,40427,608,80
39,D#2,41069,304,80
38,D2,41390,304,80
36,C2,41711,1218,80
43,G2,41711,1218,80
36,C2,42994,304,49
36,C2,43315,304,50
39,D#2,43636,304,51
41,F2,43957,304,52
36,C2,44277,456,54
36,C2,44759,151,56
48,C3,44919,304,56
36,C2,45240,304,58
36,C2,45561,456,59
36,C2,46042,151,61
48,C3,46203,304,62
36,C2,46523,304,63
41,F2,46844,456,64
41,F2,47326,151,66
41,F2,47486,304,67
41,F2,47807,304,68
36,C2,48128,456,69
36,C2,48609,151,71
48,C3,48769,304,72
36,C2,49090,304,73
36,C2,49411,1218,75
39,D#2,49411,1218,75
43,G2,49411,1218,75
36,C2,50695,1218,80
39,D#2,50695,1218,80
43,G2,50695,1218,80
44,G#2,51978,304,85
41,F2,52299,304,86
39,D#2,52620,304,88
38,D2,52941,304,89
36,C2,53261,456,90
43,G2,53261,456,90
36,C2,53743,151,92
36,C2,53903,213,111
43,G2,53903,213,111
24,C1,54224,304,94
36,C2,54224,304,94
32,G#1,54545,456,96
44,G#2,54545,456,96
44,G#2,55026,151,96
56,G#3,55187,304,96
44,G#2,55507,304,96
27,D#1,55828,456,96
39,D#2,55828,456,96
39,D#2,56310,151,96
51,D#3,56470,304,96
39,D#2,56791,304,96
29,F1,57112,456,96
41,F2,57112,456,96
41,F2,57593,151,96
41,F2,57753,304,96
41,F2,58074,304,96
24,C1,58395,456,96
36,C2,58395,456,96
36,C2,58876,151,96
48,C3,59037,304,96
36,C2,59358,304,96
32,G#1,59679,456,96
44,G#2,59679,456,96
44,G#2,60160,151,96
56,G#3,60320,304,96
44,G#2,60641,304,96
27,D#1,60962,456,96
39,D#2,60962,456,96
39,D#2,61443,151,96
51,D#3,61604,304,96
39,D#2,61925,304,96
29,F1,62245,608,96
41,F2,62245,608,96
27,D#1,62887,304,96
39,D#2,62887,304,96
26,D1,63208,304,96
38,D2,63208,304,96
36,C2,63529,456,96
43,G2,63529,456,96
36,C2,64010,151,96
36,C2,64171,213,115
43,G2,64171,213,115
24,C1,64491,304,96
36,C2,64491,304,96
32,G#1,64812,456,96
44,G#2,64812,456,96
44,G#2,65293,151,96
56,G#3,65454,304,96
44,G#2,65775,304,96
27,D#1,66096,456,96
39,D#2,66096,456,96
39,D#2,66577,151,96
51,D#3,66737,304,96
39,D#2,67058,304,96
29,F1,67379,456,96
41,F2,67379,456,96
41,F2,67860,151,96
41,F2,68021,304,96
41,F2,68342,304,96
24,C1,68662,456,96
36,C2,68662,456,96
36,C2,69144,151,96
48,C3,69304,304,96
36,C2,69625,304,96
32,G#1,69946,456,96
44,G#2,69946,456,96
44,G#2,70427,151,96
56,G#3,70588,304,96
44,G#2,70908,304,96
27,D#1,71229,456,96
39,D#2,71229,456,96
39,D#2,71711,151,96
51,D#3,71871,304,96
39,D#2,72192,304,96
41,F2,72513,669,96
39,D#2,73219,473,96
38,D2,73719,631,96
36,C2,74385,2531,96
43,G2,74385,2531,96